
 Phase Region for:
     FCC_A1#1                      
 col-1=X(C), col-2=X(CU), col-3=X(FE), col-4=X(MN), col-5=X(SI), col-6=MU(C), col-7=MU(CU), col-8=MU(FE), col-9=MU(MN), col-10=MU(SI),
   9.72763E-03   4.19355E-03   9.28954E-01   1.56494E-03   5.55602E-02   1.38094E+04  -1.34193E+04  -1.60437E+04  -5.90641E+04  -1.29284E+05
   1.07276E-02   4.18932E-03   9.28016E-01   1.56336E-03   5.55041E-02   1.43510E+04  -1.33462E+04  -1.60563E+04  -5.91160E+04  -1.29177E+05
   1.17276E-02   4.18508E-03   9.27078E-01   1.56178E-03   5.54480E-02   1.48511E+04  -1.32733E+04  -1.60690E+04  -5.91681E+04  -1.29070E+05
   1.27276E-02   4.18085E-03   9.26139E-01   1.56020E-03   5.53919E-02   1.53166E+04  -1.32007E+04  -1.60818E+04  -5.92203E+04  -1.28963E+05
   1.37276E-02   4.17661E-03   9.25201E-01   1.55862E-03   5.53358E-02   1.57527E+04  -1.31284E+04  -1.60947E+04  -5.92727E+04  -1.28856E+05
   1.47276E-02   4.17238E-03   9.24263E-01   1.55704E-03   5.52797E-02   1.61636E+04  -1.30562E+04  -1.61077E+04  -5.93252E+04  -1.28749E+05
   1.57276E-02   4.16814E-03   9.23325E-01   1.55546E-03   5.52236E-02   1.65527E+04  -1.29844E+04  -1.61207E+04  -5.93779E+04  -1.28641E+05
   1.67276E-02   4.16391E-03   9.22387E-01   1.55388E-03   5.51675E-02   1.69226E+04  -1.29128E+04  -1.61339E+04  -5.94308E+04  -1.28534E+05
   1.77276E-02   4.15967E-03   9.21449E-01   1.55230E-03   5.51114E-02   1.72756E+04  -1.28414E+04  -1.61472E+04  -5.94838E+04  -1.28426E+05
   1.87276E-02   4.15544E-03   9.20511E-01   1.55071E-03   5.50553E-02   1.76135E+04  -1.27703E+04  -1.61605E+04  -5.95370E+04  -1.28318E+05
   1.97276E-02   4.15120E-03   9.19573E-01   1.54913E-03   5.49992E-02   1.79380E+04  -1.26994E+04  -1.61740E+04  -5.95903E+04  -1.28211E+05
   2.07276E-02   4.14697E-03   9.18635E-01   1.54755E-03   5.49431E-02   1.82504E+04  -1.26289E+04  -1.61875E+04  -5.96438E+04  -1.28103E+05
   2.17276E-02   4.14273E-03   9.17697E-01   1.54597E-03   5.48869E-02   1.85519E+04  -1.25585E+04  -1.62012E+04  -5.96975E+04  -1.27995E+05
   2.27276E-02   4.13850E-03   9.16759E-01   1.54439E-03   5.48308E-02   1.88434E+04  -1.24885E+04  -1.62149E+04  -5.97513E+04  -1.27887E+05
   2.37276E-02   4.13426E-03   9.15821E-01   1.54281E-03   5.47747E-02   1.91259E+04  -1.24187E+04  -1.62288E+04  -5.98053E+04  -1.27779E+05
   2.47276E-02   4.13003E-03   9.14882E-01   1.54123E-03   5.47186E-02   1.94000E+04  -1.23491E+04  -1.62427E+04  -5.98595E+04  -1.27671E+05
   2.57276E-02   4.12579E-03   9.13944E-01   1.53965E-03   5.46625E-02   1.96665E+04  -1.22799E+04  -1.62568E+04  -5.99138E+04  -1.27563E+05
   2.67276E-02   4.12156E-03   9.13006E-01   1.53807E-03   5.46064E-02   1.99259E+04  -1.22109E+04  -1.62709E+04  -5.99683E+04  -1.27454E+05
   2.77276E-02   4.11733E-03   9.12068E-01   1.53649E-03   5.45503E-02   2.01789E+04  -1.21422E+04  -1.62851E+04  -6.00230E+04  -1.27346E+05
   2.87276E-02   4.11309E-03   9.11130E-01   1.53491E-03   5.44942E-02   2.04257E+04  -1.20738E+04  -1.62995E+04  -6.00778E+04  -1.27238E+05
   2.97276E-02   4.10886E-03   9.10192E-01   1.53333E-03   5.44381E-02   2.06670E+04  -1.20056E+04  -1.63139E+04  -6.01328E+04  -1.27129E+05
   3.07276E-02   4.10462E-03   9.09254E-01   1.53175E-03   5.43820E-02   2.09030E+04  -1.19377E+04  -1.63285E+04  -6.01880E+04  -1.27021E+05
   3.17276E-02   4.10039E-03   9.08316E-01   1.53017E-03   5.43259E-02   2.11342E+04  -1.18701E+04  -1.63431E+04  -6.02434E+04  -1.26912E+05
   3.27276E-02   4.09615E-03   9.07378E-01   1.52859E-03   5.42698E-02   2.13608E+04  -1.18028E+04  -1.63579E+04  -6.02989E+04  -1.26803E+05
   3.37276E-02   4.09192E-03   9.06440E-01   1.52701E-03   5.42137E-02   2.15831E+04  -1.17358E+04  -1.63727E+04  -6.03546E+04  -1.26695E+05
   3.47276E-02   4.08768E-03   9.05502E-01   1.52543E-03   5.41576E-02   2.18013E+04  -1.16691E+04  -1.63877E+04  -6.04105E+04  -1.26586E+05
   3.57276E-02   4.08345E-03   9.04564E-01   1.52385E-03   5.41015E-02   2.20158E+04  -1.16027E+04  -1.64028E+04  -6.04665E+04  -1.26477E+05
   3.67276E-02   4.07921E-03   9.03626E-01   1.52227E-03   5.40454E-02   2.22267E+04  -1.15365E+04  -1.64179E+04  -6.05227E+04  -1.26368E+05
   3.77276E-02   4.07498E-03   9.02687E-01   1.52069E-03   5.39893E-02   2.24342E+04  -1.14707E+04  -1.64332E+04  -6.05791E+04  -1.26259E+05
   3.87276E-02   4.07074E-03   9.01749E-01   1.51911E-03   5.39331E-02   2.26386E+04  -1.14051E+04  -1.64486E+04  -6.06357E+04  -1.26150E+05
   3.97276E-02   4.06651E-03   9.00811E-01   1.51753E-03   5.38770E-02   2.28399E+04  -1.13399E+04  -1.64641E+04  -6.06925E+04  -1.26041E+05
   4.07276E-02   4.06227E-03   8.99873E-01   1.51595E-03   5.38209E-02   2.30384E+04  -1.12749E+04  -1.64797E+04  -6.07494E+04  -1.25931E+05
   4.17276E-02   4.05804E-03   8.98935E-01   1.51437E-03   5.37648E-02   2.32342E+04  -1.12103E+04  -1.64954E+04  -6.08065E+04  -1.25822E+05
   4.27276E-02   4.05380E-03   8.97997E-01   1.51279E-03   5.37087E-02   2.34274E+04  -1.11460E+04  -1.65112E+04  -6.08638E+04  -1.25713E+05
   4.37276E-02   4.04957E-03   8.97059E-01   1.51121E-03   5.36526E-02   2.36182E+04  -1.10820E+04  -1.65272E+04  -6.09213E+04  -1.25603E+05
   4.47276E-02   4.04533E-03   8.96121E-01   1.50963E-03   5.35965E-02   2.38066E+04  -1.10183E+04  -1.65432E+04  -6.09789E+04  -1.25494E+05
   4.57276E-02   4.04110E-03   8.95183E-01   1.50805E-03   5.35404E-02   2.39928E+04  -1.09549E+04  -1.65593E+04  -6.10367E+04  -1.25384E+05
   4.67276E-02   4.03687E-03   8.94245E-01   1.50647E-03   5.34843E-02   2.41770E+04  -1.08918E+04  -1.65756E+04  -6.10948E+04  -1.25274E+05
   4.77276E-02   4.03263E-03   8.93307E-01   1.50489E-03   5.34282E-02   2.43591E+04  -1.08291E+04  -1.65920E+04  -6.11530E+04  -1.25165E+05
   4.87276E-02   4.02840E-03   8.92369E-01   1.50331E-03   5.33721E-02   2.45393E+04  -1.07666E+04  -1.66085E+04  -6.12113E+04  -1.25055E+05
   4.97276E-02   4.02416E-03   8.91431E-01   1.50173E-03   5.33160E-02   2.47176E+04  -1.07045E+04  -1.66251E+04  -6.12699E+04  -1.24945E+05
   5.07276E-02   4.01993E-03   8.90492E-01   1.50014E-03   5.32599E-02   2.48942E+04  -1.06428E+04  -1.66418E+04  -6.13287E+04  -1.24835E+05
   5.17276E-02   4.01569E-03   8.89554E-01   1.49856E-03   5.32038E-02   2.50692E+04  -1.05813E+04  -1.66586E+04  -6.13876E+04  -1.24725E+05
   5.27276E-02   4.01146E-03   8.88616E-01   1.49698E-03   5.31477E-02   2.52420E+04  -1.05202E+04  -1.66755E+04  -6.14462E+04  -1.24615E+05
   5.37276E-02   4.00722E-03   8.87678E-01   1.49540E-03   5.30916E-02   2.54136E+04  -1.04594E+04  -1.66926E+04  -6.15053E+04  -1.24505E+05
   5.47276E-02   4.00299E-03   8.86740E-01   1.49382E-03   5.30354E-02   2.55837E+04  -1.03989E+04  -1.67097E+04  -6.15646E+04  -1.24394E+05
   5.57276E-02   3.99875E-03   8.85802E-01   1.49224E-03   5.29793E-02   2.57523E+04  -1.03388E+04  -1.67270E+04  -6.16240E+04  -1.24284E+05
   5.67276E-02   3.99452E-03   8.84864E-01   1.49066E-03   5.29232E-02   2.59195E+04  -1.02791E+04  -1.67444E+04  -6.16835E+04  -1.24174E+05
   5.77276E-02   3.99028E-03   8.83926E-01   1.48908E-03   5.28671E-02   2.60854E+04  -1.02196E+04  -1.67619E+04  -6.17431E+04  -1.24063E+05
   5.87276E-02   3.98605E-03   8.82988E-01   1.48750E-03   5.28110E-02   2.62499E+04  -1.01605E+04  -1.67795E+04  -6.18029E+04  -1.23953E+05
   5.97276E-02   3.98181E-03   8.82050E-01   1.48592E-03   5.27549E-02   2.64132E+04  -1.01018E+04  -1.67972E+04  -6.18628E+04  -1.23842E+05
   6.07276E-02   3.97758E-03   8.81112E-01   1.48434E-03   5.26988E-02   2.65752E+04  -1.00434E+04  -1.68151E+04  -6.19227E+04  -1.23732E+05
   6.17276E-02   3.97334E-03   8.80174E-01   1.48276E-03   5.26427E-02   2.67360E+04  -9.98529E+03  -1.68331E+04  -6.19828E+04  -1.23621E+05
   6.27276E-02   3.96911E-03   8.79235E-01   1.48118E-03   5.25866E-02   2.68956E+04  -9.92758E+03  -1.68511E+04  -6.20429E+04  -1.23510E+05
   6.37276E-02   3.96487E-03   8.78297E-01   1.47960E-03   5.25305E-02   2.70541E+04  -9.87021E+03  -1.68693E+04  -6.21031E+04  -1.23399E+05
   6.47276E-02   3.96064E-03   8.77359E-01   1.47802E-03   5.24744E-02   2.72115E+04  -9.81319E+03  -1.68876E+04  -6.21634E+04  -1.23288E+05
   6.57276E-02   3.95641E-03   8.76421E-01   1.47644E-03   5.24183E-02   2.73679E+04  -9.75652E+03  -1.69061E+04  -6.22236E+04  -1.23177E+05
   6.67276E-02   3.95217E-03   8.75483E-01   1.47486E-03   5.23622E-02   2.75231E+04  -9.70020E+03  -1.69246E+04  -6.22840E+04  -1.23066E+05
   6.77276E-02   3.94794E-03   8.74545E-01   1.47328E-03   5.23061E-02   2.76773E+04  -9.64424E+03  -1.69433E+04  -6.23443E+04  -1.22955E+05
   6.87276E-02   3.94370E-03   8.73607E-01   1.47170E-03   5.22500E-02   2.78306E+04  -9.58862E+03  -1.69620E+04  -6.24047E+04  -1.22843E+05
   6.97276E-02   3.93947E-03   8.72669E-01   1.47012E-03   5.21939E-02   2.79828E+04  -9.53336E+03  -1.69809E+04  -6.24650E+04  -1.22732E+05
   7.07276E-02   3.93523E-03   8.71731E-01   1.46854E-03   5.21378E-02   2.81341E+04  -9.47846E+03  -1.69999E+04  -6.25254E+04  -1.22621E+05
   7.17276E-02   3.93100E-03   8.70793E-01   1.46696E-03   5.20816E-02   2.82844E+04  -9.42391E+03  -1.70190E+04  -6.25857E+04  -1.22509E+05
   7.27276E-02   3.92676E-03   8.69855E-01   1.46538E-03   5.20255E-02   2.84338E+04  -9.36971E+03  -1.70382E+04  -6.26460E+04  -1.22397E+05
   7.37276E-02   3.92253E-03   8.68917E-01   1.46380E-03   5.19694E-02   2.85822E+04  -9.31587E+03  -1.70575E+04  -6.27062E+04  -1.22286E+05
   7.47276E-02   3.91829E-03   8.67979E-01   1.46222E-03   5.19133E-02   2.87298E+04  -9.26239E+03  -1.70770E+04  -6.27663E+04  -1.22174E+05
   7.57276E-02   3.91406E-03   8.67040E-01   1.46064E-03   5.18572E-02   2.88765E+04  -9.20926E+03  -1.70965E+04  -6.28264E+04  -1.22062E+05
   7.67276E-02   3.90982E-03   8.66102E-01   1.45906E-03   5.18011E-02   2.90223E+04  -9.15648E+03  -1.71162E+04  -6.28863E+04  -1.21950E+05
   7.77276E-02   3.90559E-03   8.65164E-01   1.45748E-03   5.17450E-02   2.91672E+04  -9.10407E+03  -1.71360E+04  -6.29461E+04  -1.21838E+05
   7.87276E-02   3.90135E-03   8.64226E-01   1.45590E-03   5.16889E-02   2.93112E+04  -9.05200E+03  -1.71558E+04  -6.30058E+04  -1.21726E+05
   7.97276E-02   3.89712E-03   8.63288E-01   1.45432E-03   5.16328E-02   2.94545E+04  -9.00029E+03  -1.71758E+04  -6.30654E+04  -1.21613E+05
   8.07276E-02   3.89288E-03   8.62350E-01   1.45274E-03   5.15767E-02   2.95968E+04  -8.94893E+03  -1.71959E+04  -6.31247E+04  -1.21501E+05
   8.17276E-02   3.88865E-03   8.61412E-01   1.45116E-03   5.15206E-02   2.97384E+04  -8.89793E+03  -1.72161E+04  -6.31839E+04  -1.21388E+05
   8.27276E-02   3.88441E-03   8.60474E-01   1.44957E-03   5.14645E-02   2.98791E+04  -8.84727E+03  -1.72364E+04  -6.32429E+04  -1.21276E+05
   8.37276E-02   3.88018E-03   8.59536E-01   1.44799E-03   5.14084E-02   3.00190E+04  -8.79697E+03  -1.72568E+04  -6.33016E+04  -1.21163E+05
   8.47276E-02   3.87594E-03   8.58598E-01   1.44641E-03   5.13523E-02   3.01580E+04  -8.74702E+03  -1.72774E+04  -6.33601E+04  -1.21050E+05
   8.57276E-02   3.87171E-03   8.57660E-01   1.44483E-03   5.12962E-02   3.02963E+04  -8.69741E+03  -1.72980E+04  -6.34184E+04  -1.20937E+05
   8.67276E-02   3.86748E-03   8.56722E-01   1.44325E-03   5.12401E-02   3.04338E+04  -8.64816E+03  -1.73187E+04  -6.34764E+04  -1.20824E+05
   8.77276E-02   3.86324E-03   8.55784E-01   1.44167E-03   5.11840E-02   3.05704E+04  -8.59924E+03  -1.73395E+04  -6.35341E+04  -1.20710E+05
   8.87276E-02   3.85901E-03   8.54845E-01   1.44009E-03   5.11278E-02   3.07063E+04  -8.55068E+03  -1.73605E+04  -6.35914E+04  -1.20597E+05
   8.97276E-02   3.85477E-03   8.53907E-01   1.43851E-03   5.10717E-02   3.08413E+04  -8.50245E+03  -1.73815E+04  -6.36485E+04  -1.20483E+05
   9.07276E-02   3.85054E-03   8.52969E-01   1.43693E-03   5.10156E-02   3.09756E+04  -8.45457E+03  -1.74026E+04  -6.37051E+04  -1.20369E+05
   9.17276E-02   3.84630E-03   8.52031E-01   1.43535E-03   5.09595E-02   3.11091E+04  -8.40702E+03  -1.74238E+04  -6.37614E+04  -1.20255E+05
   9.27276E-02   3.84207E-03   8.51093E-01   1.43377E-03   5.09034E-02   3.12417E+04  -8.35981E+03  -1.74451E+04  -6.38173E+04  -1.20141E+05
   9.37276E-02   3.83783E-03   8.50155E-01   1.43219E-03   5.08473E-02   3.13736E+04  -8.31294E+03  -1.74665E+04  -6.38728E+04  -1.20027E+05
   9.47276E-02   3.83360E-03   8.49217E-01   1.43061E-03   5.07912E-02   3.15047E+04  -8.26639E+03  -1.74880E+04  -6.39278E+04  -1.19913E+05
   9.57276E-02   3.82936E-03   8.48279E-01   1.42903E-03   5.07351E-02   3.16350E+04  -8.22018E+03  -1.75096E+04  -6.39824E+04  -1.19798E+05
   9.67276E-02   3.82513E-03   8.47341E-01   1.42745E-03   5.06790E-02   3.17645E+04  -8.17429E+03  -1.75313E+04  -6.40365E+04  -1.19683E+05
   9.77276E-02   3.82089E-03   8.46403E-01   1.42587E-03   5.06229E-02   3.18933E+04  -8.12873E+03  -1.75531E+04  -6.40901E+04  -1.19568E+05
   9.87276E-02   3.81666E-03   8.45465E-01   1.42429E-03   5.05668E-02   3.20212E+04  -8.08349E+03  -1.75749E+04  -6.41432E+04  -1.19453E+05
   9.97276E-02   3.81242E-03   8.44527E-01   1.42271E-03   5.05107E-02   3.21483E+04  -8.03856E+03  -1.75969E+04  -6.41958E+04  -1.19338E+05
   1.00728E-01   3.80819E-03   8.43588E-01   1.42113E-03   5.04546E-02   3.22747E+04  -7.99395E+03  -1.76189E+04  -6.42477E+04  -1.19222E+05
   1.01728E-01   3.80395E-03   8.42650E-01   1.41955E-03   5.03985E-02   3.24003E+04  -7.94966E+03  -1.76410E+04  -6.42991E+04  -1.19106E+05
   1.02728E-01   3.79972E-03   8.41712E-01   1.41797E-03   5.03424E-02   3.25250E+04  -7.90567E+03  -1.76632E+04  -6.43499E+04  -1.18990E+05
   1.03728E-01   3.79548E-03   8.40774E-01   1.41639E-03   5.02863E-02   3.26490E+04  -7.86199E+03  -1.76855E+04  -6.44000E+04  -1.18874E+05
   1.04728E-01   3.79125E-03   8.39836E-01   1.41481E-03   5.02301E-02   3.27722E+04  -7.81860E+03  -1.77078E+04  -6.44495E+04  -1.18758E+05
   1.05728E-01   3.78702E-03   8.38898E-01   1.41323E-03   5.01740E-02   3.28945E+04  -7.77552E+03  -1.77303E+04  -6.44983E+04  -1.18641E+05
   1.06728E-01   3.78278E-03   8.37960E-01   1.41165E-03   5.01179E-02   3.30161E+04  -7.73273E+03  -1.77528E+04  -6.45464E+04  -1.18524E+05
   1.07728E-01   3.77855E-03   8.37022E-01   1.41007E-03   5.00618E-02   3.31369E+04  -7.69023E+03  -1.77754E+04  -6.45937E+04  -1.18407E+05
   1.08728E-01   3.77431E-03   8.36084E-01   1.40849E-03   5.00057E-02   3.32569E+04  -7.64802E+03  -1.77980E+04  -6.46403E+04  -1.18289E+05
   1.09728E-01   3.77008E-03   8.35146E-01   1.40691E-03   4.99496E-02   3.33760E+04  -7.60609E+03  -1.78208E+04  -6.46862E+04  -1.18172E+05
   1.10728E-01   3.76584E-03   8.34208E-01   1.40533E-03   4.98935E-02   3.34944E+04  -7.56444E+03  -1.78436E+04  -6.47312E+04  -1.18054E+05
   1.11728E-01   3.76161E-03   8.33270E-01   1.40375E-03   4.98374E-02   3.36120E+04  -7.52306E+03  -1.78664E+04  -6.47754E+04  -1.17936E+05
   1.12728E-01   3.75737E-03   8.32332E-01   1.40217E-03   4.97813E-02   3.37287E+04  -7.48195E+03  -1.78894E+04  -6.48188E+04  -1.17817E+05
   1.13728E-01   3.75314E-03   8.31393E-01   1.40059E-03   4.97252E-02   3.38446E+04  -7.44110E+03  -1.79124E+04  -6.48613E+04  -1.17698E+05
   1.14728E-01   3.74890E-03   8.30455E-01   1.39900E-03   4.96691E-02   3.39597E+04  -7.40051E+03  -1.79354E+04  -6.49029E+04  -1.17579E+05
   1.15728E-01   3.74467E-03   8.29517E-01   1.39742E-03   4.96130E-02   3.40740E+04  -7.36018E+03  -1.79585E+04  -6.49436E+04  -1.17460E+05
   1.16728E-01   3.74043E-03   8.28579E-01   1.39584E-03   4.95569E-02   3.41875E+04  -7.32010E+03  -1.79817E+04  -6.49833E+04  -1.17340E+05
   1.17728E-01   3.73620E-03   8.27641E-01   1.39426E-03   4.95008E-02   3.43002E+04  -7.28026E+03  -1.80050E+04  -6.50221E+04  -1.17220E+05
   1.18728E-01   3.73196E-03   8.26703E-01   1.39268E-03   4.94447E-02   3.44120E+04  -7.24066E+03  -1.80283E+04  -6.50599E+04  -1.17099E+05
   1.19728E-01   3.72773E-03   8.25765E-01   1.39110E-03   4.93886E-02   3.45230E+04  -7.20130E+03  -1.80516E+04  -6.50966E+04  -1.16978E+05
   1.20728E-01   3.72349E-03   8.24827E-01   1.38952E-03   4.93325E-02   3.46332E+04  -7.16216E+03  -1.80750E+04  -6.51323E+04  -1.16857E+05
   1.21728E-01   3.71926E-03   8.23889E-01   1.38794E-03   4.92763E-02   3.47425E+04  -7.12325E+03  -1.80985E+04  -6.51669E+04  -1.16736E+05
   1.22728E-01   3.71502E-03   8.22951E-01   1.38636E-03   4.92202E-02   3.48510E+04  -7.08455E+03  -1.81220E+04  -6.52004E+04  -1.16614E+05
   1.23728E-01   3.71079E-03   8.22013E-01   1.38478E-03   4.91641E-02   3.49587E+04  -7.04606E+03  -1.81456E+04  -6.52328E+04  -1.16492E+05
   1.24728E-01   3.70656E-03   8.21075E-01   1.38320E-03   4.91080E-02   3.50655E+04  -7.00777E+03  -1.81692E+04  -6.52640E+04  -1.16369E+05
   1.25728E-01   3.70232E-03   8.20137E-01   1.38162E-03   4.90519E-02   3.51714E+04  -6.96968E+03  -1.81928E+04  -6.52940E+04  -1.16246E+05
   1.26728E-01   3.69809E-03   8.19198E-01   1.38004E-03   4.89958E-02   3.52765E+04  -6.93178E+03  -1.82165E+04  -6.53228E+04  -1.16123E+05
   1.27728E-01   3.69385E-03   8.18260E-01   1.37846E-03   4.89397E-02   3.53807E+04  -6.89406E+03  -1.82403E+04  -6.53504E+04  -1.15999E+05
   1.28728E-01   3.68962E-03   8.17322E-01   1.37688E-03   4.88836E-02   3.54841E+04  -6.85652E+03  -1.82640E+04  -6.53766E+04  -1.15874E+05
   1.29728E-01   3.68538E-03   8.16384E-01   1.37530E-03   4.88275E-02   3.55866E+04  -6.81914E+03  -1.82878E+04  -6.54015E+04  -1.15750E+05
   1.30728E-01   3.68115E-03   8.15446E-01   1.37372E-03   4.87714E-02   3.56882E+04  -6.78192E+03  -1.83117E+04  -6.54251E+04  -1.15624E+05
   1.31728E-01   3.67691E-03   8.14508E-01   1.37214E-03   4.87153E-02   3.57889E+04  -6.74484E+03  -1.83355E+04  -6.54472E+04  -1.15499E+05
   1.32728E-01   3.67268E-03   8.13570E-01   1.37056E-03   4.86592E-02   3.58888E+04  -6.70791E+03  -1.83594E+04  -6.54680E+04  -1.15373E+05
   1.33728E-01   3.66844E-03   8.12632E-01   1.36898E-03   4.86031E-02   3.59877E+04  -6.67110E+03  -1.83833E+04  -6.54872E+04  -1.15246E+05
   1.34728E-01   3.66421E-03   8.11694E-01   1.36740E-03   4.85470E-02   3.60856E+04  -6.63441E+03  -1.84073E+04  -6.55048E+04  -1.15119E+05
   1.35728E-01   3.65997E-03   8.10756E-01   1.36582E-03   4.84909E-02   3.61827E+04  -6.59783E+03  -1.84312E+04  -6.55209E+04  -1.14991E+05
   1.36728E-01   3.65574E-03   8.09818E-01   1.36424E-03   4.84348E-02   3.62787E+04  -6.56134E+03  -1.84552E+04  -6.55354E+04  -1.14863E+05
   1.37728E-01   3.65150E-03   8.08880E-01   1.36266E-03   4.83787E-02   3.63738E+04  -6.52493E+03  -1.84791E+04  -6.55482E+04  -1.14734E+05
   1.38728E-01   3.64727E-03   8.07941E-01   1.36108E-03   4.83225E-02   3.64679E+04  -6.48858E+03  -1.85031E+04  -6.55592E+04  -1.14605E+05
   1.39728E-01   3.64303E-03   8.07003E-01   1.35950E-03   4.82664E-02   3.65610E+04  -6.45229E+03  -1.85271E+04  -6.55683E+04  -1.14475E+05
   1.40728E-01   3.63880E-03   8.06065E-01   1.35792E-03   4.82103E-02   3.66530E+04  -6.41602E+03  -1.85511E+04  -6.55756E+04  -1.14344E+05
   1.41728E-01   3.63456E-03   8.05127E-01   1.35634E-03   4.81542E-02   3.67440E+04  -6.37976E+03  -1.85750E+04  -6.55809E+04  -1.14213E+05
   1.42728E-01   3.63033E-03   8.04189E-01   1.35476E-03   4.80981E-02   3.68338E+04  -6.34350E+03  -1.85989E+04  -6.55841E+04  -1.14081E+05
   1.43728E-01   3.62609E-03   8.03251E-01   1.35318E-03   4.80420E-02   3.69225E+04  -6.30720E+03  -1.86228E+04  -6.55852E+04  -1.13948E+05
   1.44728E-01   3.62186E-03   8.02313E-01   1.35160E-03   4.79859E-02   3.70099E+04  -6.27085E+03  -1.86467E+04  -6.55840E+04  -1.13815E+05
   1.45728E-01   3.61763E-03   8.01375E-01   1.35002E-03   4.79298E-02   3.70962E+04  -6.23440E+03  -1.86705E+04  -6.55804E+04  -1.13681E+05
   1.46728E-01   3.61339E-03   8.00437E-01   1.34844E-03   4.78737E-02   3.71811E+04  -6.19784E+03  -1.86942E+04  -6.55743E+04  -1.13546E+05
   1.47728E-01   3.60916E-03   7.99499E-01   1.34685E-03   4.78176E-02   3.72646E+04  -6.16112E+03  -1.87179E+04  -6.55655E+04  -1.13410E+05
   1.48728E-01   3.60492E-03   7.98561E-01   1.34527E-03   4.77615E-02   3.73466E+04  -6.12421E+03  -1.87415E+04  -6.55539E+04  -1.13274E+05
   1.49728E-01   3.60069E-03   7.97623E-01   1.34369E-03   4.77054E-02   3.74271E+04  -6.08706E+03  -1.87649E+04  -6.55393E+04  -1.13136E+05
   1.50728E-01   3.59645E-03   7.96685E-01   1.34211E-03   4.76493E-02   3.75060E+04  -6.04962E+03  -1.87883E+04  -6.55215E+04  -1.12998E+05
   1.51728E-01   3.59222E-03   7.95746E-01   1.34053E-03   4.75932E-02   3.75831E+04  -6.01183E+03  -1.88115E+04  -6.55002E+04  -1.12858E+05
   1.52728E-01   3.58798E-03   7.94808E-01   1.33895E-03   4.75371E-02   3.76583E+04  -5.97364E+03  -1.88345E+04  -6.54752E+04  -1.12718E+05
   1.53728E-01   3.58375E-03   7.93870E-01   1.33737E-03   4.74810E-02   3.77315E+04  -5.93496E+03  -1.88573E+04  -6.54462E+04  -1.12576E+05
   1.54728E-01   3.57951E-03   7.92932E-01   1.33579E-03   4.74248E-02   3.78024E+04  -5.89573E+03  -1.88799E+04  -6.54130E+04  -1.12433E+05
   1.55728E-01   3.57528E-03   7.91994E-01   1.33421E-03   4.73687E-02   3.78710E+04  -5.85584E+03  -1.89022E+04  -6.53750E+04  -1.12288E+05
   1.56728E-01   3.57104E-03   7.91056E-01   1.33263E-03   4.73126E-02   3.79371E+04  -5.81520E+03  -1.89242E+04  -6.53319E+04  -1.12142E+05
   1.57728E-01   3.56681E-03   7.90118E-01   1.33105E-03   4.72565E-02   3.80002E+04  -5.77369E+03  -1.89459E+04  -6.52833E+04  -1.11995E+05
   1.58728E-01   3.56257E-03   7.89180E-01   1.32947E-03   4.72004E-02   3.80603E+04  -5.73117E+03  -1.89671E+04  -6.52286E+04  -1.11846E+05
   1.59728E-01   3.55834E-03   7.88242E-01   1.32789E-03   4.71443E-02   3.81169E+04  -5.68749E+03  -1.89879E+04  -6.51673E+04  -1.11695E+05
   1.60728E-01   3.55410E-03   7.87304E-01   1.32631E-03   4.70882E-02   3.81698E+04  -5.64249E+03  -1.90081E+04  -6.50985E+04  -1.11542E+05
   1.61728E-01   3.54987E-03   7.86366E-01   1.32473E-03   4.70321E-02   3.82185E+04  -5.59596E+03  -1.90277E+04  -6.50216E+04  -1.11386E+05
   1.62728E-01   3.54563E-03   7.85428E-01   1.32315E-03   4.69760E-02   3.81538E+04  -5.50628E+03  -1.90271E+04  -6.47557E+04  -1.11188E+05
   1.63728E-01   3.54140E-03   7.84490E-01   1.32157E-03   4.69199E-02   3.80646E+04  -5.40635E+03  -1.90220E+04  -6.44459E+04  -1.10978E+05
   1.64728E-01   3.53717E-03   7.83551E-01   1.31999E-03   4.68638E-02   3.79927E+04  -5.31211E+03  -1.90201E+04  -6.41615E+04  -1.10774E+05
   1.65728E-01   3.53293E-03   7.82613E-01   1.31841E-03   4.68077E-02   3.79368E+04  -5.22321E+03  -1.90211E+04  -6.39004E+04  -1.10574E+05
   1.66728E-01   3.52870E-03   7.81675E-01   1.31683E-03   4.67516E-02   3.78955E+04  -5.13932E+03  -1.90248E+04  -6.36610E+04  -1.10378E+05
   1.67728E-01   3.52446E-03   7.80737E-01   1.31525E-03   4.66955E-02   3.78678E+04  -5.06015E+03  -1.90311E+04  -6.34415E+04  -1.10186E+05
   1.68728E-01   3.52023E-03   7.79799E-01   1.31367E-03   4.66394E-02   3.78527E+04  -4.98543E+03  -1.90398E+04  -6.32406E+04  -1.09997E+05
   1.69728E-01   3.51599E-03   7.78861E-01   1.31209E-03   4.65833E-02   3.78493E+04  -4.91492E+03  -1.90508E+04  -6.30570E+04  -1.09812E+05
   1.70728E-01   3.51176E-03   7.77923E-01   1.31051E-03   4.65272E-02   3.78567E+04  -4.84842E+03  -1.90639E+04  -6.28895E+04  -1.09630E+05
   1.71728E-01   3.50752E-03   7.76985E-01   1.30893E-03   4.64710E-02   3.78742E+04  -4.78572E+03  -1.90790E+04  -6.27369E+04  -1.09451E+05
   1.72728E-01   3.50329E-03   7.76047E-01   1.30735E-03   4.64149E-02   3.79011E+04  -4.72664E+03  -1.90960E+04  -6.25984E+04  -1.09275E+05
   1.73728E-01   3.49905E-03   7.75109E-01   1.30577E-03   4.63588E-02   3.79369E+04  -4.67104E+03  -1.91148E+04  -6.24730E+04  -1.09102E+05
   1.74728E-01   3.49482E-03   7.74171E-01   1.30419E-03   4.63027E-02   3.79808E+04  -4.61875E+03  -1.91353E+04  -6.23599E+04  -1.08931E+05
   1.75728E-01   3.49058E-03   7.73233E-01   1.30261E-03   4.62466E-02   3.80324E+04  -4.56965E+03  -1.91575E+04  -6.22584E+04  -1.08762E+05
   1.76728E-01   3.48635E-03   7.72294E-01   1.30103E-03   4.61905E-02   3.80913E+04  -4.52362E+03  -1.91813E+04  -6.21678E+04  -1.08595E+05
   1.77728E-01   3.48211E-03   7.71356E-01   1.29945E-03   4.61344E-02   3.81570E+04  -4.48054E+03  -1.92065E+04  -6.20874E+04  -1.08431E+05
   1.78728E-01   3.47788E-03   7.70418E-01   1.29787E-03   4.60783E-02   3.82291E+04  -4.44031E+03  -1.92332E+04  -6.20167E+04  -1.08269E+05
   1.79728E-01   3.47364E-03   7.69480E-01   1.29628E-03   4.60222E-02   3.83071E+04  -4.40284E+03  -1.92612E+04  -6.19552E+04  -1.08108E+05
   1.80728E-01   3.46941E-03   7.68542E-01   1.29470E-03   4.59661E-02   3.83909E+04  -4.36804E+03  -1.92906E+04  -6.19023E+04  -1.07950E+05
   1.81728E-01   3.46517E-03   7.67604E-01   1.29312E-03   4.59100E-02   3.84800E+04  -4.33584E+03  -1.93212E+04  -6.18576E+04  -1.07793E+05
   1.82728E-01   3.46094E-03   7.66666E-01   1.29154E-03   4.58539E-02   3.85742E+04  -4.30615E+03  -1.93531E+04  -6.18207E+04  -1.07637E+05
   1.83728E-01   3.45671E-03   7.65728E-01   1.28996E-03   4.57978E-02   3.86732E+04  -4.27892E+03  -1.93861E+04  -6.17911E+04  -1.07484E+05
   1.84728E-01   3.45247E-03   7.64790E-01   1.28838E-03   4.57417E-02   3.87767E+04  -4.25407E+03  -1.94203E+04  -6.17686E+04  -1.07331E+05
   1.85728E-01   3.44824E-03   7.63852E-01   1.28680E-03   4.56856E-02   3.88845E+04  -4.23156E+03  -1.94556E+04  -6.17528E+04  -1.07181E+05
   1.86728E-01   3.44400E-03   7.62914E-01   1.28522E-03   4.56295E-02   3.89965E+04  -4.21134E+03  -1.94919E+04  -6.17434E+04  -1.07031E+05
   1.87728E-01   3.43977E-03   7.61976E-01   1.28364E-03   4.55734E-02   3.91123E+04  -4.19334E+03  -1.95293E+04  -6.17400E+04  -1.06883E+05
   1.88728E-01   3.43553E-03   7.61038E-01   1.28206E-03   4.55172E-02   3.92318E+04  -4.17754E+03  -1.95677E+04  -6.17425E+04  -1.06737E+05
   1.89728E-01   3.43130E-03   7.60099E-01   1.28048E-03   4.54611E-02   3.93548E+04  -4.16388E+03  -1.96070E+04  -6.17505E+04  -1.06591E+05
   1.90728E-01   3.42706E-03   7.59161E-01   1.27890E-03   4.54050E-02   3.94812E+04  -4.15233E+03  -1.96473E+04  -6.17638E+04  -1.06447E+05
   1.91728E-01   3.42283E-03   7.58223E-01   1.27732E-03   4.53489E-02   3.96107E+04  -4.14285E+03  -1.96885E+04  -6.17822E+04  -1.06304E+05
   1.92728E-01   3.41859E-03   7.57285E-01   1.27574E-03   4.52928E-02   3.97433E+04  -4.13541E+03  -1.97307E+04  -6.18055E+04  -1.06162E+05
   1.93728E-01   3.41436E-03   7.56347E-01   1.27416E-03   4.52367E-02   3.98789E+04  -4.12998E+03  -1.97737E+04  -6.18335E+04  -1.06021E+05
   1.94728E-01   3.41012E-03   7.55409E-01   1.27258E-03   4.51806E-02   4.00172E+04  -4.12653E+03  -1.98175E+04  -6.18660E+04  -1.05882E+05
   1.95728E-01   3.40589E-03   7.54471E-01   1.27100E-03   4.51245E-02   4.01581E+04  -4.12504E+03  -1.98622E+04  -6.19028E+04  -1.05743E+05
   1.96728E-01   3.40165E-03   7.53533E-01   1.26942E-03   4.50684E-02   4.03017E+04  -4.12548E+03  -1.99077E+04  -6.19438E+04  -1.05605E+05
   1.97728E-01   3.39742E-03   7.52595E-01   1.26784E-03   4.50123E-02   4.04476E+04  -4.12783E+03  -1.99541E+04  -6.19887E+04  -1.05468E+05
   1.98728E-01   3.39318E-03   7.51657E-01   1.26626E-03   4.49562E-02   4.05959E+04  -4.13207E+03  -2.00012E+04  -6.20376E+04  -1.05333E+05
   1.99728E-01   3.38895E-03   7.50719E-01   1.26468E-03   4.49001E-02   4.07465E+04  -4.13817E+03  -2.00490E+04  -6.20901E+04  -1.05198E+05
   2.00728E-01   3.38471E-03   7.49781E-01   1.26310E-03   4.48440E-02   4.08991E+04  -4.14613E+03  -2.00977E+04  -6.21463E+04  -1.05064E+05
   2.01728E-01   3.38048E-03   7.48843E-01   1.26152E-03   4.47879E-02   4.10539E+04  -4.15593E+03  -2.01470E+04  -6.22059E+04  -1.04931E+05
   2.02728E-01   3.37625E-03   7.47904E-01   1.25994E-03   4.47318E-02   4.12107E+04  -4.16754E+03  -2.01971E+04  -6.22689E+04  -1.04798E+05
   2.03728E-01   3.37201E-03   7.46966E-01   1.25836E-03   4.46757E-02   4.13693E+04  -4.18096E+03  -2.02480E+04  -6.23351E+04  -1.04667E+05
   2.04728E-01   3.36778E-03   7.46028E-01   1.25678E-03   4.46195E-02   4.15298E+04  -4.19618E+03  -2.02995E+04  -6.24045E+04  -1.04536E+05
   2.05728E-01   3.36354E-03   7.45090E-01   1.25520E-03   4.45634E-02   4.16921E+04  -4.21318E+03  -2.03517E+04  -6.24769E+04  -1.04407E+05
   2.06728E-01   3.35931E-03   7.44152E-01   1.25362E-03   4.45073E-02   4.18560E+04  -4.23195E+03  -2.04046E+04  -6.25523E+04  -1.04278E+05
   2.07728E-01   3.35507E-03   7.43214E-01   1.25204E-03   4.44512E-02   4.20217E+04  -4.25248E+03  -2.04582E+04  -6.26305E+04  -1.04149E+05
   2.08728E-01   3.35084E-03   7.42276E-01   1.25046E-03   4.43951E-02   4.21888E+04  -4.27477E+03  -2.05125E+04  -6.27116E+04  -1.04022E+05
   2.09728E-01   3.34660E-03   7.41338E-01   1.24888E-03   4.43390E-02   4.23576E+04  -4.29881E+03  -2.05674E+04  -6.27953E+04  -1.03895E+05
   2.10728E-01   3.34237E-03   7.40400E-01   1.24730E-03   4.42829E-02   4.25278E+04  -4.32458E+03  -2.06230E+04  -6.28816E+04  -1.03769E+05
   2.11728E-01   3.33813E-03   7.39462E-01   1.24571E-03   4.42268E-02   4.26994E+04  -4.35209E+03  -2.06792E+04  -6.29705E+04  -1.03644E+05
   2.12728E-01   3.33390E-03   7.38524E-01   1.24413E-03   4.41707E-02   4.28724E+04  -4.38133E+03  -2.07360E+04  -6.30619E+04  -1.03520E+05
   2.13728E-01   3.32966E-03   7.37586E-01   1.24255E-03   4.41146E-02   4.30467E+04  -4.41229E+03  -2.07935E+04  -6.31556E+04  -1.03396E+05
   2.14728E-01   3.32543E-03   7.36647E-01   1.24097E-03   4.40585E-02   4.32224E+04  -4.44497E+03  -2.08516E+04  -6.32518E+04  -1.03273E+05
   2.15728E-01   3.32119E-03   7.35709E-01   1.23939E-03   4.40024E-02   4.33992E+04  -4.47936E+03  -2.09103E+04  -6.33502E+04  -1.03150E+05
   2.16728E-01   3.31696E-03   7.34771E-01   1.23781E-03   4.39463E-02   4.35773E+04  -4.51546E+03  -2.09696E+04  -6.34509E+04  -1.03029E+05
   2.17728E-01   3.31272E-03   7.33833E-01   1.23623E-03   4.38902E-02   4.37566E+04  -4.55328E+03  -2.10296E+04  -6.35537E+04  -1.02907E+05
   2.18728E-01   3.30849E-03   7.32895E-01   1.23465E-03   4.38341E-02   4.39370E+04  -4.59280E+03  -2.10901E+04  -6.36587E+04  -1.02787E+05
   2.19728E-01   3.30425E-03   7.31957E-01   1.23307E-03   4.37780E-02   4.41185E+04  -4.63403E+03  -2.11512E+04  -6.37658E+04  -1.02667E+05
   2.20728E-01   3.30002E-03   7.31019E-01   1.23149E-03   4.37219E-02   4.43010E+04  -4.67696E+03  -2.12129E+04  -6.38749E+04  -1.02548E+05
   2.21728E-01   3.29578E-03   7.30081E-01   1.22991E-03   4.36657E-02   4.44846E+04  -4.72160E+03  -2.12752E+04  -6.39860E+04  -1.02429E+05
   2.22728E-01   3.29155E-03   7.29143E-01   1.22833E-03   4.36096E-02   4.46692E+04  -4.76795E+03  -2.13381E+04  -6.40991E+04  -1.02312E+05
   2.23728E-01   3.28732E-03   7.28205E-01   1.22675E-03   4.35535E-02   4.48548E+04  -4.81599E+03  -2.14016E+04  -6.42140E+04  -1.02194E+05
   2.24728E-01   3.28308E-03   7.27267E-01   1.22517E-03   4.34974E-02   4.50413E+04  -4.86575E+03  -2.14656E+04  -6.43309E+04  -1.02078E+05
   2.25728E-01   3.27885E-03   7.26329E-01   1.22359E-03   4.34413E-02   4.52288E+04  -4.91721E+03  -2.15302E+04  -6.44495E+04  -1.01962E+05
   2.26728E-01   3.27461E-03   7.25391E-01   1.22201E-03   4.33852E-02   4.54171E+04  -4.97038E+03  -2.15954E+04  -6.45700E+04  -1.01846E+05
   2.27728E-01   3.27038E-03   7.24452E-01   1.22043E-03   4.33291E-02   4.56064E+04  -5.02526E+03  -2.16611E+04  -6.46922E+04  -1.01731E+05
   2.28728E-01   3.26614E-03   7.23514E-01   1.21885E-03   4.32730E-02   4.57964E+04  -5.08185E+03  -2.17274E+04  -6.48161E+04  -1.01617E+05
   2.29728E-01   3.26191E-03   7.22576E-01   1.21727E-03   4.32169E-02   4.59874E+04  -5.14015E+03  -2.17942E+04  -6.49418E+04  -1.01503E+05
   2.30728E-01   3.25767E-03   7.21638E-01   1.21569E-03   4.31608E-02   4.61791E+04  -5.20018E+03  -2.18616E+04  -6.50691E+04  -1.01390E+05
   2.31728E-01   3.25344E-03   7.20700E-01   1.21411E-03   4.31047E-02   4.63716E+04  -5.26192E+03  -2.19296E+04  -6.51981E+04  -1.01278E+05
   2.32728E-01   3.24920E-03   7.19762E-01   1.21253E-03   4.30486E-02   4.65649E+04  -5.32539E+03  -2.19981E+04  -6.53287E+04  -1.01166E+05
   2.33728E-01   3.24497E-03   7.18824E-01   1.21095E-03   4.29925E-02   4.67589E+04  -5.39059E+03  -2.20672E+04  -6.54608E+04  -1.01054E+05
   2.34728E-01   3.24073E-03   7.17886E-01   1.20937E-03   4.29364E-02   4.69537E+04  -5.45752E+03  -2.21368E+04  -6.55945E+04  -1.00943E+05
   2.35728E-01   3.23650E-03   7.16948E-01   1.20779E-03   4.28803E-02   4.71492E+04  -5.52619E+03  -2.22069E+04  -6.57298E+04  -1.00833E+05
   2.36728E-01   3.23226E-03   7.16010E-01   1.20621E-03   4.28242E-02   4.73454E+04  -5.59659E+03  -2.22776E+04  -6.58666E+04  -1.00724E+05
   2.37728E-01   3.22803E-03   7.15072E-01   1.20463E-03   4.27681E-02   4.75423E+04  -5.66874E+03  -2.23489E+04  -6.60048E+04  -1.00614E+05
   2.38728E-01   3.22379E-03   7.14134E-01   1.20305E-03   4.27119E-02   4.77398E+04  -5.74265E+03  -2.24206E+04  -6.61446E+04  -1.00506E+05
   2.39728E-01   3.21956E-03   7.13196E-01   1.20147E-03   4.26558E-02   4.79380E+04  -5.81831E+03  -2.24930E+04  -6.62858E+04  -1.00398E+05
   2.40728E-01   3.21532E-03   7.12257E-01   1.19989E-03   4.25997E-02   4.81369E+04  -5.89573E+03  -2.25658E+04  -6.64284E+04  -1.00291E+05
   2.41728E-01   3.21109E-03   7.11319E-01   1.19831E-03   4.25436E-02   4.83363E+04  -5.97491E+03  -2.26392E+04  -6.65724E+04  -1.00184E+05
   2.42728E-01   3.20686E-03   7.10381E-01   1.19673E-03   4.24875E-02   4.85364E+04  -6.05587E+03  -2.27131E+04  -6.67179E+04  -1.00077E+05
   2.43728E-01   3.20262E-03   7.09443E-01   1.19514E-03   4.24314E-02   4.87371E+04  -6.13861E+03  -2.27876E+04  -6.68647E+04  -9.99716E+04
   2.44728E-01   3.19839E-03   7.08505E-01   1.19356E-03   4.23753E-02   4.89384E+04  -6.22314E+03  -2.28626E+04  -6.70129E+04  -9.98664E+04
   2.45728E-01   3.19415E-03   7.07567E-01   1.19198E-03   4.23192E-02   4.91403E+04  -6.30945E+03  -2.29381E+04  -6.71624E+04  -9.97617E+04
   2.46728E-01   3.18992E-03   7.06629E-01   1.19040E-03   4.22631E-02   4.93427E+04  -6.39757E+03  -2.30142E+04  -6.73132E+04  -9.96576E+04
   2.47728E-01   3.18568E-03   7.05691E-01   1.18882E-03   4.22070E-02   4.95457E+04  -6.48749E+03  -2.30908E+04  -6.74654E+04  -9.95540E+04
   2.48728E-01   3.18145E-03   7.04753E-01   1.18724E-03   4.21509E-02   4.97493E+04  -6.57923E+03  -2.31679E+04  -6.76189E+04  -9.94510E+04
   2.49728E-01   3.17721E-03   7.03815E-01   1.18566E-03   4.20948E-02   4.99533E+04  -6.67278E+03  -2.32456E+04  -6.77737E+04  -9.93485E+04
   2.50728E-01   3.17298E-03   7.02877E-01   1.18408E-03   4.20387E-02   5.01580E+04  -6.76816E+03  -2.33238E+04  -6.79297E+04  -9.92465E+04
   2.51728E-01   3.16874E-03   7.01939E-01   1.18250E-03   4.19826E-02   5.03631E+04  -6.86538E+03  -2.34025E+04  -6.80870E+04  -9.91451E+04
   2.52728E-01   3.16451E-03   7.01000E-01   1.18092E-03   4.19265E-02   5.05687E+04  -6.96444E+03  -2.34818E+04  -6.82456E+04  -9.90443E+04
   2.53728E-01   3.16027E-03   7.00062E-01   1.17934E-03   4.18704E-02   5.07749E+04  -7.06535E+03  -2.35616E+04  -6.84054E+04  -9.89440E+04
   2.54728E-01   3.15604E-03   6.99124E-01   1.17776E-03   4.18142E-02   5.09815E+04  -7.16812E+03  -2.36419E+04  -6.85664E+04  -9.88442E+04
   2.55728E-01   3.15180E-03   6.98186E-01   1.17618E-03   4.17581E-02   5.11886E+04  -7.27276E+03  -2.37228E+04  -6.87286E+04  -9.87450E+04
   2.56728E-01   3.14757E-03   6.97248E-01   1.17460E-03   4.17020E-02   5.13962E+04  -7.37927E+03  -2.38042E+04  -6.88921E+04  -9.86463E+04
   2.57728E-01   3.14333E-03   6.96310E-01   1.17302E-03   4.16459E-02   5.16043E+04  -7.48767E+03  -2.38861E+04  -6.90568E+04  -9.85482E+04
   2.58728E-01   3.13910E-03   6.95372E-01   1.17144E-03   4.15898E-02   5.18128E+04  -7.59796E+03  -2.39685E+04  -6.92226E+04  -9.84506E+04
   2.59728E-01   3.13486E-03   6.94434E-01   1.16986E-03   4.15337E-02   5.20218E+04  -7.71016E+03  -2.40515E+04  -6.93897E+04  -9.83535E+04
   2.60728E-01   3.13063E-03   6.93496E-01   1.16828E-03   4.14776E-02   5.22313E+04  -7.82426E+03  -2.41350E+04  -6.95579E+04  -9.82570E+04
   2.61728E-01   3.12640E-03   6.92558E-01   1.16670E-03   4.14215E-02   5.24412E+04  -7.94029E+03  -2.42191E+04  -6.97273E+04  -9.81610E+04
   2.62728E-01   3.12216E-03   6.91620E-01   1.16512E-03   4.13654E-02   5.26515E+04  -8.05824E+03  -2.43036E+04  -6.98978E+04  -9.80656E+04
   2.63728E-01   3.11793E-03   6.90682E-01   1.16354E-03   4.13093E-02   5.28623E+04  -8.17813E+03  -2.43887E+04  -7.00695E+04  -9.79707E+04
   2.64728E-01   3.11369E-03   6.89744E-01   1.16196E-03   4.12532E-02   5.30734E+04  -8.29998E+03  -2.44744E+04  -7.02423E+04  -9.78764E+04
   2.65728E-01   3.10946E-03   6.88805E-01   1.16038E-03   4.11971E-02   5.32851E+04  -8.42378E+03  -2.45606E+04  -7.04163E+04  -9.77826E+04
   2.66728E-01   3.10522E-03   6.87867E-01   1.15880E-03   4.11410E-02   5.34971E+04  -8.54955E+03  -2.46473E+04  -7.05914E+04  -9.76894E+04
   2.67728E-01   3.10099E-03   6.86929E-01   1.15722E-03   4.10849E-02   5.37095E+04  -8.67730E+03  -2.47345E+04  -7.07677E+04  -9.75967E+04
   2.68728E-01   3.09675E-03   6.85991E-01   1.15564E-03   4.10288E-02   5.39223E+04  -8.80704E+03  -2.48223E+04  -7.09450E+04  -9.75046E+04
   2.69728E-01   3.09252E-03   6.85053E-01   1.15406E-03   4.09727E-02   5.41356E+04  -8.93877E+03  -2.49106E+04  -7.11235E+04  -9.74130E+04
   2.70728E-01   3.08828E-03   6.84115E-01   1.15248E-03   4.09166E-02   5.43492E+04  -9.07252E+03  -2.49995E+04  -7.13031E+04  -9.73220E+04
   2.71728E-01   3.08405E-03   6.83177E-01   1.15090E-03   4.08604E-02   5.45632E+04  -9.20829E+03  -2.50889E+04  -7.14838E+04  -9.72315E+04
   2.72728E-01   3.07981E-03   6.82239E-01   1.14932E-03   4.08043E-02   5.47776E+04  -9.34608E+03  -2.51789E+04  -7.16655E+04  -9.71416E+04
   2.73728E-01   3.07558E-03   6.81301E-01   1.14774E-03   4.07482E-02   5.49924E+04  -9.48592E+03  -2.52693E+04  -7.18484E+04  -9.70522E+04
   2.74728E-01   3.07134E-03   6.80363E-01   1.14616E-03   4.06921E-02   5.52076E+04  -9.62781E+03  -2.53604E+04  -7.20324E+04  -9.69634E+04
   2.75728E-01   3.06711E-03   6.79425E-01   1.14457E-03   4.06360E-02   5.54231E+04  -9.77177E+03  -2.54519E+04  -7.22174E+04  -9.68751E+04
   2.76728E-01   3.06287E-03   6.78487E-01   1.14299E-03   4.05799E-02   5.56390E+04  -9.91780E+03  -2.55440E+04  -7.24036E+04  -9.67874E+04
   2.77728E-01   3.05864E-03   6.77549E-01   1.14141E-03   4.05238E-02   5.58553E+04  -1.00659E+04  -2.56367E+04  -7.25908E+04  -9.67003E+04
   2.78728E-01   3.05440E-03   6.76610E-01   1.13983E-03   4.04677E-02   5.60719E+04  -1.02161E+04  -2.57299E+04  -7.27791E+04  -9.66137E+04
   2.79728E-01   3.05017E-03   6.75672E-01   1.13825E-03   4.04116E-02   5.62889E+04  -1.03684E+04  -2.58237E+04  -7.29684E+04  -9.65277E+04
   2.80728E-01   3.04593E-03   6.74734E-01   1.13667E-03   4.03555E-02   5.65062E+04  -1.05229E+04  -2.59179E+04  -7.31588E+04  -9.64422E+04
   2.81728E-01   3.04170E-03   6.73796E-01   1.13509E-03   4.02994E-02   5.67239E+04  -1.06795E+04  -2.60128E+04  -7.33503E+04  -9.63574E+04
   2.82728E-01   3.03747E-03   6.72858E-01   1.13351E-03   4.02433E-02   5.69420E+04  -1.08382E+04  -2.61082E+04  -7.35429E+04  -9.62730E+04
   2.83728E-01   3.03323E-03   6.71920E-01   1.13193E-03   4.01872E-02   5.71604E+04  -1.09991E+04  -2.62041E+04  -7.37365E+04  -9.61893E+04
   2.84728E-01   3.02900E-03   6.70982E-01   1.13035E-03   4.01311E-02   5.73791E+04  -1.11621E+04  -2.63006E+04  -7.39311E+04  -9.61061E+04
   2.85728E-01   3.02476E-03   6.70044E-01   1.12877E-03   4.00750E-02   5.75982E+04  -1.13273E+04  -2.63977E+04  -7.41268E+04  -9.60235E+04
   2.86728E-01   3.02053E-03   6.69106E-01   1.12719E-03   4.00189E-02   5.78176E+04  -1.14948E+04  -2.64953E+04  -7.43236E+04  -9.59415E+04
   2.87728E-01   3.01629E-03   6.68168E-01   1.12561E-03   3.99628E-02   5.80373E+04  -1.16644E+04  -2.65935E+04  -7.45214E+04  -9.58600E+04
   2.88728E-01   3.01206E-03   6.67230E-01   1.12403E-03   3.99066E-02   5.82574E+04  -1.18362E+04  -2.66922E+04  -7.47203E+04  -9.57792E+04
   2.89728E-01   3.00782E-03   6.66292E-01   1.12245E-03   3.98505E-02   5.84778E+04  -1.20103E+04  -2.67915E+04  -7.49201E+04  -9.56989E+04
   2.90728E-01   3.00359E-03   6.65353E-01   1.12087E-03   3.97944E-02   5.86985E+04  -1.21866E+04  -2.68913E+04  -7.51211E+04  -9.56192E+04
   2.91728E-01   2.99935E-03   6.64415E-01   1.11929E-03   3.97383E-02   5.89195E+04  -1.23652E+04  -2.69917E+04  -7.53231E+04  -9.55400E+04
   2.92728E-01   2.99512E-03   6.63477E-01   1.11771E-03   3.96822E-02   5.91408E+04  -1.25460E+04  -2.70927E+04  -7.55261E+04  -9.54615E+04
   2.93728E-01   2.99088E-03   6.62539E-01   1.11613E-03   3.96261E-02   5.93625E+04  -1.27292E+04  -2.71942E+04  -7.57301E+04  -9.53835E+04
   2.94728E-01   2.98665E-03   6.61601E-01   1.11455E-03   3.95700E-02   5.95845E+04  -1.29146E+04  -2.72963E+04  -7.59352E+04  -9.53062E+04
   2.95728E-01   2.98241E-03   6.60663E-01   1.11297E-03   3.95139E-02   5.98068E+04  -1.31023E+04  -2.73989E+04  -7.61413E+04  -9.52294E+04
   2.96728E-01   2.97818E-03   6.59725E-01   1.11139E-03   3.94578E-02   6.00294E+04  -1.32924E+04  -2.75022E+04  -7.63485E+04  -9.51532E+04
   2.97728E-01   2.97394E-03   6.58787E-01   1.10981E-03   3.94017E-02   6.02523E+04  -1.34848E+04  -2.76060E+04  -7.65566E+04  -9.50777E+04
   2.98728E-01   2.96971E-03   6.57849E-01   1.10823E-03   3.93456E-02   6.04755E+04  -1.36795E+04  -2.77103E+04  -7.67659E+04  -9.50027E+04
   2.99728E-01   2.96547E-03   6.56911E-01   1.10665E-03   3.92895E-02   6.06990E+04  -1.38766E+04  -2.78153E+04  -7.69761E+04  -9.49283E+04
   2.99990E-01   2.96436E-03   6.56665E-01   1.10623E-03   3.92748E-02   6.07577E+04  -1.39287E+04  -2.78429E+04  -7.70314E+04  -9.49089E+04

 Phase Region for:
     FCC_A1#1                      
 col-1=X(C), col-2=X(CU), col-3=X(FE), col-4=X(MN), col-5=X(SI), col-6=MU(C), col-7=MU(CU), col-8=MU(FE), col-9=MU(MN), col-10=MU(SI),
   9.72763E-03   4.19355E-03   9.28954E-01   1.56494E-03   5.55602E-02   1.38094E+04  -1.34193E+04  -1.60437E+04  -5.90641E+04  -1.29284E+05
   8.72763E-03   4.19779E-03   9.29892E-01   1.56652E-03   5.56163E-02   1.32174E+04  -1.34926E+04  -1.60312E+04  -5.90124E+04  -1.29391E+05
   7.72763E-03   4.20202E-03   9.30830E-01   1.56810E-03   5.56724E-02   1.25626E+04  -1.35662E+04  -1.60188E+04  -5.89608E+04  -1.29498E+05
   6.72763E-03   4.20626E-03   9.31768E-01   1.56968E-03   5.57285E-02   1.18274E+04  -1.36400E+04  -1.60065E+04  -5.89094E+04  -1.29605E+05
   5.72763E-03   4.21049E-03   9.32706E-01   1.57126E-03   5.57846E-02   1.09859E+04  -1.37141E+04  -1.59942E+04  -5.88581E+04  -1.29712E+05
   4.72763E-03   4.21472E-03   9.33644E-01   1.57284E-03   5.58407E-02   9.99724E+03  -1.37883E+04  -1.59821E+04  -5.88071E+04  -1.29818E+05
   3.72763E-03   4.21896E-03   9.34582E-01   1.57442E-03   5.58969E-02   8.79042E+03  -1.38629E+04  -1.59700E+04  -5.87562E+04  -1.29925E+05
   2.72763E-03   4.22319E-03   9.35520E-01   1.57600E-03   5.59530E-02   7.22782E+03  -1.39376E+04  -1.59580E+04  -5.87054E+04  -1.30032E+05
   1.72763E-03   4.22743E-03   9.36458E-01   1.57758E-03   5.60091E-02   4.97751E+03  -1.40126E+04  -1.59461E+04  -5.86548E+04  -1.30138E+05
   7.27626E-04   4.23166E-03   9.37396E-01   1.57916E-03   5.60652E-02   7.82890E+02  -1.40878E+04  -1.59343E+04  -5.86043E+04  -1.30244E+05
   1.00000E-05   4.23470E-03   9.38070E-01   1.58029E-03   5.61054E-02  -1.97005E+04  -1.41419E+04  -1.59259E+04  -5.85681E+04  -1.30321E+05

 Phase Region for:
     FCC_A1#2                      
 col-1=X(C), col-2=X(CU), col-3=X(FE), col-4=X(MN), col-5=X(SI), col-6=MU(C), col-7=MU(CU), col-8=MU(FE), col-9=MU(MN), col-10=MU(SI),
   9.72763E-03   9.90212E-01   1.30955E-05   4.69720E-05   3.55997E-12   2.21344E+05  -2.15483E+04  -2.33764E+04  -6.60382E+04  -1.37711E+05
   1.07276E-02   9.89208E-01   1.41764E-05   4.98857E-05   3.75176E-12   2.21574E+05  -2.15506E+04  -2.33788E+04  -6.60406E+04  -1.37714E+05
   1.17276E-02   9.88204E-01   1.53480E-05   5.29830E-05   3.95413E-12   2.21761E+05  -2.15528E+04  -2.33810E+04  -6.60428E+04  -1.37716E+05
   1.27276E-02   9.87199E-01   1.66181E-05   5.62755E-05   4.16767E-12   2.21914E+05  -2.15546E+04  -2.33829E+04  -6.60447E+04  -1.37718E+05
   1.37276E-02   9.86195E-01   1.79950E-05   5.97759E-05   4.39302E-12   2.22036E+05  -2.15563E+04  -2.33846E+04  -6.60464E+04  -1.37719E+05
   1.47276E-02   9.85189E-01   1.94879E-05   6.34974E-05   4.63084E-12   2.22132E+05  -2.15577E+04  -2.33860E+04  -6.60478E+04  -1.37721E+05
   1.57276E-02   9.84184E-01   2.11069E-05   6.74540E-05   4.88184E-12   2.22206E+05  -2.15588E+04  -2.33871E+04  -6.60489E+04  -1.37722E+05
   1.67276E-02   9.83178E-01   2.28625E-05   7.16610E-05   5.14678E-12   2.22260E+05  -2.15597E+04  -2.33880E+04  -6.60498E+04  -1.37723E+05
   1.77276E-02   9.82171E-01   2.47667E-05   7.61342E-05   5.42645E-12   2.22296E+05  -2.15603E+04  -2.33887E+04  -6.60505E+04  -1.37723E+05
   1.87276E-02   9.81165E-01   2.68322E-05   8.08909E-05   5.72169E-12   2.22316E+05  -2.15607E+04  -2.33890E+04  -6.60508E+04  -1.37724E+05
   1.97276E-02   9.80157E-01   2.90729E-05   8.59493E-05   6.03340E-12   2.22322E+05  -2.15608E+04  -2.33891E+04  -6.60510E+04  -1.37724E+05
   2.07276E-02   9.79150E-01   3.15038E-05   9.13286E-05   6.36252E-12   2.22315E+05  -2.15607E+04  -2.33890E+04  -6.60508E+04  -1.37724E+05
   2.17276E-02   9.78141E-01   3.41415E-05   9.70495E-05   6.71006E-12   2.22296E+05  -2.15603E+04  -2.33886E+04  -6.60504E+04  -1.37723E+05
   2.27276E-02   9.77132E-01   3.70038E-05   1.03134E-04   7.07707E-12   2.22267E+05  -2.15596E+04  -2.33879E+04  -6.60497E+04  -1.37723E+05
   2.37276E-02   9.76123E-01   4.01102E-05   1.09606E-04   7.46469E-12   2.22227E+05  -2.15586E+04  -2.33870E+04  -6.60488E+04  -1.37722E+05
   2.47276E-02   9.75112E-01   4.34818E-05   1.16489E-04   7.87411E-12   2.22179E+05  -2.15574E+04  -2.33858E+04  -6.60476E+04  -1.37721E+05
   2.57276E-02   9.74101E-01   4.71418E-05   1.23812E-04   8.30661E-12   2.22122E+05  -2.15560E+04  -2.33843E+04  -6.60461E+04  -1.37719E+05
   2.67276E-02   9.73090E-01   5.11152E-05   1.31601E-04   8.76352E-12   2.22057E+05  -2.15542E+04  -2.33825E+04  -6.60443E+04  -1.37717E+05
   2.77276E-02   9.72077E-01   5.54294E-05   1.39887E-04   9.24627E-12   2.21984E+05  -2.15522E+04  -2.33805E+04  -6.60422E+04  -1.37715E+05
   2.87276E-02   9.71064E-01   6.01140E-05   1.48703E-04   9.75640E-12   2.21905E+05  -2.15499E+04  -2.33781E+04  -6.60399E+04  -1.37713E+05
   2.97276E-02   9.70049E-01   6.52017E-05   1.58082E-04   1.02955E-11   2.21819E+05  -2.15473E+04  -2.33755E+04  -6.60373E+04  -1.37710E+05
   3.07276E-02   9.69034E-01   7.07275E-05   1.68060E-04   1.08653E-11   2.21726E+05  -2.15444E+04  -2.33726E+04  -6.60344E+04  -1.37707E+05
   3.17276E-02   9.68017E-01   7.67301E-05   1.78678E-04   1.14676E-11   2.21628E+05  -2.15412E+04  -2.33694E+04  -6.60312E+04  -1.37704E+05
   3.27276E-02   9.66999E-01   8.32513E-05   1.89976E-04   1.21044E-11   2.21524E+05  -2.15378E+04  -2.33660E+04  -6.60277E+04  -1.37701E+05
   3.37276E-02   9.65980E-01   9.03369E-05   2.01998E-04   1.27777E-11   2.21415E+05  -2.15340E+04  -2.33622E+04  -6.60239E+04  -1.37697E+05
   3.47276E-02   9.64960E-01   9.80366E-05   2.14792E-04   1.34897E-11   2.21300E+05  -2.15300E+04  -2.33581E+04  -6.60198E+04  -1.37693E+05
   3.57276E-02   9.63938E-01   1.06405E-04   2.28407E-04   1.42427E-11   2.21181E+05  -2.15256E+04  -2.33537E+04  -6.60154E+04  -1.37689E+05
   3.67276E-02   9.62914E-01   1.15501E-04   2.42897E-04   1.50394E-11   2.21057E+05  -2.15209E+04  -2.33490E+04  -6.60107E+04  -1.37684E+05
   3.77276E-02   9.61889E-01   1.25389E-04   2.58320E-04   1.58822E-11   2.20928E+05  -2.15159E+04  -2.33440E+04  -6.60057E+04  -1.37679E+05
   3.87276E-02   9.60861E-01   1.36140E-04   2.74734E-04   1.67741E-11   2.20795E+05  -2.15107E+04  -2.33387E+04  -6.60004E+04  -1.37674E+05
   3.97276E-02   9.59832E-01   1.47831E-04   2.92207E-04   1.77180E-11   2.20657E+05  -2.15050E+04  -2.33331E+04  -6.59947E+04  -1.37668E+05
   4.07276E-02   9.58801E-01   1.60546E-04   3.10805E-04   1.87174E-11   2.20515E+05  -2.14991E+04  -2.33271E+04  -6.59888E+04  -1.37662E+05
   4.17276E-02   9.57767E-01   1.74376E-04   3.30604E-04   1.97754E-11   2.20369E+05  -2.14928E+04  -2.33208E+04  -6.59824E+04  -1.37656E+05
   4.27276E-02   9.56731E-01   1.89422E-04   3.51681E-04   2.08960E-11   2.20219E+05  -2.14862E+04  -2.33141E+04  -6.59758E+04  -1.37649E+05
   4.37276E-02   9.55692E-01   2.05793E-04   3.74120E-04   2.20831E-11   2.20065E+05  -2.14792E+04  -2.33071E+04  -6.59688E+04  -1.37642E+05
   4.47276E-02   9.54651E-01   2.23609E-04   3.98009E-04   2.33410E-11   2.19907E+05  -2.14719E+04  -2.32998E+04  -6.59614E+04  -1.37635E+05
   4.57276E-02   9.53606E-01   2.43001E-04   4.23445E-04   2.46741E-11   2.19745E+05  -2.14642E+04  -2.32921E+04  -6.59537E+04  -1.37627E+05
   4.67276E-02   9.52558E-01   2.64112E-04   4.50529E-04   2.60875E-11   2.19579E+05  -2.14562E+04  -2.32840E+04  -6.59456E+04  -1.37619E+05
   4.77276E-02   9.51506E-01   2.87099E-04   4.79368E-04   2.75864E-11   2.19409E+05  -2.14478E+04  -2.32756E+04  -6.59371E+04  -1.37611E+05
   4.87276E-02   9.50450E-01   3.12132E-04   5.10078E-04   2.91766E-11   2.19235E+05  -2.14389E+04  -2.32667E+04  -6.59283E+04  -1.37602E+05
   4.97276E-02   9.49390E-01   3.39400E-04   5.42782E-04   3.08641E-11   2.19057E+05  -2.14297E+04  -2.32575E+04  -6.59190E+04  -1.37593E+05
   5.07276E-02   9.48326E-01   3.69109E-04   5.77610E-04   3.26557E-11   2.18875E+05  -2.14201E+04  -2.32478E+04  -6.59094E+04  -1.37583E+05
   5.17276E-02   9.47256E-01   4.01483E-04   6.14704E-04   3.45585E-11   2.18689E+05  -2.14101E+04  -2.32378E+04  -6.58993E+04  -1.37573E+05
   5.27276E-02   9.46181E-01   4.36770E-04   6.54213E-04   3.65803E-11   2.18499E+05  -2.13996E+04  -2.32273E+04  -6.58888E+04  -1.37563E+05
   5.37276E-02   9.45101E-01   4.75242E-04   6.96295E-04   3.87296E-11   2.18305E+05  -2.13887E+04  -2.32163E+04  -6.58778E+04  -1.37552E+05
   5.47276E-02   9.44014E-01   5.17196E-04   7.41121E-04   4.10155E-11   2.18107E+05  -2.13773E+04  -2.32049E+04  -6.58664E+04  -1.37541E+05
   5.57276E-02   9.42921E-01   5.62960E-04   7.88872E-04   4.34481E-11   2.17904E+05  -2.13655E+04  -2.31930E+04  -6.58544E+04  -1.37529E+05
   5.67276E-02   9.41820E-01   6.12894E-04   8.39743E-04   4.60382E-11   2.17696E+05  -2.13531E+04  -2.31806E+04  -6.58420E+04  -1.37516E+05
   5.77276E-02   9.40711E-01   6.67393E-04   8.93941E-04   4.87979E-11   2.17484E+05  -2.13402E+04  -2.31677E+04  -6.58291E+04  -1.37504E+05
   5.87276E-02   9.39594E-01   7.26895E-04   9.51686E-04   5.17403E-11   2.17267E+05  -2.13268E+04  -2.31542E+04  -6.58156E+04  -1.37490E+05
   5.97276E-02   9.38467E-01   7.91880E-04   1.01321E-03   5.48797E-11   2.17045E+05  -2.13128E+04  -2.31402E+04  -6.58016E+04  -1.37476E+05
   6.07276E-02   9.37331E-01   8.62878E-04   1.07878E-03   5.82321E-11   2.16817E+05  -2.12982E+04  -2.31256E+04  -6.57869E+04  -1.37462E+05
   6.17276E-02   9.36183E-01   9.40476E-04   1.14865E-03   6.18149E-11   2.16584E+05  -2.12830E+04  -2.31103E+04  -6.57717E+04  -1.37446E+05
   6.27276E-02   9.35024E-01   1.02532E-03   1.22311E-03   6.56477E-11   2.16346E+05  -2.12672E+04  -2.30944E+04  -6.57558E+04  -1.37431E+05
   6.37276E-02   9.33852E-01   1.11813E-03   1.30248E-03   6.97519E-11   2.16100E+05  -2.12506E+04  -2.30778E+04  -6.57391E+04  -1.37414E+05
   6.47276E-02   9.32666E-01   1.21970E-03   1.38708E-03   7.41518E-11   2.15849E+05  -2.12334E+04  -2.30605E+04  -6.57218E+04  -1.37397E+05
   6.57276E-02   9.31464E-01   1.33091E-03   1.47727E-03   7.88742E-11   2.15590E+05  -2.12153E+04  -2.30424E+04  -6.57037E+04  -1.37379E+05
   6.67276E-02   9.30246E-01   1.45275E-03   1.57342E-03   8.39493E-11   2.15324E+05  -2.11965E+04  -2.30235E+04  -6.56848E+04  -1.37360E+05
   6.77276E-02   9.29010E-01   1.58630E-03   1.67594E-03   8.94114E-11   2.15050E+05  -2.11767E+04  -2.30037E+04  -6.56650E+04  -1.37340E+05
   6.87276E-02   9.27754E-01   1.73279E-03   1.78526E-03   9.52988E-11   2.14768E+05  -2.11560E+04  -2.29830E+04  -6.56442E+04  -1.37320E+05
   6.97276E-02   9.26477E-01   1.89358E-03   1.90186E-03   1.01656E-10   2.14477E+05  -2.11344E+04  -2.29613E+04  -6.56225E+04  -1.37298E+05
   7.07276E-02   9.25176E-01   2.07020E-03   2.02623E-03   1.08532E-10   2.14176E+05  -2.11116E+04  -2.29385E+04  -6.55996E+04  -1.37275E+05
   7.17276E-02   9.23849E-01   2.26437E-03   2.15892E-03   1.15984E-10   2.13864E+05  -2.10877E+04  -2.29145E+04  -6.55757E+04  -1.37251E+05
   7.27276E-02   9.22494E-01   2.47801E-03   2.30050E-03   1.24080E-10   2.13541E+05  -2.10626E+04  -2.28893E+04  -6.55504E+04  -1.37226E+05
   7.37276E-02   9.21107E-01   2.71332E-03   2.45160E-03   1.32895E-10   2.13206E+05  -2.10361E+04  -2.28628E+04  -6.55239E+04  -1.37200E+05
   7.47276E-02   9.19687E-01   2.97277E-03   2.61290E-03   1.42520E-10   2.12857E+05  -2.10081E+04  -2.28347E+04  -6.54958E+04  -1.37172E+05
   7.57276E-02   9.18228E-01   3.25919E-03   2.78514E-03   1.53058E-10   2.12494E+05  -2.09786E+04  -2.28051E+04  -6.54661E+04  -1.37142E+05
   7.67276E-02   9.16727E-01   3.57578E-03   2.96911E-03   1.64635E-10   2.12114E+05  -2.09472E+04  -2.27737E+04  -6.54347E+04  -1.37111E+05
   7.77276E-02   9.15180E-01   3.92626E-03   3.16567E-03   1.77398E-10   2.11717E+05  -2.09140E+04  -2.27404E+04  -6.54013E+04  -1.37078E+05
   7.87276E-02   9.13582E-01   4.31489E-03   3.37578E-03   1.91524E-10   2.11300E+05  -2.08786E+04  -2.27049E+04  -6.53659E+04  -1.37042E+05
   7.97276E-02   9.11925E-01   4.74662E-03   3.60047E-03   2.07229E-10   2.10861E+05  -2.08409E+04  -2.26671E+04  -6.53280E+04  -1.37005E+05
   8.07276E-02   9.10204E-01   5.22724E-03   3.84090E-03   2.24775E-10   2.10399E+05  -2.08005E+04  -2.26267E+04  -6.52875E+04  -1.36964E+05
   8.17276E-02   9.08410E-01   5.76356E-03   4.09834E-03   2.44486E-10   2.09909E+05  -2.07572E+04  -2.25833E+04  -6.52441E+04  -1.36921E+05
   8.27276E-02   9.06534E-01   6.36367E-03   4.37421E-03   2.66769E-10   2.09389E+05  -2.07106E+04  -2.25366E+04  -6.51974E+04  -1.36875E+05
   8.37276E-02   9.04565E-01   7.03728E-03   4.67013E-03   2.92139E-10   2.08834E+05  -2.06603E+04  -2.24861E+04  -6.51469E+04  -1.36824E+05
   8.47276E-02   9.02488E-01   7.79615E-03   4.98791E-03   3.21259E-10   2.08240E+05  -2.06056E+04  -2.24314E+04  -6.50921E+04  -1.36770E+05
   8.57276E-02   9.00288E-01   8.65476E-03   5.32970E-03   3.54999E-10   2.07601E+05  -2.05461E+04  -2.23718E+04  -6.50324E+04  -1.36710E+05
   8.67276E-02   8.97943E-01   9.63119E-03   5.69799E-03   3.94520E-10   2.06910E+05  -2.04808E+04  -2.23064E+04  -6.49669E+04  -1.36645E+05
   8.77276E-02   8.95428E-01   1.07485E-02   6.09578E-03   4.41417E-10   2.06156E+05  -2.04088E+04  -2.22342E+04  -6.48947E+04  -1.36573E+05
   8.87276E-02   8.92709E-01   1.20367E-02   6.52677E-03   4.97934E-10   2.05329E+05  -2.03288E+04  -2.21540E+04  -6.48144E+04  -1.36493E+05
   8.97276E-02   8.89741E-01   1.35361E-02   6.99570E-03   5.67352E-10   2.04412E+05  -2.02389E+04  -2.20640E+04  -6.47243E+04  -1.36403E+05
   9.07276E-02   8.86460E-01   1.53031E-02   7.50885E-03   6.54671E-10   2.03382E+05  -2.01368E+04  -2.19617E+04  -6.46219E+04  -1.36301E+05
   9.17276E-02   8.82778E-01   1.74198E-02   8.07507E-03   7.67969E-10   2.02208E+05  -2.00189E+04  -2.18436E+04  -6.45038E+04  -1.36183E+05
   9.27276E-02   8.78550E-01   2.00150E-02   8.70776E-03   9.21324E-10   2.00839E+05  -1.98798E+04  -2.17042E+04  -6.43643E+04  -1.36044E+05
   9.37276E-02   8.73531E-01   2.33117E-02   9.42954E-03   1.14216E-09   1.99188E+05  -1.97101E+04  -2.15342E+04  -6.41941E+04  -1.35875E+05
   9.47276E-02   8.67224E-01   2.77626E-02   1.02857E-02   1.49432E-09   1.97081E+05  -1.94908E+04  -2.13145E+04  -6.39742E+04  -1.35655E+05
   9.57276E-02   8.58222E-01   3.46467E-02   1.14033E-02   2.19005E-09   1.94021E+05  -1.91687E+04  -2.09918E+04  -6.36513E+04  -1.35334E+05

 Phase Region for:
     FCC_A1#2                      
 col-1=X(C), col-2=X(CU), col-3=X(FE), col-4=X(MN), col-5=X(SI), col-6=MU(C), col-7=MU(CU), col-8=MU(FE), col-9=MU(MN), col-10=MU(SI),
   9.72763E-03   9.90212E-01   1.30955E-05   4.69720E-05   3.55997E-12   2.21344E+05  -2.15483E+04  -2.33764E+04  -6.60382E+04  -1.37711E+05
   8.72763E-03   9.91216E-01   1.20982E-05   4.42309E-05   3.37818E-12   2.21063E+05  -2.15456E+04  -2.33738E+04  -6.60355E+04  -1.37709E+05
   7.72763E-03   9.92220E-01   1.11780E-05   4.16520E-05   3.20586E-12   2.20718E+05  -2.15428E+04  -2.33708E+04  -6.60325E+04  -1.37706E+05
   6.72763E-03   9.93223E-01   1.03288E-05   3.92258E-05   3.04251E-12   2.20293E+05  -2.15397E+04  -2.33677E+04  -6.60293E+04  -1.37703E+05
   5.72763E-03   9.94226E-01   9.54508E-06   3.69429E-05   2.88766E-12   2.19760E+05  -2.15364E+04  -2.33642E+04  -6.60259E+04  -1.37700E+05
   4.72763E-03   9.95229E-01   8.82170E-06   3.47951E-05   2.74084E-12   2.19080E+05  -2.15328E+04  -2.33606E+04  -6.60221E+04  -1.37696E+05
   3.72763E-03   9.96231E-01   8.15399E-06   3.27742E-05   2.60163E-12   2.18181E+05  -2.15290E+04  -2.33566E+04  -6.60181E+04  -1.37692E+05
   2.72763E-03   9.97234E-01   7.53764E-06   3.08729E-05   2.46963E-12   2.16925E+05  -2.15250E+04  -2.33523E+04  -6.60137E+04  -1.37688E+05
   1.72763E-03   9.98236E-01   6.96873E-06   2.90845E-05   2.34443E-12   2.14981E+05  -2.15207E+04  -2.33477E+04  -6.60090E+04  -1.37684E+05
   7.27626E-04   9.99239E-01   6.44384E-06   2.74041E-05   2.22565E-12   2.11092E+05  -2.15163E+04  -2.33425E+04  -6.60034E+04  -1.37680E+05
   1.00000E-05   9.99958E-01   6.09616E-06   2.62846E-05   2.14371E-12   1.90827E+05  -2.15129E+04  -2.33355E+04  -6.59947E+04  -1.37678E+05
