
 Phase Region for:
     BCC_A2                        
 col-1=X(C), col-2=X(CU), col-3=X(FE), col-4=X(MN), col-5=X(SI), col-6=MU(C), col-7=MU(CU), col-8=MU(FE), col-9=MU(MN), col-10=MU(SI),
   2.88620E-02   4.11252E-03   9.11004E-01   1.53470E-03   5.44867E-02   6.49964E+04  -3.81658E+03  -1.93724E+04  -4.41271E+04  -1.28994E+05
   9.99900E-03   4.19240E-03   9.28699E-01   1.56451E-03   5.55450E-02   5.97577E+04  -3.58634E+03  -1.91343E+04  -4.26165E+04  -1.31334E+05

 Phase Region for:
     BCC_A2                        
 col-1=X(C), col-2=X(CU), col-3=X(FE), col-4=X(MN), col-5=X(SI), col-6=MU(C), col-7=MU(CU), col-8=MU(FE), col-9=MU(MN), col-10=MU(SI),
   2.88620E-02   4.11252E-03   9.11004E-01   1.53470E-03   5.44867E-02   6.49964E+04  -3.81658E+03  -1.93724E+04  -4.41271E+04  -1.28994E+05
   2.87620E-02   4.11295E-03   9.11098E-01   1.53486E-03   5.44923E-02   6.49789E+04  -3.81530E+03  -1.93711E+04  -4.41189E+04  -1.29007E+05
   2.86620E-02   4.11337E-03   9.11192E-01   1.53502E-03   5.44979E-02   6.49613E+04  -3.81402E+03  -1.93698E+04  -4.41108E+04  -1.29020E+05
   2.85620E-02   4.11379E-03   9.11286E-01   1.53517E-03   5.45035E-02   6.49436E+04  -3.81274E+03  -1.93685E+04  -4.41026E+04  -1.29032E+05
   2.84620E-02   4.11422E-03   9.11379E-01   1.53533E-03   5.45091E-02   6.49259E+04  -3.81146E+03  -1.93672E+04  -4.40944E+04  -1.29045E+05
   2.83620E-02   4.11464E-03   9.11473E-01   1.53549E-03   5.45147E-02   6.49081E+04  -3.81018E+03  -1.93659E+04  -4.40863E+04  -1.29058E+05
   2.82620E-02   4.11506E-03   9.11567E-01   1.53565E-03   5.45203E-02   6.48903E+04  -3.80890E+03  -1.93646E+04  -4.40781E+04  -1.29070E+05
   2.81620E-02   4.11549E-03   9.11661E-01   1.53581E-03   5.45259E-02   6.48724E+04  -3.80763E+03  -1.93633E+04  -4.40699E+04  -1.29083E+05
   2.80620E-02   4.11591E-03   9.11755E-01   1.53596E-03   5.45315E-02   6.48544E+04  -3.80635E+03  -1.93621E+04  -4.40618E+04  -1.29095E+05
   2.79620E-02   4.11633E-03   9.11848E-01   1.53612E-03   5.45372E-02   6.48364E+04  -3.80508E+03  -1.93608E+04  -4.40536E+04  -1.29108E+05
   2.78620E-02   4.11676E-03   9.11942E-01   1.53628E-03   5.45428E-02   6.48183E+04  -3.80380E+03  -1.93595E+04  -4.40455E+04  -1.29121E+05
   2.77620E-02   4.11718E-03   9.12036E-01   1.53644E-03   5.45484E-02   6.48002E+04  -3.80253E+03  -1.93582E+04  -4.40373E+04  -1.29133E+05
   2.76620E-02   4.11760E-03   9.12130E-01   1.53660E-03   5.45540E-02   6.47820E+04  -3.80126E+03  -1.93569E+04  -4.40292E+04  -1.29146E+05
   2.75620E-02   4.11803E-03   9.12224E-01   1.53675E-03   5.45596E-02   6.47637E+04  -3.79998E+03  -1.93556E+04  -4.40210E+04  -1.29158E+05
   2.74620E-02   4.11845E-03   9.12317E-01   1.53691E-03   5.45652E-02   6.47454E+04  -3.79871E+03  -1.93543E+04  -4.40129E+04  -1.29171E+05
   2.73620E-02   4.11887E-03   9.12411E-01   1.53707E-03   5.45708E-02   6.47270E+04  -3.79744E+03  -1.93530E+04  -4.40047E+04  -1.29184E+05
   2.72620E-02   4.11930E-03   9.12505E-01   1.53723E-03   5.45764E-02   6.47085E+04  -3.79617E+03  -1.93518E+04  -4.39966E+04  -1.29196E+05
   2.71620E-02   4.11972E-03   9.12599E-01   1.53739E-03   5.45820E-02   6.46900E+04  -3.79490E+03  -1.93505E+04  -4.39884E+04  -1.29209E+05
   2.70620E-02   4.12014E-03   9.12693E-01   1.53754E-03   5.45877E-02   6.46714E+04  -3.79363E+03  -1.93492E+04  -4.39803E+04  -1.29221E+05
   2.69620E-02   4.12057E-03   9.12786E-01   1.53770E-03   5.45933E-02   6.46528E+04  -3.79236E+03  -1.93479E+04  -4.39722E+04  -1.29234E+05
   2.68620E-02   4.12099E-03   9.12880E-01   1.53786E-03   5.45989E-02   6.46341E+04  -3.79110E+03  -1.93466E+04  -4.39640E+04  -1.29247E+05
   2.67620E-02   4.12141E-03   9.12974E-01   1.53802E-03   5.46045E-02   6.46153E+04  -3.78983E+03  -1.93453E+04  -4.39559E+04  -1.29259E+05
   2.66620E-02   4.12184E-03   9.13068E-01   1.53818E-03   5.46101E-02   6.45965E+04  -3.78856E+03  -1.93440E+04  -4.39477E+04  -1.29272E+05
   2.65620E-02   4.12226E-03   9.13162E-01   1.53833E-03   5.46157E-02   6.45776E+04  -3.78730E+03  -1.93428E+04  -4.39396E+04  -1.29284E+05
   2.64620E-02   4.12268E-03   9.13255E-01   1.53849E-03   5.46213E-02   6.45586E+04  -3.78603E+03  -1.93415E+04  -4.39315E+04  -1.29297E+05
   2.63620E-02   4.12311E-03   9.13349E-01   1.53865E-03   5.46269E-02   6.45395E+04  -3.78477E+03  -1.93402E+04  -4.39234E+04  -1.29309E+05
   2.62620E-02   4.12353E-03   9.13443E-01   1.53881E-03   5.46325E-02   6.45204E+04  -3.78350E+03  -1.93389E+04  -4.39152E+04  -1.29322E+05
   2.61620E-02   4.12396E-03   9.13537E-01   1.53897E-03   5.46382E-02   6.45012E+04  -3.78224E+03  -1.93376E+04  -4.39071E+04  -1.29335E+05
   2.60620E-02   4.12438E-03   9.13631E-01   1.53912E-03   5.46438E-02   6.44820E+04  -3.78098E+03  -1.93363E+04  -4.38990E+04  -1.29347E+05
   2.59620E-02   4.12480E-03   9.13725E-01   1.53928E-03   5.46494E-02   6.44627E+04  -3.77972E+03  -1.93351E+04  -4.38909E+04  -1.29360E+05
   2.58620E-02   4.12523E-03   9.13818E-01   1.53944E-03   5.46550E-02   6.44433E+04  -3.77845E+03  -1.93338E+04  -4.38827E+04  -1.29372E+05
   2.57620E-02   4.12565E-03   9.13912E-01   1.53960E-03   5.46606E-02   6.44238E+04  -3.77719E+03  -1.93325E+04  -4.38746E+04  -1.29385E+05
   2.56620E-02   4.12607E-03   9.14006E-01   1.53976E-03   5.46662E-02   6.44043E+04  -3.77593E+03  -1.93312E+04  -4.38665E+04  -1.29397E+05
   2.55620E-02   4.12650E-03   9.14100E-01   1.53991E-03   5.46718E-02   6.43847E+04  -3.77467E+03  -1.93299E+04  -4.38584E+04  -1.29410E+05
   2.54620E-02   4.12692E-03   9.14194E-01   1.54007E-03   5.46774E-02   6.43650E+04  -3.77342E+03  -1.93287E+04  -4.38503E+04  -1.29423E+05
   2.53620E-02   4.12734E-03   9.14287E-01   1.54023E-03   5.46830E-02   6.43452E+04  -3.77216E+03  -1.93274E+04  -4.38422E+04  -1.29435E+05
   2.52620E-02   4.12777E-03   9.14381E-01   1.54039E-03   5.46886E-02   6.43254E+04  -3.77090E+03  -1.93261E+04  -4.38340E+04  -1.29448E+05
   2.51620E-02   4.12819E-03   9.14475E-01   1.54055E-03   5.46943E-02   6.43055E+04  -3.76964E+03  -1.93248E+04  -4.38259E+04  -1.29460E+05
   2.50620E-02   4.12861E-03   9.14569E-01   1.54070E-03   5.46999E-02   6.42855E+04  -3.76839E+03  -1.93235E+04  -4.38178E+04  -1.29473E+05
   2.49620E-02   4.12904E-03   9.14663E-01   1.54086E-03   5.47055E-02   6.42655E+04  -3.76713E+03  -1.93223E+04  -4.38097E+04  -1.29485E+05
   2.48620E-02   4.12946E-03   9.14756E-01   1.54102E-03   5.47111E-02   6.42453E+04  -3.76588E+03  -1.93210E+04  -4.38016E+04  -1.29498E+05
   2.47620E-02   4.12988E-03   9.14850E-01   1.54118E-03   5.47167E-02   6.42251E+04  -3.76462E+03  -1.93197E+04  -4.37935E+04  -1.29510E+05
   2.46620E-02   4.13031E-03   9.14944E-01   1.54134E-03   5.47223E-02   6.42048E+04  -3.76337E+03  -1.93184E+04  -4.37854E+04  -1.29523E+05
   2.45620E-02   4.13073E-03   9.15038E-01   1.54149E-03   5.47279E-02   6.41845E+04  -3.76212E+03  -1.93171E+04  -4.37773E+04  -1.29535E+05
   2.44620E-02   4.13115E-03   9.15132E-01   1.54165E-03   5.47335E-02   6.41640E+04  -3.76086E+03  -1.93159E+04  -4.37692E+04  -1.29548E+05
   2.43620E-02   4.13158E-03   9.15225E-01   1.54181E-03   5.47391E-02   6.41435E+04  -3.75961E+03  -1.93146E+04  -4.37611E+04  -1.29560E+05
   2.42620E-02   4.13200E-03   9.15319E-01   1.54197E-03   5.47448E-02   6.41229E+04  -3.75836E+03  -1.93133E+04  -4.37530E+04  -1.29573E+05
   2.41620E-02   4.13242E-03   9.15413E-01   1.54213E-03   5.47504E-02   6.41022E+04  -3.75711E+03  -1.93120E+04  -4.37450E+04  -1.29585E+05
   2.40620E-02   4.13285E-03   9.15507E-01   1.54228E-03   5.47560E-02   6.40815E+04  -3.75586E+03  -1.93108E+04  -4.37369E+04  -1.29598E+05
   2.39620E-02   4.13327E-03   9.15601E-01   1.54244E-03   5.47616E-02   6.40606E+04  -3.75461E+03  -1.93095E+04  -4.37288E+04  -1.29611E+05
   2.38620E-02   4.13370E-03   9.15694E-01   1.54260E-03   5.47672E-02   6.40397E+04  -3.75336E+03  -1.93082E+04  -4.37207E+04  -1.29623E+05
   2.37620E-02   4.13412E-03   9.15788E-01   1.54276E-03   5.47728E-02   6.40187E+04  -3.75212E+03  -1.93069E+04  -4.37126E+04  -1.29636E+05
   2.36620E-02   4.13454E-03   9.15882E-01   1.54292E-03   5.47784E-02   6.39976E+04  -3.75087E+03  -1.93057E+04  -4.37045E+04  -1.29648E+05
   2.35620E-02   4.13497E-03   9.15976E-01   1.54307E-03   5.47840E-02   6.39764E+04  -3.74962E+03  -1.93044E+04  -4.36964E+04  -1.29661E+05
   2.34620E-02   4.13539E-03   9.16070E-01   1.54323E-03   5.47896E-02   6.39551E+04  -3.74838E+03  -1.93031E+04  -4.36884E+04  -1.29673E+05
   2.33620E-02   4.13581E-03   9.16164E-01   1.54339E-03   5.47952E-02   6.39338E+04  -3.74713E+03  -1.93018E+04  -4.36803E+04  -1.29686E+05
   2.32620E-02   4.13624E-03   9.16257E-01   1.54355E-03   5.48009E-02   6.39123E+04  -3.74589E+03  -1.93006E+04  -4.36722E+04  -1.29698E+05
   2.31620E-02   4.13666E-03   9.16351E-01   1.54371E-03   5.48065E-02   6.38908E+04  -3.74464E+03  -1.92993E+04  -4.36641E+04  -1.29711E+05
   2.30620E-02   4.13708E-03   9.16445E-01   1.54387E-03   5.48121E-02   6.38692E+04  -3.74340E+03  -1.92980E+04  -4.36561E+04  -1.29723E+05
   2.29620E-02   4.13751E-03   9.16539E-01   1.54402E-03   5.48177E-02   6.38475E+04  -3.74216E+03  -1.92967E+04  -4.36480E+04  -1.29736E+05
   2.28620E-02   4.13793E-03   9.16633E-01   1.54418E-03   5.48233E-02   6.38257E+04  -3.74091E+03  -1.92955E+04  -4.36399E+04  -1.29748E+05
   2.27620E-02   4.13835E-03   9.16726E-01   1.54434E-03   5.48289E-02   6.38038E+04  -3.73967E+03  -1.92942E+04  -4.36319E+04  -1.29760E+05
   2.26620E-02   4.13878E-03   9.16820E-01   1.54450E-03   5.48345E-02   6.37818E+04  -3.73843E+03  -1.92929E+04  -4.36238E+04  -1.29773E+05
   2.25620E-02   4.13920E-03   9.16914E-01   1.54466E-03   5.48401E-02   6.37598E+04  -3.73719E+03  -1.92917E+04  -4.36157E+04  -1.29785E+05
   2.24620E-02   4.13962E-03   9.17008E-01   1.54481E-03   5.48457E-02   6.37376E+04  -3.73595E+03  -1.92904E+04  -4.36077E+04  -1.29798E+05
   2.23620E-02   4.14005E-03   9.17102E-01   1.54497E-03   5.48514E-02   6.37153E+04  -3.73471E+03  -1.92891E+04  -4.35996E+04  -1.29810E+05
   2.22620E-02   4.14047E-03   9.17195E-01   1.54513E-03   5.48570E-02   6.36930E+04  -3.73348E+03  -1.92878E+04  -4.35916E+04  -1.29823E+05
   2.21620E-02   4.14089E-03   9.17289E-01   1.54529E-03   5.48626E-02   6.36705E+04  -3.73224E+03  -1.92866E+04  -4.35835E+04  -1.29835E+05
   2.20620E-02   4.14132E-03   9.17383E-01   1.54545E-03   5.48682E-02   6.36480E+04  -3.73100E+03  -1.92853E+04  -4.35754E+04  -1.29848E+05
   2.19620E-02   4.14174E-03   9.17477E-01   1.54560E-03   5.48738E-02   6.36253E+04  -3.72976E+03  -1.92840E+04  -4.35674E+04  -1.29860E+05
   2.18620E-02   4.14216E-03   9.17571E-01   1.54576E-03   5.48794E-02   6.36026E+04  -3.72853E+03  -1.92828E+04  -4.35593E+04  -1.29873E+05
   2.17620E-02   4.14259E-03   9.17664E-01   1.54592E-03   5.48850E-02   6.35797E+04  -3.72729E+03  -1.92815E+04  -4.35513E+04  -1.29885E+05
   2.16620E-02   4.14301E-03   9.17758E-01   1.54608E-03   5.48906E-02   6.35568E+04  -3.72606E+03  -1.92802E+04  -4.35432E+04  -1.29898E+05
   2.15620E-02   4.14344E-03   9.17852E-01   1.54624E-03   5.48962E-02   6.35338E+04  -3.72483E+03  -1.92790E+04  -4.35352E+04  -1.29910E+05
   2.14620E-02   4.14386E-03   9.17946E-01   1.54639E-03   5.49018E-02   6.35106E+04  -3.72359E+03  -1.92777E+04  -4.35272E+04  -1.29923E+05
   2.13620E-02   4.14428E-03   9.18040E-01   1.54655E-03   5.49075E-02   6.34874E+04  -3.72236E+03  -1.92764E+04  -4.35191E+04  -1.29935E+05
   2.12620E-02   4.14471E-03   9.18134E-01   1.54671E-03   5.49131E-02   6.34640E+04  -3.72113E+03  -1.92752E+04  -4.35111E+04  -1.29947E+05
   2.11620E-02   4.14513E-03   9.18227E-01   1.54687E-03   5.49187E-02   6.34405E+04  -3.71990E+03  -1.92739E+04  -4.35030E+04  -1.29960E+05
   2.10620E-02   4.14555E-03   9.18321E-01   1.54703E-03   5.49243E-02   6.34170E+04  -3.71867E+03  -1.92726E+04  -4.34950E+04  -1.29972E+05
   2.09620E-02   4.14598E-03   9.18415E-01   1.54718E-03   5.49299E-02   6.33933E+04  -3.71744E+03  -1.92714E+04  -4.34870E+04  -1.29985E+05
   2.08620E-02   4.14640E-03   9.18509E-01   1.54734E-03   5.49355E-02   6.33695E+04  -3.71621E+03  -1.92701E+04  -4.34789E+04  -1.29997E+05
   2.07620E-02   4.14682E-03   9.18603E-01   1.54750E-03   5.49411E-02   6.33456E+04  -3.71498E+03  -1.92688E+04  -4.34709E+04  -1.30010E+05
   2.06620E-02   4.14725E-03   9.18696E-01   1.54766E-03   5.49467E-02   6.33216E+04  -3.71375E+03  -1.92676E+04  -4.34629E+04  -1.30022E+05
   2.05620E-02   4.14767E-03   9.18790E-01   1.54782E-03   5.49523E-02   6.32975E+04  -3.71252E+03  -1.92663E+04  -4.34548E+04  -1.30035E+05
   2.04620E-02   4.14809E-03   9.18884E-01   1.54797E-03   5.49580E-02   6.32733E+04  -3.71130E+03  -1.92650E+04  -4.34468E+04  -1.30047E+05
   2.03620E-02   4.14852E-03   9.18978E-01   1.54813E-03   5.49636E-02   6.32489E+04  -3.71007E+03  -1.92638E+04  -4.34388E+04  -1.30059E+05
   2.02620E-02   4.14894E-03   9.19072E-01   1.54829E-03   5.49692E-02   6.32245E+04  -3.70884E+03  -1.92625E+04  -4.34308E+04  -1.30072E+05
   2.01620E-02   4.14936E-03   9.19165E-01   1.54845E-03   5.49748E-02   6.31999E+04  -3.70762E+03  -1.92612E+04  -4.34227E+04  -1.30084E+05
   2.00620E-02   4.14979E-03   9.19259E-01   1.54861E-03   5.49804E-02   6.31752E+04  -3.70639E+03  -1.92600E+04  -4.34147E+04  -1.30097E+05
   1.99620E-02   4.15021E-03   9.19353E-01   1.54876E-03   5.49860E-02   6.31504E+04  -3.70517E+03  -1.92587E+04  -4.34067E+04  -1.30109E+05
   1.98620E-02   4.15063E-03   9.19447E-01   1.54892E-03   5.49916E-02   6.31255E+04  -3.70395E+03  -1.92574E+04  -4.33987E+04  -1.30121E+05
   1.97620E-02   4.15106E-03   9.19541E-01   1.54908E-03   5.49972E-02   6.31005E+04  -3.70272E+03  -1.92562E+04  -4.33907E+04  -1.30134E+05
   1.96620E-02   4.15148E-03   9.19634E-01   1.54924E-03   5.50028E-02   6.30753E+04  -3.70150E+03  -1.92549E+04  -4.33827E+04  -1.30146E+05
   1.95620E-02   4.15190E-03   9.19728E-01   1.54940E-03   5.50085E-02   6.30500E+04  -3.70028E+03  -1.92537E+04  -4.33747E+04  -1.30159E+05
   1.94620E-02   4.15233E-03   9.19822E-01   1.54955E-03   5.50141E-02   6.30246E+04  -3.69906E+03  -1.92524E+04  -4.33666E+04  -1.30171E+05
   1.93620E-02   4.15275E-03   9.19916E-01   1.54971E-03   5.50197E-02   6.29990E+04  -3.69784E+03  -1.92511E+04  -4.33586E+04  -1.30184E+05
   1.92620E-02   4.15318E-03   9.20010E-01   1.54987E-03   5.50253E-02   6.29734E+04  -3.69662E+03  -1.92499E+04  -4.33506E+04  -1.30196E+05
   1.91620E-02   4.15360E-03   9.20103E-01   1.55003E-03   5.50309E-02   6.29476E+04  -3.69540E+03  -1.92486E+04  -4.33426E+04  -1.30208E+05
   1.90620E-02   4.15402E-03   9.20197E-01   1.55019E-03   5.50365E-02   6.29216E+04  -3.69418E+03  -1.92473E+04  -4.33346E+04  -1.30221E+05
   1.89620E-02   4.15445E-03   9.20291E-01   1.55034E-03   5.50421E-02   6.28956E+04  -3.69297E+03  -1.92461E+04  -4.33266E+04  -1.30233E+05
   1.88620E-02   4.15487E-03   9.20385E-01   1.55050E-03   5.50477E-02   6.28694E+04  -3.69175E+03  -1.92448E+04  -4.33186E+04  -1.30245E+05
   1.87620E-02   4.15529E-03   9.20479E-01   1.55066E-03   5.50533E-02   6.28431E+04  -3.69053E+03  -1.92436E+04  -4.33106E+04  -1.30258E+05
   1.86620E-02   4.15572E-03   9.20573E-01   1.55082E-03   5.50589E-02   6.28166E+04  -3.68932E+03  -1.92423E+04  -4.33026E+04  -1.30270E+05
   1.85620E-02   4.15614E-03   9.20666E-01   1.55098E-03   5.50646E-02   6.27900E+04  -3.68810E+03  -1.92410E+04  -4.32946E+04  -1.30283E+05
   1.84620E-02   4.15656E-03   9.20760E-01   1.55113E-03   5.50702E-02   6.27633E+04  -3.68689E+03  -1.92398E+04  -4.32867E+04  -1.30295E+05
   1.83620E-02   4.15699E-03   9.20854E-01   1.55129E-03   5.50758E-02   6.27364E+04  -3.68568E+03  -1.92385E+04  -4.32787E+04  -1.30307E+05
   1.82620E-02   4.15741E-03   9.20948E-01   1.55145E-03   5.50814E-02   6.27094E+04  -3.68446E+03  -1.92373E+04  -4.32707E+04  -1.30320E+05
   1.81620E-02   4.15783E-03   9.21042E-01   1.55161E-03   5.50870E-02   6.26822E+04  -3.68325E+03  -1.92360E+04  -4.32627E+04  -1.30332E+05
   1.80620E-02   4.15826E-03   9.21135E-01   1.55177E-03   5.50926E-02   6.26549E+04  -3.68204E+03  -1.92348E+04  -4.32547E+04  -1.30345E+05
   1.79620E-02   4.15868E-03   9.21229E-01   1.55192E-03   5.50982E-02   6.26275E+04  -3.68083E+03  -1.92335E+04  -4.32467E+04  -1.30357E+05
   1.78620E-02   4.15910E-03   9.21323E-01   1.55208E-03   5.51038E-02   6.25999E+04  -3.67962E+03  -1.92322E+04  -4.32387E+04  -1.30369E+05
   1.77620E-02   4.15953E-03   9.21417E-01   1.55224E-03   5.51094E-02   6.25722E+04  -3.67841E+03  -1.92310E+04  -4.32308E+04  -1.30382E+05
   1.76620E-02   4.15995E-03   9.21511E-01   1.55240E-03   5.51151E-02   6.25443E+04  -3.67720E+03  -1.92297E+04  -4.32228E+04  -1.30394E+05
   1.75620E-02   4.16037E-03   9.21604E-01   1.55256E-03   5.51207E-02   6.25162E+04  -3.67599E+03  -1.92285E+04  -4.32148E+04  -1.30406E+05
   1.74620E-02   4.16080E-03   9.21698E-01   1.55271E-03   5.51263E-02   6.24880E+04  -3.67478E+03  -1.92272E+04  -4.32068E+04  -1.30419E+05
   1.73620E-02   4.16122E-03   9.21792E-01   1.55287E-03   5.51319E-02   6.24597E+04  -3.67357E+03  -1.92260E+04  -4.31989E+04  -1.30431E+05
   1.72620E-02   4.16164E-03   9.21886E-01   1.55303E-03   5.51375E-02   6.24311E+04  -3.67237E+03  -1.92247E+04  -4.31909E+04  -1.30443E+05
   1.71620E-02   4.16207E-03   9.21980E-01   1.55319E-03   5.51431E-02   6.24025E+04  -3.67116E+03  -1.92234E+04  -4.31829E+04  -1.30456E+05
   1.70620E-02   4.16249E-03   9.22073E-01   1.55335E-03   5.51487E-02   6.23736E+04  -3.66995E+03  -1.92222E+04  -4.31749E+04  -1.30468E+05
   1.69620E-02   4.16292E-03   9.22167E-01   1.55350E-03   5.51543E-02   6.23446E+04  -3.66875E+03  -1.92209E+04  -4.31670E+04  -1.30480E+05
   1.68620E-02   4.16334E-03   9.22261E-01   1.55366E-03   5.51599E-02   6.23155E+04  -3.66754E+03  -1.92197E+04  -4.31590E+04  -1.30493E+05
   1.67620E-02   4.16376E-03   9.22355E-01   1.55382E-03   5.51655E-02   6.22861E+04  -3.66634E+03  -1.92184E+04  -4.31511E+04  -1.30505E+05
   1.66620E-02   4.16419E-03   9.22449E-01   1.55398E-03   5.51712E-02   6.22566E+04  -3.66514E+03  -1.92172E+04  -4.31431E+04  -1.30517E+05
   1.65620E-02   4.16461E-03   9.22542E-01   1.55414E-03   5.51768E-02   6.22270E+04  -3.66393E+03  -1.92159E+04  -4.31351E+04  -1.30530E+05
   1.64620E-02   4.16503E-03   9.22636E-01   1.55430E-03   5.51824E-02   6.21971E+04  -3.66273E+03  -1.92147E+04  -4.31272E+04  -1.30542E+05
   1.63620E-02   4.16546E-03   9.22730E-01   1.55445E-03   5.51880E-02   6.21671E+04  -3.66153E+03  -1.92134E+04  -4.31192E+04  -1.30554E+05
   1.62620E-02   4.16588E-03   9.22824E-01   1.55461E-03   5.51936E-02   6.21369E+04  -3.66033E+03  -1.92122E+04  -4.31113E+04  -1.30567E+05
   1.61620E-02   4.16630E-03   9.22918E-01   1.55477E-03   5.51992E-02   6.21065E+04  -3.65913E+03  -1.92109E+04  -4.31033E+04  -1.30579E+05
   1.60620E-02   4.16673E-03   9.23012E-01   1.55493E-03   5.52048E-02   6.20759E+04  -3.65793E+03  -1.92097E+04  -4.30954E+04  -1.30591E+05
   1.59620E-02   4.16715E-03   9.23105E-01   1.55509E-03   5.52104E-02   6.20452E+04  -3.65673E+03  -1.92084E+04  -4.30874E+04  -1.30604E+05
   1.58620E-02   4.16757E-03   9.23199E-01   1.55524E-03   5.52160E-02   6.20142E+04  -3.65553E+03  -1.92072E+04  -4.30795E+04  -1.30616E+05
   1.57620E-02   4.16800E-03   9.23293E-01   1.55540E-03   5.52217E-02   6.19831E+04  -3.65434E+03  -1.92059E+04  -4.30715E+04  -1.30628E+05
   1.56620E-02   4.16842E-03   9.23387E-01   1.55556E-03   5.52273E-02   6.19518E+04  -3.65314E+03  -1.92047E+04  -4.30636E+04  -1.30641E+05
   1.55620E-02   4.16884E-03   9.23481E-01   1.55572E-03   5.52329E-02   6.19203E+04  -3.65194E+03  -1.92034E+04  -4.30556E+04  -1.30653E+05
   1.54620E-02   4.16927E-03   9.23574E-01   1.55588E-03   5.52385E-02   6.18886E+04  -3.65075E+03  -1.92022E+04  -4.30477E+04  -1.30665E+05
   1.53620E-02   4.16969E-03   9.23668E-01   1.55603E-03   5.52441E-02   6.18567E+04  -3.64955E+03  -1.92009E+04  -4.30397E+04  -1.30678E+05
   1.52620E-02   4.17011E-03   9.23762E-01   1.55619E-03   5.52497E-02   6.18246E+04  -3.64836E+03  -1.91997E+04  -4.30318E+04  -1.30690E+05
   1.51620E-02   4.17054E-03   9.23856E-01   1.55635E-03   5.52553E-02   6.17923E+04  -3.64716E+03  -1.91984E+04  -4.30239E+04  -1.30702E+05
   1.50620E-02   4.17096E-03   9.23950E-01   1.55651E-03   5.52609E-02   6.17597E+04  -3.64597E+03  -1.91972E+04  -4.30159E+04  -1.30714E+05
   1.49620E-02   4.17138E-03   9.24043E-01   1.55667E-03   5.52665E-02   6.17270E+04  -3.64478E+03  -1.91959E+04  -4.30080E+04  -1.30727E+05
   1.48620E-02   4.17181E-03   9.24137E-01   1.55682E-03   5.52721E-02   6.16941E+04  -3.64358E+03  -1.91947E+04  -4.30001E+04  -1.30739E+05
   1.47620E-02   4.17223E-03   9.24231E-01   1.55698E-03   5.52778E-02   6.16609E+04  -3.64239E+03  -1.91934E+04  -4.29922E+04  -1.30751E+05
   1.46620E-02   4.17265E-03   9.24325E-01   1.55714E-03   5.52834E-02   6.16275E+04  -3.64120E+03  -1.91922E+04  -4.29842E+04  -1.30764E+05
   1.45620E-02   4.17308E-03   9.24419E-01   1.55730E-03   5.52890E-02   6.15939E+04  -3.64001E+03  -1.91909E+04  -4.29763E+04  -1.30776E+05
   1.44620E-02   4.17350E-03   9.24512E-01   1.55746E-03   5.52946E-02   6.15601E+04  -3.63882E+03  -1.91897E+04  -4.29684E+04  -1.30788E+05
   1.43620E-02   4.17393E-03   9.24606E-01   1.55761E-03   5.53002E-02   6.15261E+04  -3.63763E+03  -1.91884E+04  -4.29605E+04  -1.30800E+05
   1.42620E-02   4.17435E-03   9.24700E-01   1.55777E-03   5.53058E-02   6.14918E+04  -3.63644E+03  -1.91872E+04  -4.29525E+04  -1.30813E+05
   1.41620E-02   4.17477E-03   9.24794E-01   1.55793E-03   5.53114E-02   6.14573E+04  -3.63526E+03  -1.91859E+04  -4.29446E+04  -1.30825E+05
   1.40620E-02   4.17520E-03   9.24888E-01   1.55809E-03   5.53170E-02   6.14225E+04  -3.63407E+03  -1.91847E+04  -4.29367E+04  -1.30837E+05
   1.39620E-02   4.17562E-03   9.24981E-01   1.55825E-03   5.53226E-02   6.13875E+04  -3.63288E+03  -1.91834E+04  -4.29288E+04  -1.30850E+05
   1.38620E-02   4.17604E-03   9.25075E-01   1.55840E-03   5.53283E-02   6.13523E+04  -3.63170E+03  -1.91822E+04  -4.29209E+04  -1.30862E+05
   1.37620E-02   4.17647E-03   9.25169E-01   1.55856E-03   5.53339E-02   6.13168E+04  -3.63051E+03  -1.91810E+04  -4.29130E+04  -1.30874E+05
   1.36620E-02   4.17689E-03   9.25263E-01   1.55872E-03   5.53395E-02   6.12811E+04  -3.62933E+03  -1.91797E+04  -4.29050E+04  -1.30886E+05
   1.35620E-02   4.17731E-03   9.25357E-01   1.55888E-03   5.53451E-02   6.12451E+04  -3.62814E+03  -1.91785E+04  -4.28971E+04  -1.30899E+05
   1.34620E-02   4.17774E-03   9.25451E-01   1.55904E-03   5.53507E-02   6.12088E+04  -3.62696E+03  -1.91772E+04  -4.28892E+04  -1.30911E+05
   1.33620E-02   4.17816E-03   9.25544E-01   1.55919E-03   5.53563E-02   6.11723E+04  -3.62577E+03  -1.91760E+04  -4.28813E+04  -1.30923E+05
   1.32620E-02   4.17858E-03   9.25638E-01   1.55935E-03   5.53619E-02   6.11355E+04  -3.62459E+03  -1.91747E+04  -4.28734E+04  -1.30935E+05
   1.31620E-02   4.17901E-03   9.25732E-01   1.55951E-03   5.53675E-02   6.10985E+04  -3.62341E+03  -1.91735E+04  -4.28655E+04  -1.30948E+05
   1.30620E-02   4.17943E-03   9.25826E-01   1.55967E-03   5.53731E-02   6.10611E+04  -3.62223E+03  -1.91723E+04  -4.28576E+04  -1.30960E+05
   1.29620E-02   4.17985E-03   9.25920E-01   1.55983E-03   5.53788E-02   6.10235E+04  -3.62105E+03  -1.91710E+04  -4.28497E+04  -1.30972E+05
   1.28620E-02   4.18028E-03   9.26013E-01   1.55998E-03   5.53844E-02   6.09857E+04  -3.61987E+03  -1.91698E+04  -4.28418E+04  -1.30984E+05
   1.27620E-02   4.18070E-03   9.26107E-01   1.56014E-03   5.53900E-02   6.09475E+04  -3.61869E+03  -1.91685E+04  -4.28339E+04  -1.30997E+05
   1.26620E-02   4.18112E-03   9.26201E-01   1.56030E-03   5.53956E-02   6.09090E+04  -3.61751E+03  -1.91673E+04  -4.28260E+04  -1.31009E+05
   1.25620E-02   4.18155E-03   9.26295E-01   1.56046E-03   5.54012E-02   6.08702E+04  -3.61633E+03  -1.91660E+04  -4.28181E+04  -1.31021E+05
   1.24620E-02   4.18197E-03   9.26389E-01   1.56062E-03   5.54068E-02   6.08312E+04  -3.61515E+03  -1.91648E+04  -4.28103E+04  -1.31033E+05
   1.23620E-02   4.18239E-03   9.26482E-01   1.56077E-03   5.54124E-02   6.07918E+04  -3.61398E+03  -1.91636E+04  -4.28024E+04  -1.31046E+05
   1.22620E-02   4.18282E-03   9.26576E-01   1.56093E-03   5.54180E-02   6.07521E+04  -3.61280E+03  -1.91623E+04  -4.27945E+04  -1.31058E+05
   1.21620E-02   4.18324E-03   9.26670E-01   1.56109E-03   5.54236E-02   6.07121E+04  -3.61163E+03  -1.91611E+04  -4.27866E+04  -1.31070E+05
   1.20620E-02   4.18367E-03   9.26764E-01   1.56125E-03   5.54292E-02   6.06718E+04  -3.61045E+03  -1.91598E+04  -4.27787E+04  -1.31082E+05
   1.19620E-02   4.18409E-03   9.26858E-01   1.56141E-03   5.54349E-02   6.06311E+04  -3.60928E+03  -1.91586E+04  -4.27708E+04  -1.31094E+05
   1.18620E-02   4.18451E-03   9.26951E-01   1.56156E-03   5.54405E-02   6.05901E+04  -3.60810E+03  -1.91574E+04  -4.27629E+04  -1.31107E+05
   1.17620E-02   4.18494E-03   9.27045E-01   1.56172E-03   5.54461E-02   6.05488E+04  -3.60693E+03  -1.91561E+04  -4.27551E+04  -1.31119E+05
   1.16620E-02   4.18536E-03   9.27139E-01   1.56188E-03   5.54517E-02   6.05071E+04  -3.60576E+03  -1.91549E+04  -4.27472E+04  -1.31131E+05
   1.15620E-02   4.18578E-03   9.27233E-01   1.56204E-03   5.54573E-02   6.04651E+04  -3.60458E+03  -1.91536E+04  -4.27393E+04  -1.31143E+05
   1.14620E-02   4.18621E-03   9.27327E-01   1.56220E-03   5.54629E-02   6.04228E+04  -3.60341E+03  -1.91524E+04  -4.27314E+04  -1.31156E+05
   1.13620E-02   4.18663E-03   9.27420E-01   1.56235E-03   5.54685E-02   6.03800E+04  -3.60224E+03  -1.91512E+04  -4.27236E+04  -1.31168E+05
   1.12620E-02   4.18705E-03   9.27514E-01   1.56251E-03   5.54741E-02   6.03369E+04  -3.60107E+03  -1.91499E+04  -4.27157E+04  -1.31180E+05
   1.11620E-02   4.18748E-03   9.27608E-01   1.56267E-03   5.54797E-02   6.02934E+04  -3.59990E+03  -1.91487E+04  -4.27078E+04  -1.31192E+05
   1.10620E-02   4.18790E-03   9.27702E-01   1.56283E-03   5.54854E-02   6.02496E+04  -3.59873E+03  -1.91475E+04  -4.27000E+04  -1.31204E+05
   1.09620E-02   4.18832E-03   9.27796E-01   1.56299E-03   5.54910E-02   6.02053E+04  -3.59756E+03  -1.91462E+04  -4.26921E+04  -1.31217E+05
   1.08620E-02   4.18875E-03   9.27890E-01   1.56314E-03   5.54966E-02   6.01607E+04  -3.59640E+03  -1.91450E+04  -4.26842E+04  -1.31229E+05
   1.07620E-02   4.18917E-03   9.27983E-01   1.56330E-03   5.55022E-02   6.01156E+04  -3.59523E+03  -1.91438E+04  -4.26764E+04  -1.31241E+05
   1.06620E-02   4.18959E-03   9.28077E-01   1.56346E-03   5.55078E-02   6.00701E+04  -3.59406E+03  -1.91425E+04  -4.26685E+04  -1.31253E+05
   1.05620E-02   4.19002E-03   9.28171E-01   1.56362E-03   5.55134E-02   6.00242E+04  -3.59290E+03  -1.91413E+04  -4.26607E+04  -1.31265E+05
   1.04620E-02   4.19044E-03   9.28265E-01   1.56378E-03   5.55190E-02   5.99779E+04  -3.59173E+03  -1.91400E+04  -4.26528E+04  -1.31278E+05
   1.03620E-02   4.19086E-03   9.28359E-01   1.56393E-03   5.55246E-02   5.99312E+04  -3.59057E+03  -1.91388E+04  -4.26450E+04  -1.31290E+05
   1.02620E-02   4.19129E-03   9.28452E-01   1.56409E-03   5.55302E-02   5.98840E+04  -3.58940E+03  -1.91376E+04  -4.26371E+04  -1.31302E+05
   1.01620E-02   4.19171E-03   9.28546E-01   1.56425E-03   5.55358E-02   5.98364E+04  -3.58824E+03  -1.91363E+04  -4.26292E+04  -1.31314E+05
   1.00620E-02   4.19213E-03   9.28640E-01   1.56441E-03   5.55415E-02   5.97883E+04  -3.58707E+03  -1.91351E+04  -4.26214E+04  -1.31326E+05
   9.96201E-03   4.19256E-03   9.28734E-01   1.56457E-03   5.55471E-02   5.97397E+04  -3.58591E+03  -1.91339E+04  -4.26136E+04  -1.31338E+05
   9.86201E-03   4.19298E-03   9.28828E-01   1.56473E-03   5.55527E-02   5.96906E+04  -3.58475E+03  -1.91326E+04  -4.26057E+04  -1.31351E+05
   9.76201E-03   4.19341E-03   9.28921E-01   1.56488E-03   5.55583E-02   5.96411E+04  -3.58359E+03  -1.91314E+04  -4.25979E+04  -1.31363E+05
   9.66201E-03   4.19383E-03   9.29015E-01   1.56504E-03   5.55639E-02   5.95910E+04  -3.58243E+03  -1.91302E+04  -4.25900E+04  -1.31375E+05
   9.56201E-03   4.19425E-03   9.29109E-01   1.56520E-03   5.55695E-02   5.95405E+04  -3.58127E+03  -1.91289E+04  -4.25822E+04  -1.31387E+05
   9.46201E-03   4.19468E-03   9.29203E-01   1.56536E-03   5.55751E-02   5.94894E+04  -3.58011E+03  -1.91277E+04  -4.25743E+04  -1.31399E+05
   9.36201E-03   4.19510E-03   9.29297E-01   1.56552E-03   5.55807E-02   5.94378E+04  -3.57895E+03  -1.91265E+04  -4.25665E+04  -1.31411E+05
   9.26201E-03   4.19552E-03   9.29390E-01   1.56567E-03   5.55863E-02   5.93856E+04  -3.57779E+03  -1.91253E+04  -4.25587E+04  -1.31424E+05
   9.16201E-03   4.19595E-03   9.29484E-01   1.56583E-03   5.55920E-02   5.93329E+04  -3.57663E+03  -1.91240E+04  -4.25508E+04  -1.31436E+05
   9.06201E-03   4.19637E-03   9.29578E-01   1.56599E-03   5.55976E-02   5.92797E+04  -3.57548E+03  -1.91228E+04  -4.25430E+04  -1.31448E+05
   8.96201E-03   4.19679E-03   9.29672E-01   1.56615E-03   5.56032E-02   5.92258E+04  -3.57432E+03  -1.91216E+04  -4.25352E+04  -1.31460E+05
   8.86201E-03   4.19722E-03   9.29766E-01   1.56631E-03   5.56088E-02   5.91714E+04  -3.57316E+03  -1.91203E+04  -4.25273E+04  -1.31472E+05
   8.76201E-03   4.19764E-03   9.29859E-01   1.56646E-03   5.56144E-02   5.91163E+04  -3.57201E+03  -1.91191E+04  -4.25195E+04  -1.31484E+05
   8.66201E-03   4.19806E-03   9.29953E-01   1.56662E-03   5.56200E-02   5.90606E+04  -3.57085E+03  -1.91179E+04  -4.25117E+04  -1.31497E+05
   8.56201E-03   4.19849E-03   9.30047E-01   1.56678E-03   5.56256E-02   5.90043E+04  -3.56970E+03  -1.91166E+04  -4.25039E+04  -1.31509E+05
   8.46201E-03   4.19891E-03   9.30141E-01   1.56694E-03   5.56312E-02   5.89473E+04  -3.56854E+03  -1.91154E+04  -4.24960E+04  -1.31521E+05
   8.36201E-03   4.19933E-03   9.30235E-01   1.56710E-03   5.56368E-02   5.88897E+04  -3.56739E+03  -1.91142E+04  -4.24882E+04  -1.31533E+05
   8.26201E-03   4.19976E-03   9.30329E-01   1.56725E-03   5.56424E-02   5.88314E+04  -3.56624E+03  -1.91130E+04  -4.24804E+04  -1.31545E+05
   8.16201E-03   4.20018E-03   9.30422E-01   1.56741E-03   5.56481E-02   5.87724E+04  -3.56509E+03  -1.91117E+04  -4.24726E+04  -1.31557E+05
   8.06201E-03   4.20060E-03   9.30516E-01   1.56757E-03   5.56537E-02   5.87127E+04  -3.56394E+03  -1.91105E+04  -4.24648E+04  -1.31569E+05
   7.96201E-03   4.20103E-03   9.30610E-01   1.56773E-03   5.56593E-02   5.86522E+04  -3.56279E+03  -1.91093E+04  -4.24569E+04  -1.31581E+05
   7.86201E-03   4.20145E-03   9.30704E-01   1.56789E-03   5.56649E-02   5.85910E+04  -3.56164E+03  -1.91080E+04  -4.24491E+04  -1.31594E+05
   7.76201E-03   4.20187E-03   9.30798E-01   1.56804E-03   5.56705E-02   5.85291E+04  -3.56049E+03  -1.91068E+04  -4.24413E+04  -1.31606E+05
   7.66201E-03   4.20230E-03   9.30891E-01   1.56820E-03   5.56761E-02   5.84663E+04  -3.55934E+03  -1.91056E+04  -4.24335E+04  -1.31618E+05
   7.56201E-03   4.20272E-03   9.30985E-01   1.56836E-03   5.56817E-02   5.84027E+04  -3.55819E+03  -1.91044E+04  -4.24257E+04  -1.31630E+05
   7.46201E-03   4.20315E-03   9.31079E-01   1.56852E-03   5.56873E-02   5.83383E+04  -3.55704E+03  -1.91031E+04  -4.24179E+04  -1.31642E+05
   7.36201E-03   4.20357E-03   9.31173E-01   1.56868E-03   5.56929E-02   5.82730E+04  -3.55589E+03  -1.91019E+04  -4.24101E+04  -1.31654E+05
   7.26201E-03   4.20399E-03   9.31267E-01   1.56883E-03   5.56986E-02   5.82069E+04  -3.55475E+03  -1.91007E+04  -4.24023E+04  -1.31666E+05
   7.16201E-03   4.20442E-03   9.31360E-01   1.56899E-03   5.57042E-02   5.81398E+04  -3.55360E+03  -1.90995E+04  -4.23945E+04  -1.31678E+05
   7.06201E-03   4.20484E-03   9.31454E-01   1.56915E-03   5.57098E-02   5.80718E+04  -3.55246E+03  -1.90982E+04  -4.23867E+04  -1.31690E+05
   6.96201E-03   4.20526E-03   9.31548E-01   1.56931E-03   5.57154E-02   5.80029E+04  -3.55131E+03  -1.90970E+04  -4.23789E+04  -1.31703E+05
   6.86201E-03   4.20569E-03   9.31642E-01   1.56947E-03   5.57210E-02   5.79330E+04  -3.55017E+03  -1.90958E+04  -4.23711E+04  -1.31715E+05
   6.76201E-03   4.20611E-03   9.31736E-01   1.56962E-03   5.57266E-02   5.78621E+04  -3.54902E+03  -1.90946E+04  -4.23633E+04  -1.31727E+05
   6.66201E-03   4.20653E-03   9.31829E-01   1.56978E-03   5.57322E-02   5.77901E+04  -3.54788E+03  -1.90933E+04  -4.23555E+04  -1.31739E+05
   6.56201E-03   4.20696E-03   9.31923E-01   1.56994E-03   5.57378E-02   5.77170E+04  -3.54674E+03  -1.90921E+04  -4.23477E+04  -1.31751E+05
   6.46201E-03   4.20738E-03   9.32017E-01   1.57010E-03   5.57434E-02   5.76429E+04  -3.54560E+03  -1.90909E+04  -4.23399E+04  -1.31763E+05
   6.36201E-03   4.20780E-03   9.32111E-01   1.57026E-03   5.57490E-02   5.75676E+04  -3.54446E+03  -1.90897E+04  -4.23321E+04  -1.31775E+05
   6.26201E-03   4.20823E-03   9.32205E-01   1.57041E-03   5.57547E-02   5.74911E+04  -3.54331E+03  -1.90885E+04  -4.23243E+04  -1.31787E+05
   6.16201E-03   4.20865E-03   9.32298E-01   1.57057E-03   5.57603E-02   5.74134E+04  -3.54217E+03  -1.90872E+04  -4.23166E+04  -1.31799E+05
   6.06201E-03   4.20907E-03   9.32392E-01   1.57073E-03   5.57659E-02   5.73345E+04  -3.54104E+03  -1.90860E+04  -4.23088E+04  -1.31811E+05
   5.96201E-03   4.20950E-03   9.32486E-01   1.57089E-03   5.57715E-02   5.72543E+04  -3.53990E+03  -1.90848E+04  -4.23010E+04  -1.31824E+05
   5.86201E-03   4.20992E-03   9.32580E-01   1.57105E-03   5.57771E-02   5.71727E+04  -3.53876E+03  -1.90836E+04  -4.22932E+04  -1.31836E+05
   5.76201E-03   4.21034E-03   9.32674E-01   1.57120E-03   5.57827E-02   5.70897E+04  -3.53762E+03  -1.90823E+04  -4.22854E+04  -1.31848E+05
   5.66201E-03   4.21077E-03   9.32768E-01   1.57136E-03   5.57883E-02   5.70053E+04  -3.53648E+03  -1.90811E+04  -4.22777E+04  -1.31860E+05
   5.56201E-03   4.21119E-03   9.32861E-01   1.57152E-03   5.57939E-02   5.69194E+04  -3.53535E+03  -1.90799E+04  -4.22699E+04  -1.31872E+05
   5.46201E-03   4.21161E-03   9.32955E-01   1.57168E-03   5.57995E-02   5.68320E+04  -3.53421E+03  -1.90787E+04  -4.22621E+04  -1.31884E+05
   5.36201E-03   4.21204E-03   9.33049E-01   1.57184E-03   5.58052E-02   5.67430E+04  -3.53308E+03  -1.90775E+04  -4.22543E+04  -1.31896E+05
   5.26201E-03   4.21246E-03   9.33143E-01   1.57199E-03   5.58108E-02   5.66523E+04  -3.53194E+03  -1.90762E+04  -4.22466E+04  -1.31908E+05
   5.16201E-03   4.21289E-03   9.33237E-01   1.57215E-03   5.58164E-02   5.65599E+04  -3.53081E+03  -1.90750E+04  -4.22388E+04  -1.31920E+05
   5.06201E-03   4.21331E-03   9.33330E-01   1.57231E-03   5.58220E-02   5.64657E+04  -3.52967E+03  -1.90738E+04  -4.22310E+04  -1.31932E+05
   4.96201E-03   4.21373E-03   9.33424E-01   1.57247E-03   5.58276E-02   5.63696E+04  -3.52854E+03  -1.90726E+04  -4.22233E+04  -1.31944E+05
   4.86201E-03   4.21416E-03   9.33518E-01   1.57263E-03   5.58332E-02   5.62716E+04  -3.52741E+03  -1.90714E+04  -4.22155E+04  -1.31956E+05
   4.76201E-03   4.21458E-03   9.33612E-01   1.57278E-03   5.58388E-02   5.61716E+04  -3.52628E+03  -1.90701E+04  -4.22077E+04  -1.31968E+05
   4.66201E-03   4.21500E-03   9.33706E-01   1.57294E-03   5.58444E-02   5.60695E+04  -3.52514E+03  -1.90689E+04  -4.22000E+04  -1.31980E+05
   4.56201E-03   4.21543E-03   9.33799E-01   1.57310E-03   5.58500E-02   5.59652E+04  -3.52401E+03  -1.90677E+04  -4.21922E+04  -1.31992E+05
   4.46201E-03   4.21585E-03   9.33893E-01   1.57326E-03   5.58557E-02   5.58586E+04  -3.52288E+03  -1.90665E+04  -4.21845E+04  -1.32004E+05
   4.36201E-03   4.21627E-03   9.33987E-01   1.57342E-03   5.58613E-02   5.57497E+04  -3.52175E+03  -1.90653E+04  -4.21767E+04  -1.32016E+05
   4.26201E-03   4.21670E-03   9.34081E-01   1.57357E-03   5.58669E-02   5.56382E+04  -3.52062E+03  -1.90641E+04  -4.21690E+04  -1.32029E+05
   4.16201E-03   4.21712E-03   9.34175E-01   1.57373E-03   5.58725E-02   5.55241E+04  -3.51950E+03  -1.90628E+04  -4.21612E+04  -1.32041E+05
   4.06201E-03   4.21754E-03   9.34268E-01   1.57389E-03   5.58781E-02   5.54072E+04  -3.51837E+03  -1.90616E+04  -4.21535E+04  -1.32053E+05
   3.96201E-03   4.21797E-03   9.34362E-01   1.57405E-03   5.58837E-02   5.52874E+04  -3.51724E+03  -1.90604E+04  -4.21457E+04  -1.32065E+05
   3.86201E-03   4.21839E-03   9.34456E-01   1.57421E-03   5.58893E-02   5.51646E+04  -3.51611E+03  -1.90592E+04  -4.21380E+04  -1.32077E+05
   3.76201E-03   4.21881E-03   9.34550E-01   1.57437E-03   5.58949E-02   5.50387E+04  -3.51499E+03  -1.90580E+04  -4.21302E+04  -1.32089E+05
   3.66201E-03   4.21924E-03   9.34644E-01   1.57452E-03   5.59005E-02   5.49093E+04  -3.51386E+03  -1.90568E+04  -4.21225E+04  -1.32101E+05
   3.56201E-03   4.21966E-03   9.34737E-01   1.57468E-03   5.59061E-02   5.47764E+04  -3.51274E+03  -1.90556E+04  -4.21147E+04  -1.32113E+05
   3.46201E-03   4.22008E-03   9.34831E-01   1.57484E-03   5.59118E-02   5.46397E+04  -3.51161E+03  -1.90543E+04  -4.21070E+04  -1.32125E+05
   3.36201E-03   4.22051E-03   9.34925E-01   1.57500E-03   5.59174E-02   5.44991E+04  -3.51049E+03  -1.90531E+04  -4.20992E+04  -1.32137E+05
   3.26201E-03   4.22093E-03   9.35019E-01   1.57516E-03   5.59230E-02   5.43542E+04  -3.50937E+03  -1.90519E+04  -4.20915E+04  -1.32149E+05
   3.16201E-03   4.22135E-03   9.35113E-01   1.57531E-03   5.59286E-02   5.42049E+04  -3.50824E+03  -1.90507E+04  -4.20838E+04  -1.32161E+05
   3.06201E-03   4.22178E-03   9.35207E-01   1.57547E-03   5.59342E-02   5.40508E+04  -3.50712E+03  -1.90495E+04  -4.20760E+04  -1.32173E+05
   2.96201E-03   4.22220E-03   9.35300E-01   1.57563E-03   5.59398E-02   5.38916E+04  -3.50600E+03  -1.90483E+04  -4.20683E+04  -1.32185E+05
   2.86201E-03   4.22262E-03   9.35394E-01   1.57579E-03   5.59454E-02   5.37269E+04  -3.50488E+03  -1.90471E+04  -4.20606E+04  -1.32197E+05
   2.76201E-03   4.22305E-03   9.35488E-01   1.57595E-03   5.59510E-02   5.35565E+04  -3.50376E+03  -1.90458E+04  -4.20528E+04  -1.32209E+05
   2.66201E-03   4.22347E-03   9.35582E-01   1.57610E-03   5.59566E-02   5.33798E+04  -3.50264E+03  -1.90446E+04  -4.20451E+04  -1.32221E+05
   2.56201E-03   4.22390E-03   9.35676E-01   1.57626E-03   5.59623E-02   5.31963E+04  -3.50152E+03  -1.90434E+04  -4.20374E+04  -1.32233E+05
   2.46201E-03   4.22432E-03   9.35769E-01   1.57642E-03   5.59679E-02   5.30057E+04  -3.50040E+03  -1.90422E+04  -4.20297E+04  -1.32245E+05
   2.36201E-03   4.22474E-03   9.35863E-01   1.57658E-03   5.59735E-02   5.28071E+04  -3.49928E+03  -1.90410E+04  -4.20219E+04  -1.32257E+05
   2.26201E-03   4.22517E-03   9.35957E-01   1.57674E-03   5.59791E-02   5.26000E+04  -3.49817E+03  -1.90398E+04  -4.20142E+04  -1.32269E+05
   2.16201E-03   4.22559E-03   9.36051E-01   1.57689E-03   5.59847E-02   5.23835E+04  -3.49705E+03  -1.90386E+04  -4.20065E+04  -1.32281E+05
   2.06201E-03   4.22601E-03   9.36145E-01   1.57705E-03   5.59903E-02   5.21569E+04  -3.49593E+03  -1.90374E+04  -4.19988E+04  -1.32293E+05
   1.96201E-03   4.22644E-03   9.36238E-01   1.57721E-03   5.59959E-02   5.19190E+04  -3.49482E+03  -1.90362E+04  -4.19911E+04  -1.32305E+05
   1.86201E-03   4.22686E-03   9.36332E-01   1.57737E-03   5.60015E-02   5.16688E+04  -3.49370E+03  -1.90349E+04  -4.19834E+04  -1.32317E+05
   1.76201E-03   4.22728E-03   9.36426E-01   1.57753E-03   5.60071E-02   5.14047E+04  -3.49259E+03  -1.90337E+04  -4.19756E+04  -1.32329E+05
   1.66201E-03   4.22771E-03   9.36520E-01   1.57768E-03   5.60127E-02   5.11253E+04  -3.49147E+03  -1.90325E+04  -4.19679E+04  -1.32341E+05
   1.56201E-03   4.22813E-03   9.36614E-01   1.57784E-03   5.60184E-02   5.08287E+04  -3.49036E+03  -1.90313E+04  -4.19602E+04  -1.32353E+05
   1.46201E-03   4.22855E-03   9.36707E-01   1.57800E-03   5.60240E-02   5.05124E+04  -3.48925E+03  -1.90301E+04  -4.19525E+04  -1.32365E+05
   1.36201E-03   4.22898E-03   9.36801E-01   1.57816E-03   5.60296E-02   5.01738E+04  -3.48814E+03  -1.90289E+04  -4.19448E+04  -1.32377E+05
   1.26201E-03   4.22940E-03   9.36895E-01   1.57832E-03   5.60352E-02   4.98095E+04  -3.48702E+03  -1.90277E+04  -4.19371E+04  -1.32389E+05
   1.16201E-03   4.22982E-03   9.36989E-01   1.57847E-03   5.60408E-02   4.94151E+04  -3.48591E+03  -1.90265E+04  -4.19294E+04  -1.32401E+05
   1.06201E-03   4.23025E-03   9.37083E-01   1.57863E-03   5.60464E-02   4.89853E+04  -3.48480E+03  -1.90253E+04  -4.19217E+04  -1.32413E+05
   9.62012E-04   4.23067E-03   9.37177E-01   1.57879E-03   5.60520E-02   4.85130E+04  -3.48369E+03  -1.90241E+04  -4.19140E+04  -1.32425E+05
   8.62012E-04   4.23109E-03   9.37270E-01   1.57895E-03   5.60576E-02   4.79890E+04  -3.48258E+03  -1.90229E+04  -4.19063E+04  -1.32437E+05
   7.62012E-04   4.23152E-03   9.37364E-01   1.57911E-03   5.60632E-02   4.74005E+04  -3.48147E+03  -1.90217E+04  -4.18986E+04  -1.32448E+05
   6.62012E-04   4.23194E-03   9.37458E-01   1.57926E-03   5.60689E-02   4.67291E+04  -3.48037E+03  -1.90205E+04  -4.18909E+04  -1.32460E+05
   5.62012E-04   4.23236E-03   9.37552E-01   1.57942E-03   5.60745E-02   4.59477E+04  -3.47926E+03  -1.90192E+04  -4.18832E+04  -1.32472E+05
   4.62012E-04   4.23279E-03   9.37646E-01   1.57958E-03   5.60801E-02   4.50131E+04  -3.47815E+03  -1.90180E+04  -4.18755E+04  -1.32484E+05
   3.62012E-04   4.23321E-03   9.37739E-01   1.57974E-03   5.60857E-02   4.38497E+04  -3.47704E+03  -1.90168E+04  -4.18678E+04  -1.32496E+05
   2.62012E-04   4.23364E-03   9.37833E-01   1.57990E-03   5.60913E-02   4.23082E+04  -3.47594E+03  -1.90156E+04  -4.18601E+04  -1.32508E+05
   1.62012E-04   4.23406E-03   9.37927E-01   1.58005E-03   5.60969E-02   4.00164E+04  -3.47483E+03  -1.90144E+04  -4.18525E+04  -1.32520E+05
   6.20121E-05   4.23448E-03   9.38021E-01   1.58021E-03   5.61025E-02   3.54389E+04  -3.47373E+03  -1.90132E+04  -4.18448E+04  -1.32532E+05
   1.00000E-06   4.23474E-03   9.38078E-01   1.58031E-03   5.61059E-02   1.57697E+04  -3.47305E+03  -1.90125E+04  -4.18401E+04  -1.32539E+05

 Phase Region for:
     FCC_A1#2                      
 col-1=X(C), col-2=X(CU), col-3=X(FE), col-4=X(MN), col-5=X(SI), col-6=MU(C), col-7=MU(CU), col-8=MU(FE), col-9=MU(MN), col-10=MU(SI),
   9.72763E-03   9.90102E-01   7.37637E-07   1.69505E-04   9.90272E-13   2.21313E+05  -2.15485E+04  -3.70880E+04  -5.99184E+04  -1.50609E+05
   9.82763E-03   9.90001E-01   7.43510E-07   1.70527E-04   9.90172E-13   2.21338E+05  -2.15487E+04  -3.70882E+04  -5.99186E+04  -1.50609E+05
   9.92763E-03   9.89900E-01   7.49431E-07   1.71555E-04   9.90072E-13   2.21363E+05  -2.15490E+04  -3.70885E+04  -5.99188E+04  -1.50610E+05
   9.99900E-03   9.89828E-01   7.53686E-07   1.72293E-04   9.90001E-13   2.21380E+05  -2.15492E+04  -3.70886E+04  -5.99190E+04  -1.50610E+05

 Phase Region for:
     FCC_A1#2                      
 col-1=X(C), col-2=X(CU), col-3=X(FE), col-4=X(MN), col-5=X(SI), col-6=MU(C), col-7=MU(CU), col-8=MU(FE), col-9=MU(MN), col-10=MU(SI),
   9.72763E-03   9.90102E-01   7.37637E-07   1.69505E-04   9.90272E-13   2.21313E+05  -2.15485E+04  -3.70880E+04  -5.99184E+04  -1.50609E+05
   9.62763E-03   9.90203E-01   7.31811E-07   1.68489E-04   9.90372E-13   2.21288E+05  -2.15482E+04  -3.70877E+04  -5.99181E+04  -1.50609E+05
   9.52763E-03   9.90304E-01   7.26032E-07   1.67479E-04   9.90472E-13   2.21262E+05  -2.15480E+04  -3.70875E+04  -5.99179E+04  -1.50609E+05
   9.42763E-03   9.90405E-01   7.20299E-07   1.66476E-04   9.90572E-13   2.21235E+05  -2.15477E+04  -3.70872E+04  -5.99176E+04  -1.50608E+05
   9.32763E-03   9.90506E-01   7.14612E-07   1.65478E-04   9.90672E-13   2.21208E+05  -2.15475E+04  -3.70870E+04  -5.99173E+04  -1.50608E+05
   9.22763E-03   9.90607E-01   7.08971E-07   1.64487E-04   9.90772E-13   2.21181E+05  -2.15472E+04  -3.70867E+04  -5.99171E+04  -1.50608E+05
   9.12763E-03   9.90708E-01   7.03375E-07   1.63501E-04   9.90872E-13   2.21153E+05  -2.15470E+04  -3.70864E+04  -5.99168E+04  -1.50608E+05
   9.02763E-03   9.90809E-01   6.97824E-07   1.62522E-04   9.90972E-13   2.21124E+05  -2.15467E+04  -3.70862E+04  -5.99166E+04  -1.50607E+05
   8.92763E-03   9.90910E-01   6.92317E-07   1.61549E-04   9.91072E-13   2.21094E+05  -2.15464E+04  -3.70859E+04  -5.99163E+04  -1.50607E+05
   8.82763E-03   9.91011E-01   6.86854E-07   1.60581E-04   9.91172E-13   2.21064E+05  -2.15462E+04  -3.70856E+04  -5.99160E+04  -1.50607E+05
   8.72763E-03   9.91112E-01   6.81435E-07   1.59619E-04   9.91272E-13   2.21034E+05  -2.15459E+04  -3.70854E+04  -5.99158E+04  -1.50607E+05
   8.62763E-03   9.91213E-01   6.76060E-07   1.58664E-04   9.91372E-13   2.21003E+05  -2.15456E+04  -3.70851E+04  -5.99155E+04  -1.50606E+05
   8.52763E-03   9.91314E-01   6.70728E-07   1.57714E-04   9.91472E-13   2.20971E+05  -2.15453E+04  -3.70848E+04  -5.99152E+04  -1.50606E+05
   8.42763E-03   9.91415E-01   6.65438E-07   1.56769E-04   9.91572E-13   2.20938E+05  -2.15451E+04  -3.70845E+04  -5.99149E+04  -1.50606E+05
   8.32763E-03   9.91516E-01   6.60191E-07   1.55831E-04   9.91672E-13   2.20905E+05  -2.15448E+04  -3.70843E+04  -5.99146E+04  -1.50606E+05
   8.22763E-03   9.91617E-01   6.54985E-07   1.54898E-04   9.91772E-13   2.20871E+05  -2.15445E+04  -3.70840E+04  -5.99144E+04  -1.50605E+05
   8.12763E-03   9.91718E-01   6.49822E-07   1.53971E-04   9.91872E-13   2.20837E+05  -2.15442E+04  -3.70837E+04  -5.99141E+04  -1.50605E+05
   8.02763E-03   9.91819E-01   6.44699E-07   1.53049E-04   9.91972E-13   2.20802E+05  -2.15439E+04  -3.70834E+04  -5.99138E+04  -1.50605E+05
   7.92763E-03   9.91920E-01   6.39618E-07   1.52133E-04   9.92072E-13   2.20765E+05  -2.15436E+04  -3.70831E+04  -5.99135E+04  -1.50604E+05
   7.82763E-03   9.92021E-01   6.34577E-07   1.51223E-04   9.92172E-13   2.20729E+05  -2.15433E+04  -3.70828E+04  -5.99132E+04  -1.50604E+05
   7.72763E-03   9.92121E-01   6.29577E-07   1.50318E-04   9.92272E-13   2.20691E+05  -2.15431E+04  -3.70825E+04  -5.99129E+04  -1.50604E+05
   7.62763E-03   9.92222E-01   6.24617E-07   1.49419E-04   9.92372E-13   2.20653E+05  -2.15428E+04  -3.70822E+04  -5.99126E+04  -1.50604E+05
   7.52763E-03   9.92323E-01   6.19696E-07   1.48525E-04   9.92472E-13   2.20613E+05  -2.15425E+04  -3.70819E+04  -5.99123E+04  -1.50603E+05
   7.42763E-03   9.92424E-01   6.14815E-07   1.47636E-04   9.92572E-13   2.20573E+05  -2.15422E+04  -3.70816E+04  -5.99120E+04  -1.50603E+05
   7.32763E-03   9.92525E-01   6.09973E-07   1.46753E-04   9.92672E-13   2.20532E+05  -2.15419E+04  -3.70813E+04  -5.99117E+04  -1.50603E+05
   7.22763E-03   9.92626E-01   6.05169E-07   1.45875E-04   9.92772E-13   2.20491E+05  -2.15415E+04  -3.70810E+04  -5.99114E+04  -1.50602E+05
   7.12763E-03   9.92727E-01   6.00404E-07   1.45003E-04   9.92872E-13   2.20448E+05  -2.15412E+04  -3.70807E+04  -5.99111E+04  -1.50602E+05
   7.02763E-03   9.92828E-01   5.95677E-07   1.44136E-04   9.92972E-13   2.20404E+05  -2.15409E+04  -3.70804E+04  -5.99108E+04  -1.50602E+05
   6.92763E-03   9.92929E-01   5.90988E-07   1.43274E-04   9.93072E-13   2.20359E+05  -2.15406E+04  -3.70801E+04  -5.99105E+04  -1.50601E+05
   6.82763E-03   9.93029E-01   5.86337E-07   1.42417E-04   9.93172E-13   2.20314E+05  -2.15403E+04  -3.70798E+04  -5.99101E+04  -1.50601E+05
   6.72763E-03   9.93130E-01   5.81722E-07   1.41566E-04   9.93272E-13   2.20267E+05  -2.15400E+04  -3.70795E+04  -5.99098E+04  -1.50601E+05
   6.62763E-03   9.93231E-01   5.77144E-07   1.40719E-04   9.93372E-13   2.20219E+05  -2.15397E+04  -3.70791E+04  -5.99095E+04  -1.50600E+05
   6.52763E-03   9.93332E-01   5.72603E-07   1.39878E-04   9.93472E-13   2.20170E+05  -2.15393E+04  -3.70788E+04  -5.99092E+04  -1.50600E+05
   6.42763E-03   9.93433E-01   5.68099E-07   1.39042E-04   9.93572E-13   2.20120E+05  -2.15390E+04  -3.70785E+04  -5.99089E+04  -1.50600E+05
   6.32763E-03   9.93534E-01   5.63630E-07   1.38211E-04   9.93672E-13   2.20069E+05  -2.15387E+04  -3.70782E+04  -5.99085E+04  -1.50599E+05
   6.22763E-03   9.93634E-01   5.59197E-07   1.37385E-04   9.93772E-13   2.20017E+05  -2.15383E+04  -3.70778E+04  -5.99082E+04  -1.50599E+05
   6.12763E-03   9.93735E-01   5.54799E-07   1.36564E-04   9.93872E-13   2.19963E+05  -2.15380E+04  -3.70775E+04  -5.99079E+04  -1.50599E+05
   6.02763E-03   9.93836E-01   5.50436E-07   1.35748E-04   9.93972E-13   2.19909E+05  -2.15377E+04  -3.70772E+04  -5.99075E+04  -1.50598E+05
   5.92763E-03   9.93937E-01   5.46109E-07   1.34937E-04   9.94072E-13   2.19852E+05  -2.15373E+04  -3.70768E+04  -5.99072E+04  -1.50598E+05
   5.82763E-03   9.94038E-01   5.41815E-07   1.34130E-04   9.94172E-13   2.19795E+05  -2.15370E+04  -3.70765E+04  -5.99068E+04  -1.50598E+05
   5.72763E-03   9.94139E-01   5.37557E-07   1.33329E-04   9.94272E-13   2.19736E+05  -2.15367E+04  -3.70761E+04  -5.99065E+04  -1.50597E+05
   5.62763E-03   9.94239E-01   5.33332E-07   1.32533E-04   9.94372E-13   2.19676E+05  -2.15363E+04  -3.70758E+04  -5.99062E+04  -1.50597E+05
   5.52763E-03   9.94340E-01   5.29140E-07   1.31741E-04   9.94472E-13   2.19614E+05  -2.15360E+04  -3.70754E+04  -5.99058E+04  -1.50597E+05
   5.42763E-03   9.94441E-01   5.24983E-07   1.30954E-04   9.94572E-13   2.19550E+05  -2.15356E+04  -3.70751E+04  -5.99055E+04  -1.50596E+05
   5.32763E-03   9.94542E-01   5.20858E-07   1.30172E-04   9.94672E-13   2.19485E+05  -2.15353E+04  -3.70747E+04  -5.99051E+04  -1.50596E+05
   5.22763E-03   9.94642E-01   5.16766E-07   1.29395E-04   9.94772E-13   2.19418E+05  -2.15349E+04  -3.70744E+04  -5.99047E+04  -1.50596E+05
   5.12763E-03   9.94743E-01   5.12707E-07   1.28622E-04   9.94872E-13   2.19350E+05  -2.15346E+04  -3.70740E+04  -5.99044E+04  -1.50595E+05
   5.02763E-03   9.94844E-01   5.08681E-07   1.27854E-04   9.94972E-13   2.19279E+05  -2.15342E+04  -3.70737E+04  -5.99040E+04  -1.50595E+05
   4.92763E-03   9.94945E-01   5.04686E-07   1.27091E-04   9.95072E-13   2.19207E+05  -2.15338E+04  -3.70733E+04  -5.99037E+04  -1.50595E+05
   4.82763E-03   9.95046E-01   5.00723E-07   1.26332E-04   9.95172E-13   2.19133E+05  -2.15335E+04  -3.70729E+04  -5.99033E+04  -1.50594E+05
   4.72763E-03   9.95146E-01   4.96792E-07   1.25578E-04   9.95272E-13   2.19057E+05  -2.15331E+04  -3.70726E+04  -5.99029E+04  -1.50594E+05
   4.62763E-03   9.95247E-01   4.92892E-07   1.24829E-04   9.95372E-13   2.18978E+05  -2.15327E+04  -3.70722E+04  -5.99026E+04  -1.50594E+05
   4.52763E-03   9.95348E-01   4.89024E-07   1.24084E-04   9.95472E-13   2.18898E+05  -2.15324E+04  -3.70718E+04  -5.99022E+04  -1.50593E+05
   4.42763E-03   9.95449E-01   4.85186E-07   1.23343E-04   9.95572E-13   2.18815E+05  -2.15320E+04  -3.70715E+04  -5.99018E+04  -1.50593E+05
   4.32763E-03   9.95549E-01   4.81378E-07   1.22607E-04   9.95672E-13   2.18729E+05  -2.15316E+04  -3.70711E+04  -5.99014E+04  -1.50592E+05
   4.22763E-03   9.95650E-01   4.77602E-07   1.21876E-04   9.95772E-13   2.18641E+05  -2.15312E+04  -3.70707E+04  -5.99011E+04  -1.50592E+05
   4.12763E-03   9.95751E-01   4.73855E-07   1.21149E-04   9.95872E-13   2.18551E+05  -2.15309E+04  -3.70703E+04  -5.99007E+04  -1.50592E+05
   4.02763E-03   9.95851E-01   4.70138E-07   1.20426E-04   9.95972E-13   2.18457E+05  -2.15305E+04  -3.70700E+04  -5.99003E+04  -1.50591E+05
   3.92763E-03   9.95952E-01   4.66450E-07   1.19708E-04   9.96072E-13   2.18361E+05  -2.15301E+04  -3.70696E+04  -5.98999E+04  -1.50591E+05
   3.82763E-03   9.96053E-01   4.62792E-07   1.18994E-04   9.96172E-13   2.18261E+05  -2.15297E+04  -3.70692E+04  -5.98995E+04  -1.50591E+05
   3.72763E-03   9.96154E-01   4.59163E-07   1.18284E-04   9.96272E-13   2.18159E+05  -2.15293E+04  -3.70688E+04  -5.98991E+04  -1.50590E+05
   3.62763E-03   9.96254E-01   4.55563E-07   1.17578E-04   9.96372E-13   2.18053E+05  -2.15289E+04  -3.70684E+04  -5.98987E+04  -1.50590E+05
   3.52763E-03   9.96355E-01   4.51992E-07   1.16877E-04   9.96472E-13   2.17943E+05  -2.15285E+04  -3.70680E+04  -5.98983E+04  -1.50589E+05
   3.42763E-03   9.96456E-01   4.48449E-07   1.16180E-04   9.96572E-13   2.17829E+05  -2.15281E+04  -3.70676E+04  -5.98979E+04  -1.50589E+05
   3.32763E-03   9.96556E-01   4.44934E-07   1.15488E-04   9.96672E-13   2.17711E+05  -2.15277E+04  -3.70672E+04  -5.98975E+04  -1.50589E+05
   3.22763E-03   9.96657E-01   4.41447E-07   1.14799E-04   9.96772E-13   2.17589E+05  -2.15273E+04  -3.70668E+04  -5.98971E+04  -1.50588E+05
   3.12763E-03   9.96758E-01   4.37988E-07   1.14115E-04   9.96872E-13   2.17463E+05  -2.15269E+04  -3.70664E+04  -5.98967E+04  -1.50588E+05
   3.02763E-03   9.96859E-01   4.34557E-07   1.13435E-04   9.96972E-13   2.17331E+05  -2.15265E+04  -3.70660E+04  -5.98963E+04  -1.50587E+05
   2.92763E-03   9.96959E-01   4.31153E-07   1.12759E-04   9.97072E-13   2.17195E+05  -2.15261E+04  -3.70656E+04  -5.98959E+04  -1.50587E+05
   2.82763E-03   9.97060E-01   4.27776E-07   1.12087E-04   9.97172E-13   2.17052E+05  -2.15257E+04  -3.70652E+04  -5.98955E+04  -1.50587E+05
   2.72763E-03   9.97161E-01   4.24425E-07   1.11419E-04   9.97272E-13   2.16904E+05  -2.15253E+04  -3.70648E+04  -5.98951E+04  -1.50586E+05
   2.62763E-03   9.97261E-01   4.21102E-07   1.10755E-04   9.97372E-13   2.16750E+05  -2.15249E+04  -3.70644E+04  -5.98947E+04  -1.50586E+05
   2.52763E-03   9.97362E-01   4.17805E-07   1.10095E-04   9.97472E-13   2.16588E+05  -2.15245E+04  -3.70639E+04  -5.98943E+04  -1.50585E+05
   2.42763E-03   9.97463E-01   4.14534E-07   1.09439E-04   9.97572E-13   2.16419E+05  -2.15240E+04  -3.70635E+04  -5.98938E+04  -1.50585E+05
   2.32763E-03   9.97563E-01   4.11289E-07   1.08787E-04   9.97672E-13   2.16242E+05  -2.15236E+04  -3.70631E+04  -5.98934E+04  -1.50584E+05
   2.22763E-03   9.97664E-01   4.08069E-07   1.08139E-04   9.97772E-13   2.16056E+05  -2.15232E+04  -3.70627E+04  -5.98930E+04  -1.50584E+05
   2.12763E-03   9.97764E-01   4.04876E-07   1.07495E-04   9.97872E-13   2.15860E+05  -2.15228E+04  -3.70622E+04  -5.98926E+04  -1.50584E+05
   2.02763E-03   9.97865E-01   4.01708E-07   1.06855E-04   9.97972E-13   2.15654E+05  -2.15223E+04  -3.70618E+04  -5.98921E+04  -1.50583E+05
   1.92763E-03   9.97966E-01   3.98565E-07   1.06219E-04   9.98072E-13   2.15437E+05  -2.15219E+04  -3.70614E+04  -5.98917E+04  -1.50583E+05
   1.82763E-03   9.98066E-01   3.95446E-07   1.05586E-04   9.98172E-13   2.15206E+05  -2.15215E+04  -3.70609E+04  -5.98913E+04  -1.50582E+05
   1.72763E-03   9.98167E-01   3.92353E-07   1.04958E-04   9.98272E-13   2.14961E+05  -2.15210E+04  -3.70605E+04  -5.98908E+04  -1.50582E+05
   1.62763E-03   9.98268E-01   3.89284E-07   1.04333E-04   9.98372E-13   2.14700E+05  -2.15206E+04  -3.70601E+04  -5.98904E+04  -1.50582E+05
   1.52763E-03   9.98368E-01   3.86240E-07   1.03712E-04   9.98472E-13   2.14422E+05  -2.15202E+04  -3.70596E+04  -5.98899E+04  -1.50581E+05
   1.42763E-03   9.98469E-01   3.83220E-07   1.03094E-04   9.98572E-13   2.14122E+05  -2.15197E+04  -3.70592E+04  -5.98895E+04  -1.50581E+05
   1.32763E-03   9.98570E-01   3.80224E-07   1.02481E-04   9.98672E-13   2.13799E+05  -2.15193E+04  -3.70587E+04  -5.98890E+04  -1.50580E+05
   1.22763E-03   9.98670E-01   3.77251E-07   1.01871E-04   9.98772E-13   2.13450E+05  -2.15188E+04  -3.70583E+04  -5.98886E+04  -1.50580E+05
   1.12763E-03   9.98771E-01   3.74302E-07   1.01265E-04   9.98872E-13   2.13068E+05  -2.15184E+04  -3.70578E+04  -5.98881E+04  -1.50579E+05
   1.02763E-03   9.98871E-01   3.71377E-07   1.00662E-04   9.98972E-13   2.12649E+05  -2.15179E+04  -3.70574E+04  -5.98877E+04  -1.50579E+05
   9.27626E-04   9.98972E-01   3.68475E-07   1.00063E-04   9.99072E-13   2.12184E+05  -2.15175E+04  -3.70569E+04  -5.98872E+04  -1.50578E+05
   8.27626E-04   9.99073E-01   3.65596E-07   9.94683E-05   9.99172E-13   2.11664E+05  -2.15170E+04  -3.70565E+04  -5.98867E+04  -1.50578E+05
   7.27626E-04   9.99173E-01   3.62739E-07   9.88766E-05   9.99272E-13   2.11073E+05  -2.15165E+04  -3.70560E+04  -5.98863E+04  -1.50578E+05
   6.27626E-04   9.99274E-01   3.59906E-07   9.82886E-05   9.99372E-13   2.10392E+05  -2.15161E+04  -3.70556E+04  -5.98858E+04  -1.50577E+05
   5.27626E-04   9.99374E-01   3.57094E-07   9.77042E-05   9.99472E-13   2.09588E+05  -2.15156E+04  -3.70551E+04  -5.98853E+04  -1.50577E+05
   4.27626E-04   9.99475E-01   3.54305E-07   9.71233E-05   9.99572E-13   2.08610E+05  -2.15152E+04  -3.70546E+04  -5.98848E+04  -1.50576E+05
   3.27626E-04   9.99575E-01   3.51539E-07   9.65460E-05   9.99672E-13   2.07364E+05  -2.15147E+04  -3.70542E+04  -5.98844E+04  -1.50576E+05
   2.27626E-04   9.99676E-01   3.48794E-07   9.59723E-05   9.99772E-13   2.05652E+05  -2.15142E+04  -3.70537E+04  -5.98839E+04  -1.50575E+05
   1.27626E-04   9.99777E-01   3.46071E-07   9.54024E-05   9.99872E-13   2.02918E+05  -2.15137E+04  -3.70532E+04  -5.98834E+04  -1.50575E+05
   2.76265E-05   9.99877E-01   3.43369E-07   9.48371E-05   9.99972E-13   1.95648E+05  -2.15133E+04  -3.70527E+04  -5.98828E+04  -1.50575E+05
   1.00000E-06   9.99904E-01   3.42654E-07   9.46910E-05   9.99999E-13   1.79839E+05  -2.15131E+04  -3.70526E+04  -5.98824E+04  -1.50575E+05
