
 Phase Region for:
     FCC_A1#1                      
 col-1=X(C), col-2=X(CU), col-3=X(FE), col-4=X(MN), col-5=X(SI), col-6=MU(C), col-7=MU(CU), col-8=MU(FE), col-9=MU(MN), col-10=MU(SI),
   9.72763E-03   4.19355E-03   9.28954E-01   1.56494E-03   5.55602E-02   8.65643E+03  -2.07180E+04  -2.02285E+04  -6.74965E+04  -1.32580E+05
   1.07276E-02   4.18932E-03   9.28016E-01   1.56336E-03   5.55041E-02   9.26026E+03  -2.06453E+04  -2.02418E+04  -6.75470E+04  -1.32473E+05
   1.17276E-02   4.18508E-03   9.27078E-01   1.56178E-03   5.54480E-02   9.81721E+03  -2.05728E+04  -2.02552E+04  -6.75977E+04  -1.32366E+05
   1.27276E-02   4.18085E-03   9.26139E-01   1.56020E-03   5.53919E-02   1.03350E+04  -2.05006E+04  -2.02687E+04  -6.76486E+04  -1.32259E+05
   1.37276E-02   4.17661E-03   9.25201E-01   1.55862E-03   5.53358E-02   1.08196E+04  -2.04287E+04  -2.02823E+04  -6.76996E+04  -1.32152E+05
   1.47276E-02   4.17238E-03   9.24263E-01   1.55704E-03   5.52797E-02   1.12756E+04  -2.03570E+04  -2.02960E+04  -6.77508E+04  -1.32044E+05
   1.57276E-02   4.16814E-03   9.23325E-01   1.55546E-03   5.52236E-02   1.17069E+04  -2.02855E+04  -2.03097E+04  -6.78021E+04  -1.31937E+05
   1.67276E-02   4.16391E-03   9.22387E-01   1.55388E-03   5.51675E-02   1.21165E+04  -2.02143E+04  -2.03236E+04  -6.78536E+04  -1.31829E+05
   1.77276E-02   4.15967E-03   9.21449E-01   1.55230E-03   5.51114E-02   1.25070E+04  -2.01434E+04  -2.03376E+04  -6.79053E+04  -1.31722E+05
   1.87276E-02   4.15544E-03   9.20511E-01   1.55071E-03   5.50553E-02   1.28805E+04  -2.00727E+04  -2.03516E+04  -6.79571E+04  -1.31614E+05
   1.97276E-02   4.15120E-03   9.19573E-01   1.54913E-03   5.49992E-02   1.32388E+04  -2.00023E+04  -2.03658E+04  -6.80090E+04  -1.31506E+05
   2.07276E-02   4.14697E-03   9.18635E-01   1.54755E-03   5.49431E-02   1.35833E+04  -1.99321E+04  -2.03800E+04  -6.80612E+04  -1.31398E+05
   2.17276E-02   4.14273E-03   9.17697E-01   1.54597E-03   5.48869E-02   1.39155E+04  -1.98622E+04  -2.03944E+04  -6.81135E+04  -1.31290E+05
   2.27276E-02   4.13850E-03   9.16759E-01   1.54439E-03   5.48308E-02   1.42363E+04  -1.97926E+04  -2.04089E+04  -6.81659E+04  -1.31182E+05
   2.37276E-02   4.13426E-03   9.15821E-01   1.54281E-03   5.47747E-02   1.45469E+04  -1.97233E+04  -2.04234E+04  -6.82185E+04  -1.31074E+05
   2.47276E-02   4.13003E-03   9.14882E-01   1.54123E-03   5.47186E-02   1.48481E+04  -1.96542E+04  -2.04381E+04  -6.82713E+04  -1.30966E+05
   2.57276E-02   4.12579E-03   9.13944E-01   1.53965E-03   5.46625E-02   1.51407E+04  -1.95853E+04  -2.04529E+04  -6.83243E+04  -1.30858E+05
   2.67276E-02   4.12156E-03   9.13006E-01   1.53807E-03   5.46064E-02   1.54252E+04  -1.95168E+04  -2.04677E+04  -6.83774E+04  -1.30750E+05
   2.77276E-02   4.11733E-03   9.12068E-01   1.53649E-03   5.45503E-02   1.57023E+04  -1.94485E+04  -2.04827E+04  -6.84307E+04  -1.30641E+05
   2.87276E-02   4.11309E-03   9.11130E-01   1.53491E-03   5.44942E-02   1.59726E+04  -1.93805E+04  -2.04978E+04  -6.84841E+04  -1.30533E+05
   2.97276E-02   4.10886E-03   9.10192E-01   1.53333E-03   5.44381E-02   1.62366E+04  -1.93128E+04  -2.05129E+04  -6.85378E+04  -1.30424E+05
   3.07276E-02   4.10462E-03   9.09254E-01   1.53175E-03   5.43820E-02   1.64946E+04  -1.92454E+04  -2.05282E+04  -6.85916E+04  -1.30316E+05
   3.17276E-02   4.10039E-03   9.08316E-01   1.53017E-03   5.43259E-02   1.67470E+04  -1.91782E+04  -2.05436E+04  -6.86455E+04  -1.30207E+05
   3.27276E-02   4.09615E-03   9.07378E-01   1.52859E-03   5.42698E-02   1.69943E+04  -1.91114E+04  -2.05591E+04  -6.86996E+04  -1.30098E+05
   3.37276E-02   4.09192E-03   9.06440E-01   1.52701E-03   5.42137E-02   1.72367E+04  -1.90448E+04  -2.05747E+04  -6.87539E+04  -1.29990E+05
   3.47276E-02   4.08768E-03   9.05502E-01   1.52543E-03   5.41576E-02   1.74745E+04  -1.89785E+04  -2.05904E+04  -6.88084E+04  -1.29881E+05
   3.57276E-02   4.08345E-03   9.04564E-01   1.52385E-03   5.41015E-02   1.77080E+04  -1.89126E+04  -2.06062E+04  -6.88631E+04  -1.29772E+05
   3.67276E-02   4.07921E-03   9.03626E-01   1.52227E-03   5.40454E-02   1.79375E+04  -1.88469E+04  -2.06221E+04  -6.89179E+04  -1.29663E+05
   3.77276E-02   4.07498E-03   9.02687E-01   1.52069E-03   5.39893E-02   1.81631E+04  -1.87815E+04  -2.06381E+04  -6.89729E+04  -1.29554E+05
   3.87276E-02   4.07074E-03   9.01749E-01   1.51911E-03   5.39331E-02   1.83851E+04  -1.87164E+04  -2.06543E+04  -6.90280E+04  -1.29444E+05
   3.97276E-02   4.06651E-03   9.00811E-01   1.51753E-03   5.38770E-02   1.86037E+04  -1.86516E+04  -2.06705E+04  -6.90834E+04  -1.29335E+05
   4.07276E-02   4.06227E-03   8.99873E-01   1.51595E-03   5.38209E-02   1.88190E+04  -1.85871E+04  -2.06869E+04  -6.91389E+04  -1.29226E+05
   4.17276E-02   4.05804E-03   8.98935E-01   1.51437E-03   5.37648E-02   1.90313E+04  -1.85230E+04  -2.07033E+04  -6.91946E+04  -1.29117E+05
   4.27276E-02   4.05380E-03   8.97997E-01   1.51279E-03   5.37087E-02   1.92407E+04  -1.84591E+04  -2.07199E+04  -6.92504E+04  -1.29007E+05
   4.37276E-02   4.04957E-03   8.97059E-01   1.51121E-03   5.36526E-02   1.94472E+04  -1.83956E+04  -2.07366E+04  -6.93065E+04  -1.28898E+05
   4.47276E-02   4.04533E-03   8.96121E-01   1.50963E-03   5.35965E-02   1.96511E+04  -1.83323E+04  -2.07534E+04  -6.93627E+04  -1.28788E+05
   4.57276E-02   4.04110E-03   8.95183E-01   1.50805E-03   5.35404E-02   1.98525E+04  -1.82694E+04  -2.07703E+04  -6.94191E+04  -1.28678E+05
   4.67276E-02   4.03687E-03   8.94245E-01   1.50647E-03   5.34843E-02   2.00515E+04  -1.82068E+04  -2.07874E+04  -6.94757E+04  -1.28569E+05
   4.77276E-02   4.03263E-03   8.93307E-01   1.50489E-03   5.34282E-02   2.02482E+04  -1.81445E+04  -2.08045E+04  -6.95325E+04  -1.28459E+05
   4.87276E-02   4.02840E-03   8.92369E-01   1.50331E-03   5.33721E-02   2.04427E+04  -1.80826E+04  -2.08218E+04  -6.95894E+04  -1.28349E+05
   4.97276E-02   4.02416E-03   8.91431E-01   1.50173E-03   5.33160E-02   2.06351E+04  -1.80210E+04  -2.08391E+04  -6.96466E+04  -1.28239E+05
   5.07276E-02   4.01993E-03   8.90492E-01   1.50014E-03   5.32599E-02   2.08255E+04  -1.79597E+04  -2.08566E+04  -6.97039E+04  -1.28129E+05
   5.17276E-02   4.01569E-03   8.89554E-01   1.49856E-03   5.32038E-02   2.10140E+04  -1.78987E+04  -2.08742E+04  -6.97614E+04  -1.28019E+05
   5.27276E-02   4.01146E-03   8.88616E-01   1.49698E-03   5.31477E-02   2.12007E+04  -1.78381E+04  -2.08920E+04  -6.98191E+04  -1.27909E+05
   5.37276E-02   4.00722E-03   8.87678E-01   1.49540E-03   5.30916E-02   2.13852E+04  -1.77778E+04  -2.09098E+04  -6.98765E+04  -1.27799E+05
   5.47276E-02   4.00299E-03   8.86740E-01   1.49382E-03   5.30354E-02   2.15682E+04  -1.77178E+04  -2.09277E+04  -6.99344E+04  -1.27689E+05
   5.57276E-02   3.99875E-03   8.85802E-01   1.49224E-03   5.29793E-02   2.17496E+04  -1.76582E+04  -2.09458E+04  -6.99925E+04  -1.27578E+05
   5.67276E-02   3.99452E-03   8.84864E-01   1.49066E-03   5.29232E-02   2.19295E+04  -1.75989E+04  -2.09640E+04  -7.00507E+04  -1.27468E+05
   5.77276E-02   3.99028E-03   8.83926E-01   1.48908E-03   5.28671E-02   2.21078E+04  -1.75400E+04  -2.09823E+04  -7.01091E+04  -1.27358E+05
   5.87276E-02   3.98605E-03   8.82988E-01   1.48750E-03   5.28110E-02   2.22846E+04  -1.74814E+04  -2.10008E+04  -7.01676E+04  -1.27247E+05
   5.97276E-02   3.98181E-03   8.82050E-01   1.48592E-03   5.27549E-02   2.24600E+04  -1.74232E+04  -2.10193E+04  -7.02262E+04  -1.27136E+05
   6.07276E-02   3.97758E-03   8.81112E-01   1.48434E-03   5.26988E-02   2.26340E+04  -1.73653E+04  -2.10380E+04  -7.02850E+04  -1.27026E+05
   6.17276E-02   3.97334E-03   8.80174E-01   1.48276E-03   5.26427E-02   2.28067E+04  -1.73077E+04  -2.10568E+04  -7.03439E+04  -1.26915E+05
   6.27276E-02   3.96911E-03   8.79235E-01   1.48118E-03   5.25866E-02   2.29781E+04  -1.72506E+04  -2.10757E+04  -7.04029E+04  -1.26804E+05
   6.37276E-02   3.96487E-03   8.78297E-01   1.47960E-03   5.25305E-02   2.31482E+04  -1.71937E+04  -2.10947E+04  -7.04621E+04  -1.26693E+05
   6.47276E-02   3.96064E-03   8.77359E-01   1.47802E-03   5.24744E-02   2.33172E+04  -1.71373E+04  -2.11138E+04  -7.05213E+04  -1.26582E+05
   6.57276E-02   3.95641E-03   8.76421E-01   1.47644E-03   5.24183E-02   2.34849E+04  -1.70811E+04  -2.11331E+04  -7.05806E+04  -1.26471E+05
   6.67276E-02   3.95217E-03   8.75483E-01   1.47486E-03   5.23622E-02   2.36515E+04  -1.70254E+04  -2.11525E+04  -7.06401E+04  -1.26360E+05
   6.77276E-02   3.94794E-03   8.74545E-01   1.47328E-03   5.23061E-02   2.38170E+04  -1.69700E+04  -2.11720E+04  -7.06996E+04  -1.26249E+05
   6.87276E-02   3.94370E-03   8.73607E-01   1.47170E-03   5.22500E-02   2.39814E+04  -1.69150E+04  -2.11917E+04  -7.07592E+04  -1.26138E+05
   6.97276E-02   3.93947E-03   8.72669E-01   1.47012E-03   5.21939E-02   2.41448E+04  -1.68603E+04  -2.12114E+04  -7.08189E+04  -1.26027E+05
   7.07276E-02   3.93523E-03   8.71731E-01   1.46854E-03   5.21378E-02   2.43071E+04  -1.68060E+04  -2.12313E+04  -7.08787E+04  -1.25915E+05
   7.17276E-02   3.93100E-03   8.70793E-01   1.46696E-03   5.20816E-02   2.44685E+04  -1.67521E+04  -2.12513E+04  -7.09385E+04  -1.25804E+05
   7.27276E-02   3.92676E-03   8.69855E-01   1.46538E-03   5.20255E-02   2.46288E+04  -1.66985E+04  -2.12714E+04  -7.09984E+04  -1.25692E+05
   7.37276E-02   3.92253E-03   8.68917E-01   1.46380E-03   5.19694E-02   2.47882E+04  -1.66454E+04  -2.12916E+04  -7.10583E+04  -1.25581E+05
   7.47276E-02   3.91829E-03   8.67979E-01   1.46222E-03   5.19133E-02   2.49467E+04  -1.65926E+04  -2.13120E+04  -7.11182E+04  -1.25469E+05
   7.57276E-02   3.91406E-03   8.67040E-01   1.46064E-03   5.18572E-02   2.51043E+04  -1.65401E+04  -2.13325E+04  -7.11782E+04  -1.25357E+05
   7.67276E-02   3.90982E-03   8.66102E-01   1.45906E-03   5.18011E-02   2.52610E+04  -1.64880E+04  -2.13531E+04  -7.12382E+04  -1.25245E+05
   7.77276E-02   3.90559E-03   8.65164E-01   1.45748E-03   5.17450E-02   2.54167E+04  -1.64364E+04  -2.13738E+04  -7.12982E+04  -1.25134E+05
   7.87276E-02   3.90135E-03   8.64226E-01   1.45590E-03   5.16889E-02   2.55717E+04  -1.63850E+04  -2.13947E+04  -7.13582E+04  -1.25021E+05
   7.97276E-02   3.89712E-03   8.63288E-01   1.45432E-03   5.16328E-02   2.57258E+04  -1.63341E+04  -2.14156E+04  -7.14181E+04  -1.24909E+05
   8.07276E-02   3.89288E-03   8.62350E-01   1.45274E-03   5.15767E-02   2.58791E+04  -1.62836E+04  -2.14367E+04  -7.14781E+04  -1.24797E+05
   8.17276E-02   3.88865E-03   8.61412E-01   1.45116E-03   5.15206E-02   2.60315E+04  -1.62334E+04  -2.14579E+04  -7.15380E+04  -1.24685E+05
   8.27276E-02   3.88441E-03   8.60474E-01   1.44957E-03   5.14645E-02   2.61832E+04  -1.61836E+04  -2.14793E+04  -7.15979E+04  -1.24573E+05
   8.37276E-02   3.88018E-03   8.59536E-01   1.44799E-03   5.14084E-02   2.63341E+04  -1.61342E+04  -2.15007E+04  -7.16577E+04  -1.24460E+05
   8.47276E-02   3.87594E-03   8.58598E-01   1.44641E-03   5.13523E-02   2.64842E+04  -1.60851E+04  -2.15223E+04  -7.17174E+04  -1.24347E+05
   8.57276E-02   3.87171E-03   8.57660E-01   1.44483E-03   5.12962E-02   2.66335E+04  -1.60365E+04  -2.15440E+04  -7.17771E+04  -1.24235E+05
   8.67276E-02   3.86748E-03   8.56722E-01   1.44325E-03   5.12401E-02   2.67821E+04  -1.59882E+04  -2.15658E+04  -7.18367E+04  -1.24122E+05
   8.77276E-02   3.86324E-03   8.55784E-01   1.44167E-03   5.11840E-02   2.69299E+04  -1.59403E+04  -2.15877E+04  -7.18962E+04  -1.24009E+05
   8.87276E-02   3.85901E-03   8.54845E-01   1.44009E-03   5.11278E-02   2.70771E+04  -1.58928E+04  -2.16098E+04  -7.19555E+04  -1.23896E+05
   8.97276E-02   3.85477E-03   8.53907E-01   1.43851E-03   5.10717E-02   2.72235E+04  -1.58456E+04  -2.16319E+04  -7.20148E+04  -1.23783E+05
   9.07276E-02   3.85054E-03   8.52969E-01   1.43693E-03   5.10156E-02   2.73692E+04  -1.57989E+04  -2.16542E+04  -7.20739E+04  -1.23670E+05
   9.17276E-02   3.84630E-03   8.52031E-01   1.43535E-03   5.09595E-02   2.75141E+04  -1.57525E+04  -2.16766E+04  -7.21329E+04  -1.23557E+05
   9.27276E-02   3.84207E-03   8.51093E-01   1.43377E-03   5.09034E-02   2.76584E+04  -1.57065E+04  -2.16991E+04  -7.21917E+04  -1.23443E+05
   9.37276E-02   3.83783E-03   8.50155E-01   1.43219E-03   5.08473E-02   2.78020E+04  -1.56609E+04  -2.17218E+04  -7.22504E+04  -1.23330E+05
   9.47276E-02   3.83360E-03   8.49217E-01   1.43061E-03   5.07912E-02   2.79449E+04  -1.56157E+04  -2.17445E+04  -7.23088E+04  -1.23216E+05
   9.57276E-02   3.82936E-03   8.48279E-01   1.42903E-03   5.07351E-02   2.80872E+04  -1.55709E+04  -2.17674E+04  -7.23671E+04  -1.23102E+05
   9.67276E-02   3.82513E-03   8.47341E-01   1.42745E-03   5.06790E-02   2.82287E+04  -1.55264E+04  -2.17904E+04  -7.24252E+04  -1.22988E+05
   9.77276E-02   3.82089E-03   8.46403E-01   1.42587E-03   5.06229E-02   2.83696E+04  -1.54824E+04  -2.18135E+04  -7.24830E+04  -1.22874E+05
   9.87276E-02   3.81666E-03   8.45465E-01   1.42429E-03   5.05668E-02   2.85099E+04  -1.54387E+04  -2.18367E+04  -7.25406E+04  -1.22760E+05
   9.97276E-02   3.81242E-03   8.44527E-01   1.42271E-03   5.05107E-02   2.86495E+04  -1.53954E+04  -2.18600E+04  -7.25980E+04  -1.22646E+05
   1.00728E-01   3.80819E-03   8.43588E-01   1.42113E-03   5.04546E-02   2.87884E+04  -1.53524E+04  -2.18835E+04  -7.26551E+04  -1.22531E+05
   1.01728E-01   3.80395E-03   8.42650E-01   1.41955E-03   5.03985E-02   2.89267E+04  -1.53099E+04  -2.19070E+04  -7.27120E+04  -1.22416E+05
   1.02728E-01   3.79972E-03   8.41712E-01   1.41797E-03   5.03424E-02   2.90644E+04  -1.52677E+04  -2.19307E+04  -7.27685E+04  -1.22302E+05
   1.03728E-01   3.79548E-03   8.40774E-01   1.41639E-03   5.02863E-02   2.92014E+04  -1.52259E+04  -2.19545E+04  -7.28248E+04  -1.22187E+05
   1.04728E-01   3.79125E-03   8.39836E-01   1.41481E-03   5.02301E-02   2.93378E+04  -1.51845E+04  -2.19784E+04  -7.28807E+04  -1.22072E+05
   1.05728E-01   3.78702E-03   8.38898E-01   1.41323E-03   5.01740E-02   2.94736E+04  -1.51435E+04  -2.20024E+04  -7.29363E+04  -1.21956E+05
   1.06728E-01   3.78278E-03   8.37960E-01   1.41165E-03   5.01179E-02   2.96087E+04  -1.51028E+04  -2.20265E+04  -7.29916E+04  -1.21841E+05
   1.07728E-01   3.77855E-03   8.37022E-01   1.41007E-03   5.00618E-02   2.97432E+04  -1.50625E+04  -2.20507E+04  -7.30465E+04  -1.21725E+05
   1.08728E-01   3.77431E-03   8.36084E-01   1.40849E-03   5.00057E-02   2.98771E+04  -1.50226E+04  -2.20750E+04  -7.31011E+04  -1.21610E+05
   1.09728E-01   3.77008E-03   8.35146E-01   1.40691E-03   4.99496E-02   3.00104E+04  -1.49831E+04  -2.20995E+04  -7.31553E+04  -1.21494E+05
   1.10728E-01   3.76584E-03   8.34208E-01   1.40533E-03   4.98935E-02   3.01431E+04  -1.49439E+04  -2.21240E+04  -7.32091E+04  -1.21378E+05
   1.11728E-01   3.76161E-03   8.33270E-01   1.40375E-03   4.98374E-02   3.02752E+04  -1.49051E+04  -2.21487E+04  -7.32625E+04  -1.21261E+05
   1.12728E-01   3.75737E-03   8.32332E-01   1.40217E-03   4.97813E-02   3.04066E+04  -1.48667E+04  -2.21735E+04  -7.33154E+04  -1.21145E+05
   1.13728E-01   3.75314E-03   8.31393E-01   1.40059E-03   4.97252E-02   3.05375E+04  -1.48286E+04  -2.21983E+04  -7.33680E+04  -1.21028E+05
   1.14728E-01   3.74890E-03   8.30455E-01   1.39900E-03   4.96691E-02   3.06678E+04  -1.47910E+04  -2.22233E+04  -7.34200E+04  -1.20911E+05
   1.15728E-01   3.74467E-03   8.29517E-01   1.39742E-03   4.96130E-02   3.07975E+04  -1.47536E+04  -2.22484E+04  -7.34717E+04  -1.20794E+05
   1.16728E-01   3.74043E-03   8.28579E-01   1.39584E-03   4.95569E-02   3.09266E+04  -1.47167E+04  -2.22736E+04  -7.35228E+04  -1.20677E+05
   1.17728E-01   3.73620E-03   8.27641E-01   1.39426E-03   4.95008E-02   3.10551E+04  -1.46801E+04  -2.22989E+04  -7.35735E+04  -1.20560E+05
   1.18728E-01   3.73196E-03   8.26703E-01   1.39268E-03   4.94447E-02   3.11830E+04  -1.46439E+04  -2.23243E+04  -7.36236E+04  -1.20442E+05
   1.19728E-01   3.72773E-03   8.25765E-01   1.39110E-03   4.93886E-02   3.13103E+04  -1.46080E+04  -2.23498E+04  -7.36733E+04  -1.20324E+05
   1.20728E-01   3.72349E-03   8.24827E-01   1.38952E-03   4.93325E-02   3.14371E+04  -1.45725E+04  -2.23754E+04  -7.37224E+04  -1.20206E+05
   1.21728E-01   3.71926E-03   8.23889E-01   1.38794E-03   4.92763E-02   3.15632E+04  -1.45373E+04  -2.24011E+04  -7.37710E+04  -1.20087E+05
   1.22728E-01   3.71502E-03   8.22951E-01   1.38636E-03   4.92202E-02   3.16888E+04  -1.45025E+04  -2.24269E+04  -7.38190E+04  -1.19969E+05
   1.23728E-01   3.71079E-03   8.22013E-01   1.38478E-03   4.91641E-02   3.18138E+04  -1.44681E+04  -2.24528E+04  -7.38664E+04  -1.19850E+05
   1.24728E-01   3.70656E-03   8.21075E-01   1.38320E-03   4.91080E-02   3.19383E+04  -1.44340E+04  -2.24789E+04  -7.39133E+04  -1.19731E+05
   1.25728E-01   3.70232E-03   8.20137E-01   1.38162E-03   4.90519E-02   3.20622E+04  -1.44003E+04  -2.25050E+04  -7.39595E+04  -1.19612E+05
   1.26728E-01   3.69809E-03   8.19198E-01   1.38004E-03   4.89958E-02   3.21855E+04  -1.43669E+04  -2.25312E+04  -7.40051E+04  -1.19492E+05
   1.27728E-01   3.69385E-03   8.18260E-01   1.37846E-03   4.89397E-02   3.23083E+04  -1.43339E+04  -2.25575E+04  -7.40501E+04  -1.19372E+05
   1.28728E-01   3.68962E-03   8.17322E-01   1.37688E-03   4.88836E-02   3.24305E+04  -1.43012E+04  -2.25839E+04  -7.40945E+04  -1.19252E+05
   1.29728E-01   3.68538E-03   8.16384E-01   1.37530E-03   4.88275E-02   3.25521E+04  -1.42688E+04  -2.26105E+04  -7.41382E+04  -1.19132E+05
   1.30728E-01   3.68115E-03   8.15446E-01   1.37372E-03   4.87714E-02   3.26732E+04  -1.42368E+04  -2.26371E+04  -7.41812E+04  -1.19011E+05
   1.31728E-01   3.67691E-03   8.14508E-01   1.37214E-03   4.87153E-02   3.27937E+04  -1.42052E+04  -2.26638E+04  -7.42236E+04  -1.18890E+05
   1.32728E-01   3.67268E-03   8.13570E-01   1.37056E-03   4.86592E-02   3.29137E+04  -1.41738E+04  -2.26906E+04  -7.42652E+04  -1.18769E+05
   1.33728E-01   3.66844E-03   8.12632E-01   1.36898E-03   4.86031E-02   3.30332E+04  -1.41429E+04  -2.27175E+04  -7.43062E+04  -1.18647E+05
   1.34728E-01   3.66421E-03   8.11694E-01   1.36740E-03   4.85470E-02   3.31521E+04  -1.41122E+04  -2.27445E+04  -7.43464E+04  -1.18525E+05
   1.35728E-01   3.65997E-03   8.10756E-01   1.36582E-03   4.84909E-02   3.32704E+04  -1.40819E+04  -2.27716E+04  -7.43858E+04  -1.18403E+05
   1.36728E-01   3.65574E-03   8.09818E-01   1.36424E-03   4.84348E-02   3.33883E+04  -1.40519E+04  -2.27988E+04  -7.44245E+04  -1.18281E+05
   1.37728E-01   3.65150E-03   8.08880E-01   1.36266E-03   4.83787E-02   3.35055E+04  -1.40222E+04  -2.28261E+04  -7.44624E+04  -1.18158E+05
   1.38728E-01   3.64727E-03   8.07941E-01   1.36108E-03   4.83225E-02   3.36223E+04  -1.39929E+04  -2.28535E+04  -7.44995E+04  -1.18035E+05
   1.39728E-01   3.64303E-03   8.07003E-01   1.35950E-03   4.82664E-02   3.37385E+04  -1.39639E+04  -2.28810E+04  -7.45358E+04  -1.17912E+05
   1.40728E-01   3.63880E-03   8.06065E-01   1.35792E-03   4.82103E-02   3.38541E+04  -1.39351E+04  -2.29086E+04  -7.45712E+04  -1.17788E+05
   1.41728E-01   3.63456E-03   8.05127E-01   1.35634E-03   4.81542E-02   3.39693E+04  -1.39068E+04  -2.29363E+04  -7.46058E+04  -1.17664E+05
   1.42728E-01   3.63033E-03   8.04189E-01   1.35476E-03   4.80981E-02   3.40839E+04  -1.38787E+04  -2.29640E+04  -7.46396E+04  -1.17539E+05
   1.43728E-01   3.62609E-03   8.03251E-01   1.35318E-03   4.80420E-02   3.41979E+04  -1.38509E+04  -2.29919E+04  -7.46724E+04  -1.17414E+05
   1.44728E-01   3.62186E-03   8.02313E-01   1.35160E-03   4.79859E-02   3.43115E+04  -1.38235E+04  -2.30198E+04  -7.47043E+04  -1.17289E+05
   1.45728E-01   3.61763E-03   8.01375E-01   1.35002E-03   4.79298E-02   3.44245E+04  -1.37963E+04  -2.30479E+04  -7.47353E+04  -1.17164E+05
   1.46728E-01   3.61339E-03   8.00437E-01   1.34844E-03   4.78737E-02   3.45369E+04  -1.37694E+04  -2.30760E+04  -7.47653E+04  -1.17038E+05
   1.47728E-01   3.60916E-03   7.99499E-01   1.34685E-03   4.78176E-02   3.46489E+04  -1.37429E+04  -2.31042E+04  -7.47943E+04  -1.16912E+05
   1.48728E-01   3.60492E-03   7.98561E-01   1.34527E-03   4.77615E-02   3.47602E+04  -1.37166E+04  -2.31325E+04  -7.48224E+04  -1.16785E+05
   1.49728E-01   3.60069E-03   7.97623E-01   1.34369E-03   4.77054E-02   3.48711E+04  -1.36906E+04  -2.31609E+04  -7.48494E+04  -1.16658E+05
   1.50728E-01   3.59645E-03   7.96685E-01   1.34211E-03   4.76493E-02   3.49813E+04  -1.36648E+04  -2.31894E+04  -7.48753E+04  -1.16530E+05
   1.51728E-01   3.59222E-03   7.95746E-01   1.34053E-03   4.75932E-02   3.50911E+04  -1.36394E+04  -2.32180E+04  -7.49001E+04  -1.16402E+05
   1.52728E-01   3.58798E-03   7.94808E-01   1.33895E-03   4.75371E-02   3.52002E+04  -1.36142E+04  -2.32466E+04  -7.49237E+04  -1.16274E+05
   1.53728E-01   3.58375E-03   7.93870E-01   1.33737E-03   4.74810E-02   3.53088E+04  -1.35892E+04  -2.32754E+04  -7.49462E+04  -1.16145E+05
   1.54728E-01   3.57951E-03   7.92932E-01   1.33579E-03   4.74248E-02   3.54168E+04  -1.35645E+04  -2.33042E+04  -7.49675E+04  -1.16016E+05
   1.55728E-01   3.57528E-03   7.91994E-01   1.33421E-03   4.73687E-02   3.55242E+04  -1.35401E+04  -2.33331E+04  -7.49875E+04  -1.15886E+05
   1.56728E-01   3.57104E-03   7.91056E-01   1.33263E-03   4.73126E-02   3.56310E+04  -1.35158E+04  -2.33620E+04  -7.50062E+04  -1.15755E+05
   1.57728E-01   3.56681E-03   7.90118E-01   1.33105E-03   4.72565E-02   3.57372E+04  -1.34918E+04  -2.33910E+04  -7.50235E+04  -1.15625E+05
   1.58728E-01   3.56257E-03   7.89180E-01   1.32947E-03   4.72004E-02   3.58427E+04  -1.34680E+04  -2.34201E+04  -7.50394E+04  -1.15493E+05
   1.59728E-01   3.55834E-03   7.88242E-01   1.32789E-03   4.71443E-02   3.59476E+04  -1.34443E+04  -2.34492E+04  -7.50539E+04  -1.15361E+05
   1.60728E-01   3.55410E-03   7.87304E-01   1.32631E-03   4.70882E-02   3.60517E+04  -1.34209E+04  -2.34784E+04  -7.50667E+04  -1.15229E+05
   1.61728E-01   3.54987E-03   7.86366E-01   1.32473E-03   4.70321E-02   3.61552E+04  -1.33976E+04  -2.35077E+04  -7.50780E+04  -1.15096E+05
   1.62728E-01   3.54563E-03   7.85428E-01   1.32315E-03   4.69760E-02   3.62579E+04  -1.33744E+04  -2.35370E+04  -7.50875E+04  -1.14962E+05
   1.63728E-01   3.54140E-03   7.84490E-01   1.32157E-03   4.69199E-02   3.63598E+04  -1.33513E+04  -2.35663E+04  -7.50952E+04  -1.14828E+05
   1.64728E-01   3.53717E-03   7.83551E-01   1.31999E-03   4.68638E-02   3.64609E+04  -1.33283E+04  -2.35956E+04  -7.51010E+04  -1.14693E+05
   1.65728E-01   3.53293E-03   7.82613E-01   1.31841E-03   4.68077E-02   3.65612E+04  -1.33054E+04  -2.36250E+04  -7.51048E+04  -1.14557E+05
   1.66728E-01   3.52870E-03   7.81675E-01   1.31683E-03   4.67516E-02   3.66605E+04  -1.32825E+04  -2.36543E+04  -7.51065E+04  -1.14421E+05
   1.67728E-01   3.52446E-03   7.80737E-01   1.31525E-03   4.66955E-02   3.67588E+04  -1.32595E+04  -2.36837E+04  -7.51059E+04  -1.14284E+05
   1.68728E-01   3.52023E-03   7.79799E-01   1.31367E-03   4.66394E-02   3.68561E+04  -1.32366E+04  -2.37130E+04  -7.51028E+04  -1.14146E+05
   1.69728E-01   3.51599E-03   7.78861E-01   1.31209E-03   4.65833E-02   3.69523E+04  -1.32135E+04  -2.37423E+04  -7.50972E+04  -1.14007E+05
   1.70728E-01   3.51176E-03   7.77923E-01   1.31051E-03   4.65272E-02   3.70472E+04  -1.31904E+04  -2.37716E+04  -7.50888E+04  -1.13867E+05
   1.71728E-01   3.50752E-03   7.76985E-01   1.30893E-03   4.64710E-02   3.71409E+04  -1.31670E+04  -2.38008E+04  -7.50774E+04  -1.13727E+05
   1.72728E-01   3.50329E-03   7.76047E-01   1.30735E-03   4.64149E-02   3.72332E+04  -1.31434E+04  -2.38298E+04  -7.50628E+04  -1.13585E+05
   1.73728E-01   3.49905E-03   7.75109E-01   1.30577E-03   4.63588E-02   3.73241E+04  -1.31195E+04  -2.38588E+04  -7.50447E+04  -1.13442E+05
   1.74728E-01   3.49482E-03   7.74171E-01   1.30419E-03   4.63027E-02   3.74132E+04  -1.30952E+04  -2.38876E+04  -7.50229E+04  -1.13298E+05
   1.75728E-01   3.49058E-03   7.73233E-01   1.30261E-03   4.62466E-02   3.75007E+04  -1.30704E+04  -2.39163E+04  -7.49971E+04  -1.13153E+05
   1.76728E-01   3.48635E-03   7.72294E-01   1.30103E-03   4.61905E-02   3.75862E+04  -1.30450E+04  -2.39447E+04  -7.49668E+04  -1.13006E+05
   1.77728E-01   3.48211E-03   7.71356E-01   1.29945E-03   4.61344E-02   3.76696E+04  -1.30190E+04  -2.39729E+04  -7.49318E+04  -1.12858E+05
   1.78728E-01   3.47788E-03   7.70418E-01   1.29787E-03   4.60783E-02   3.77507E+04  -1.29923E+04  -2.40008E+04  -7.48916E+04  -1.12708E+05
   1.79728E-01   3.47364E-03   7.69480E-01   1.29628E-03   4.60222E-02   3.77970E+04  -1.29501E+04  -2.40218E+04  -7.47880E+04  -1.12543E+05
   1.80728E-01   3.46941E-03   7.68542E-01   1.29470E-03   4.59661E-02   3.77648E+04  -1.28726E+04  -2.40271E+04  -7.45420E+04  -1.12341E+05
   1.81728E-01   3.46517E-03   7.67604E-01   1.29312E-03   4.59100E-02   3.77454E+04  -1.28001E+04  -2.40350E+04  -7.43156E+04  -1.12144E+05
   1.82728E-01   3.46094E-03   7.66666E-01   1.29154E-03   4.58539E-02   3.77378E+04  -1.27323E+04  -2.40454E+04  -7.41075E+04  -1.11950E+05
   1.83728E-01   3.45671E-03   7.65728E-01   1.28996E-03   4.57978E-02   3.77412E+04  -1.26691E+04  -2.40582E+04  -7.39164E+04  -1.11761E+05
   1.84728E-01   3.45247E-03   7.64790E-01   1.28838E-03   4.57417E-02   3.77549E+04  -1.26103E+04  -2.40732E+04  -7.37413E+04  -1.11574E+05
   1.85728E-01   3.44824E-03   7.63852E-01   1.28680E-03   4.56856E-02   3.77783E+04  -1.25555E+04  -2.40904E+04  -7.35810E+04  -1.11391E+05
   1.86728E-01   3.44400E-03   7.62914E-01   1.28522E-03   4.56295E-02   3.78106E+04  -1.25047E+04  -2.41095E+04  -7.34348E+04  -1.11211E+05
   1.87728E-01   3.43977E-03   7.61976E-01   1.28364E-03   4.55734E-02   3.78514E+04  -1.24576E+04  -2.41306E+04  -7.33017E+04  -1.11033E+05
   1.88728E-01   3.43553E-03   7.61038E-01   1.28206E-03   4.55172E-02   3.79001E+04  -1.24142E+04  -2.41534E+04  -7.31810E+04  -1.10859E+05
   1.89728E-01   3.43130E-03   7.60099E-01   1.28048E-03   4.54611E-02   3.79562E+04  -1.23743E+04  -2.41781E+04  -7.30720E+04  -1.10687E+05
   1.90728E-01   3.42706E-03   7.59161E-01   1.27890E-03   4.54050E-02   3.80194E+04  -1.23377E+04  -2.42044E+04  -7.29739E+04  -1.10517E+05
   1.91728E-01   3.42283E-03   7.58223E-01   1.27732E-03   4.53489E-02   3.80891E+04  -1.23043E+04  -2.42322E+04  -7.28863E+04  -1.10350E+05
   1.92728E-01   3.41859E-03   7.57285E-01   1.27574E-03   4.52928E-02   3.81651E+04  -1.22741E+04  -2.42616E+04  -7.28084E+04  -1.10185E+05
   1.93728E-01   3.41436E-03   7.56347E-01   1.27416E-03   4.52367E-02   3.82469E+04  -1.22469E+04  -2.42925E+04  -7.27399E+04  -1.10022E+05
   1.94728E-01   3.41012E-03   7.55409E-01   1.27258E-03   4.51806E-02   3.83342E+04  -1.22226E+04  -2.43248E+04  -7.26802E+04  -1.09861E+05
   1.95728E-01   3.40589E-03   7.54471E-01   1.27100E-03   4.51245E-02   3.84269E+04  -1.22012E+04  -2.43585E+04  -7.26288E+04  -1.09702E+05
   1.96728E-01   3.40165E-03   7.53533E-01   1.26942E-03   4.50684E-02   3.85245E+04  -1.21826E+04  -2.43934E+04  -7.25854E+04  -1.09545E+05
   1.97728E-01   3.39742E-03   7.52595E-01   1.26784E-03   4.50123E-02   3.86268E+04  -1.21667E+04  -2.44297E+04  -7.25497E+04  -1.09389E+05
   1.98728E-01   3.39318E-03   7.51657E-01   1.26626E-03   4.49562E-02   3.87336E+04  -1.21534E+04  -2.44671E+04  -7.25211E+04  -1.09235E+05
   1.99728E-01   3.38895E-03   7.50719E-01   1.26468E-03   4.49001E-02   3.88447E+04  -1.21426E+04  -2.45058E+04  -7.24994E+04  -1.09083E+05
   2.00728E-01   3.38471E-03   7.49781E-01   1.26310E-03   4.48440E-02   3.89598E+04  -1.21344E+04  -2.45456E+04  -7.24843E+04  -1.08932E+05
   2.01728E-01   3.38048E-03   7.48843E-01   1.26152E-03   4.47879E-02   3.90788E+04  -1.21287E+04  -2.45865E+04  -7.24755E+04  -1.08783E+05
   2.02728E-01   3.37625E-03   7.47904E-01   1.25994E-03   4.47318E-02   3.92015E+04  -1.21254E+04  -2.46285E+04  -7.24727E+04  -1.08636E+05
   2.03728E-01   3.37201E-03   7.46966E-01   1.25836E-03   4.46757E-02   3.93277E+04  -1.21244E+04  -2.46715E+04  -7.24756E+04  -1.08489E+05
   2.04728E-01   3.36778E-03   7.46028E-01   1.25678E-03   4.46195E-02   3.94572E+04  -1.21258E+04  -2.47156E+04  -7.24841E+04  -1.08344E+05
   2.05728E-01   3.36354E-03   7.45090E-01   1.25520E-03   4.45634E-02   3.95899E+04  -1.21295E+04  -2.47607E+04  -7.24979E+04  -1.08201E+05
   2.06728E-01   3.35931E-03   7.44152E-01   1.25362E-03   4.45073E-02   3.97257E+04  -1.21354E+04  -2.48067E+04  -7.25167E+04  -1.08058E+05
   2.07728E-01   3.35507E-03   7.43214E-01   1.25204E-03   4.44512E-02   3.98644E+04  -1.21436E+04  -2.48538E+04  -7.25405E+04  -1.07917E+05
   2.08728E-01   3.35084E-03   7.42276E-01   1.25046E-03   4.43951E-02   4.00059E+04  -1.21539E+04  -2.49017E+04  -7.25689E+04  -1.07777E+05
   2.09728E-01   3.34660E-03   7.41338E-01   1.24888E-03   4.43390E-02   4.01501E+04  -1.21665E+04  -2.49506E+04  -7.26019E+04  -1.07639E+05
   2.10728E-01   3.34237E-03   7.40400E-01   1.24730E-03   4.42829E-02   4.02968E+04  -1.21811E+04  -2.50003E+04  -7.26392E+04  -1.07501E+05
   2.11728E-01   3.33813E-03   7.39462E-01   1.24571E-03   4.42268E-02   4.04461E+04  -1.21979E+04  -2.50509E+04  -7.26807E+04  -1.07364E+05
   2.12728E-01   3.33390E-03   7.38524E-01   1.24413E-03   4.41707E-02   4.05977E+04  -1.22167E+04  -2.51024E+04  -7.27263E+04  -1.07229E+05
   2.13728E-01   3.32966E-03   7.37586E-01   1.24255E-03   4.41146E-02   4.07516E+04  -1.22377E+04  -2.51547E+04  -7.27758E+04  -1.07094E+05
   2.14728E-01   3.32543E-03   7.36647E-01   1.24097E-03   4.40585E-02   4.09076E+04  -1.22606E+04  -2.52079E+04  -7.28291E+04  -1.06961E+05
   2.15728E-01   3.32119E-03   7.35709E-01   1.23939E-03   4.40024E-02   4.10658E+04  -1.22857E+04  -2.52618E+04  -7.28861E+04  -1.06829E+05
   2.16728E-01   3.31696E-03   7.34771E-01   1.23781E-03   4.39463E-02   4.12260E+04  -1.23127E+04  -2.53166E+04  -7.29466E+04  -1.06697E+05
   2.17728E-01   3.31272E-03   7.33833E-01   1.23623E-03   4.38902E-02   4.13882E+04  -1.23417E+04  -2.53721E+04  -7.30105E+04  -1.06567E+05
   2.18728E-01   3.30849E-03   7.32895E-01   1.23465E-03   4.38341E-02   4.15523E+04  -1.23727E+04  -2.54285E+04  -7.30778E+04  -1.06437E+05
   2.19728E-01   3.30425E-03   7.31957E-01   1.23307E-03   4.37780E-02   4.17181E+04  -1.24057E+04  -2.54855E+04  -7.31483E+04  -1.06308E+05
   2.20728E-01   3.30002E-03   7.31019E-01   1.23149E-03   4.37219E-02   4.18857E+04  -1.24407E+04  -2.55434E+04  -7.32219E+04  -1.06181E+05
   2.21728E-01   3.29578E-03   7.30081E-01   1.22991E-03   4.36657E-02   4.20550E+04  -1.24776E+04  -2.56019E+04  -7.32985E+04  -1.06054E+05
   2.22728E-01   3.29155E-03   7.29143E-01   1.22833E-03   4.36096E-02   4.22260E+04  -1.25164E+04  -2.56612E+04  -7.33782E+04  -1.05928E+05
   2.23728E-01   3.28732E-03   7.28205E-01   1.22675E-03   4.35535E-02   4.23985E+04  -1.25572E+04  -2.57212E+04  -7.34607E+04  -1.05802E+05
   2.24728E-01   3.28308E-03   7.27267E-01   1.22517E-03   4.34974E-02   4.25726E+04  -1.25999E+04  -2.57820E+04  -7.35459E+04  -1.05678E+05
   2.25728E-01   3.27885E-03   7.26329E-01   1.22359E-03   4.34413E-02   4.27481E+04  -1.26446E+04  -2.58434E+04  -7.36339E+04  -1.05554E+05
   2.26728E-01   3.27461E-03   7.25391E-01   1.22201E-03   4.33852E-02   4.29250E+04  -1.26911E+04  -2.59055E+04  -7.37246E+04  -1.05432E+05
   2.27728E-01   3.27038E-03   7.24452E-01   1.22043E-03   4.33291E-02   4.31034E+04  -1.27396E+04  -2.59684E+04  -7.38178E+04  -1.05310E+05
   2.28728E-01   3.26614E-03   7.23514E-01   1.21885E-03   4.32730E-02   4.32831E+04  -1.27899E+04  -2.60319E+04  -7.39136E+04  -1.05189E+05
   2.29728E-01   3.26191E-03   7.22576E-01   1.21727E-03   4.32169E-02   4.34641E+04  -1.28422E+04  -2.60960E+04  -7.40118E+04  -1.05068E+05
   2.30728E-01   3.25767E-03   7.21638E-01   1.21569E-03   4.31608E-02   4.36463E+04  -1.28964E+04  -2.61609E+04  -7.41124E+04  -1.04948E+05
   2.31728E-01   3.25344E-03   7.20700E-01   1.21411E-03   4.31047E-02   4.38298E+04  -1.29524E+04  -2.62264E+04  -7.42154E+04  -1.04830E+05
   2.32728E-01   3.24920E-03   7.19762E-01   1.21253E-03   4.30486E-02   4.40144E+04  -1.30103E+04  -2.62926E+04  -7.43206E+04  -1.04711E+05
   2.33728E-01   3.24497E-03   7.18824E-01   1.21095E-03   4.29925E-02   4.42002E+04  -1.30702E+04  -2.63594E+04  -7.44281E+04  -1.04594E+05
   2.34728E-01   3.24073E-03   7.17886E-01   1.20937E-03   4.29364E-02   4.43871E+04  -1.31319E+04  -2.64268E+04  -7.45378E+04  -1.04477E+05
   2.35728E-01   3.23650E-03   7.16948E-01   1.20779E-03   4.28803E-02   4.45752E+04  -1.31955E+04  -2.64950E+04  -7.46496E+04  -1.04361E+05
   2.36728E-01   3.23226E-03   7.16010E-01   1.20621E-03   4.28242E-02   4.47642E+04  -1.32610E+04  -2.65637E+04  -7.47635E+04  -1.04246E+05
   2.37728E-01   3.22803E-03   7.15072E-01   1.20463E-03   4.27681E-02   4.49543E+04  -1.33284E+04  -2.66331E+04  -7.48795E+04  -1.04131E+05
   2.38728E-01   3.22379E-03   7.14134E-01   1.20305E-03   4.27119E-02   4.51455E+04  -1.33976E+04  -2.67031E+04  -7.49975E+04  -1.04017E+05
   2.39728E-01   3.21956E-03   7.13196E-01   1.20147E-03   4.26558E-02   4.53375E+04  -1.34688E+04  -2.67737E+04  -7.51174E+04  -1.03904E+05
   2.40728E-01   3.21532E-03   7.12257E-01   1.19989E-03   4.25997E-02   4.55306E+04  -1.35418E+04  -2.68450E+04  -7.52393E+04  -1.03792E+05
   2.41728E-01   3.21109E-03   7.11319E-01   1.19831E-03   4.25436E-02   4.57245E+04  -1.36167E+04  -2.69169E+04  -7.53631E+04  -1.03680E+05
   2.42728E-01   3.20686E-03   7.10381E-01   1.19673E-03   4.24875E-02   4.59194E+04  -1.36936E+04  -2.69894E+04  -7.54888E+04  -1.03569E+05
   2.43728E-01   3.20262E-03   7.09443E-01   1.19514E-03   4.24314E-02   4.61152E+04  -1.37723E+04  -2.70625E+04  -7.56163E+04  -1.03458E+05
   2.44728E-01   3.19839E-03   7.08505E-01   1.19356E-03   4.23753E-02   4.63118E+04  -1.38529E+04  -2.71362E+04  -7.57456E+04  -1.03348E+05
   2.45728E-01   3.19415E-03   7.07567E-01   1.19198E-03   4.23192E-02   4.65092E+04  -1.39355E+04  -2.72105E+04  -7.58767E+04  -1.03239E+05
   2.46728E-01   3.18992E-03   7.06629E-01   1.19040E-03   4.22631E-02   4.67075E+04  -1.40199E+04  -2.72854E+04  -7.60095E+04  -1.03130E+05
   2.47728E-01   3.18568E-03   7.05691E-01   1.18882E-03   4.22070E-02   4.69065E+04  -1.41063E+04  -2.73610E+04  -7.61441E+04  -1.03023E+05
   2.48728E-01   3.18145E-03   7.04753E-01   1.18724E-03   4.21509E-02   4.71064E+04  -1.41945E+04  -2.74371E+04  -7.62803E+04  -1.02915E+05
   2.49728E-01   3.17721E-03   7.03815E-01   1.18566E-03   4.20948E-02   4.73070E+04  -1.42847E+04  -2.75138E+04  -7.64183E+04  -1.02809E+05
   2.50728E-01   3.17298E-03   7.02877E-01   1.18408E-03   4.20387E-02   4.75084E+04  -1.43768E+04  -2.75911E+04  -7.65578E+04  -1.02703E+05
   2.51728E-01   3.16874E-03   7.01939E-01   1.18250E-03   4.19826E-02   4.77105E+04  -1.44708E+04  -2.76691E+04  -7.66990E+04  -1.02597E+05
   2.52728E-01   3.16451E-03   7.01000E-01   1.18092E-03   4.19265E-02   4.79133E+04  -1.45668E+04  -2.77476E+04  -7.68417E+04  -1.02493E+05
   2.53728E-01   3.16027E-03   7.00062E-01   1.17934E-03   4.18704E-02   4.81168E+04  -1.46647E+04  -2.78267E+04  -7.69861E+04  -1.02389E+05
   2.54728E-01   3.15604E-03   6.99124E-01   1.17776E-03   4.18142E-02   4.83210E+04  -1.47646E+04  -2.79064E+04  -7.71320E+04  -1.02285E+05
   2.55728E-01   3.15180E-03   6.98186E-01   1.17618E-03   4.17581E-02   4.85258E+04  -1.48664E+04  -2.79867E+04  -7.72794E+04  -1.02182E+05
   2.56728E-01   3.14757E-03   6.97248E-01   1.17460E-03   4.17020E-02   4.87314E+04  -1.49702E+04  -2.80675E+04  -7.74283E+04  -1.02080E+05
   2.57728E-01   3.14333E-03   6.96310E-01   1.17302E-03   4.16459E-02   4.89375E+04  -1.50759E+04  -2.81490E+04  -7.75787E+04  -1.01978E+05
   2.58728E-01   3.13910E-03   6.95372E-01   1.17144E-03   4.15898E-02   4.91444E+04  -1.51836E+04  -2.82310E+04  -7.77307E+04  -1.01877E+05
   2.59728E-01   3.13486E-03   6.94434E-01   1.16986E-03   4.15337E-02   4.93518E+04  -1.52933E+04  -2.83137E+04  -7.78840E+04  -1.01777E+05
   2.60728E-01   3.13063E-03   6.93496E-01   1.16828E-03   4.14776E-02   4.95598E+04  -1.54050E+04  -2.83969E+04  -7.80388E+04  -1.01677E+05
   2.61728E-01   3.12640E-03   6.92558E-01   1.16670E-03   4.14215E-02   4.97685E+04  -1.55186E+04  -2.84807E+04  -7.81951E+04  -1.01578E+05
   2.62728E-01   3.12216E-03   6.91620E-01   1.16512E-03   4.13654E-02   4.99777E+04  -1.56343E+04  -2.85650E+04  -7.83527E+04  -1.01480E+05
   2.63728E-01   3.11793E-03   6.90682E-01   1.16354E-03   4.13093E-02   5.01875E+04  -1.57520E+04  -2.86500E+04  -7.85118E+04  -1.01382E+05
   2.64728E-01   3.11369E-03   6.89744E-01   1.16196E-03   4.12532E-02   5.03979E+04  -1.58717E+04  -2.87355E+04  -7.86722E+04  -1.01285E+05
   2.65728E-01   3.10946E-03   6.88805E-01   1.16038E-03   4.11971E-02   5.06088E+04  -1.59934E+04  -2.88217E+04  -7.88340E+04  -1.01188E+05
   2.66728E-01   3.10522E-03   6.87867E-01   1.15880E-03   4.11410E-02   5.08203E+04  -1.61172E+04  -2.89084E+04  -7.89972E+04  -1.01092E+05
   2.67728E-01   3.10099E-03   6.86929E-01   1.15722E-03   4.10849E-02   5.10323E+04  -1.62430E+04  -2.89957E+04  -7.91617E+04  -1.00996E+05
   2.68728E-01   3.09675E-03   6.85991E-01   1.15564E-03   4.10288E-02   5.12448E+04  -1.63708E+04  -2.90835E+04  -7.93275E+04  -1.00902E+05
   2.69728E-01   3.09252E-03   6.85053E-01   1.15406E-03   4.09727E-02   5.14579E+04  -1.65007E+04  -2.91720E+04  -7.94947E+04  -1.00807E+05
   2.70728E-01   3.08828E-03   6.84115E-01   1.15248E-03   4.09166E-02   5.16715E+04  -1.66327E+04  -2.92610E+04  -7.96631E+04  -1.00714E+05
   2.71728E-01   3.08405E-03   6.83177E-01   1.15090E-03   4.08604E-02   5.18856E+04  -1.67668E+04  -2.93506E+04  -7.98329E+04  -1.00621E+05
   2.72728E-01   3.07981E-03   6.82239E-01   1.14932E-03   4.08043E-02   5.21002E+04  -1.69029E+04  -2.94408E+04  -8.00040E+04  -1.00528E+05
   2.73728E-01   3.07558E-03   6.81301E-01   1.14774E-03   4.07482E-02   5.23152E+04  -1.70412E+04  -2.95316E+04  -8.01763E+04  -1.00436E+05
   2.74728E-01   3.07134E-03   6.80363E-01   1.14616E-03   4.06921E-02   5.25308E+04  -1.71815E+04  -2.96229E+04  -8.03499E+04  -1.00345E+05
   2.75728E-01   3.06711E-03   6.79425E-01   1.14457E-03   4.06360E-02   5.27468E+04  -1.73240E+04  -2.97149E+04  -8.05248E+04  -1.00255E+05
   2.76728E-01   3.06287E-03   6.78487E-01   1.14299E-03   4.05799E-02   5.29633E+04  -1.74686E+04  -2.98074E+04  -8.07009E+04  -1.00165E+05
   2.77728E-01   3.05864E-03   6.77549E-01   1.14141E-03   4.05238E-02   5.31803E+04  -1.76153E+04  -2.99005E+04  -8.08783E+04  -1.00075E+05
   2.78728E-01   3.05440E-03   6.76610E-01   1.13983E-03   4.04677E-02   5.33977E+04  -1.77642E+04  -2.99941E+04  -8.10569E+04  -9.99866E+04
   2.79728E-01   3.05017E-03   6.75672E-01   1.13825E-03   4.04116E-02   5.36156E+04  -1.79152E+04  -3.00884E+04  -8.12367E+04  -9.98985E+04
   2.80728E-01   3.04593E-03   6.74734E-01   1.13667E-03   4.03555E-02   5.38340E+04  -1.80685E+04  -3.01833E+04  -8.14178E+04  -9.98109E+04
   2.81728E-01   3.04170E-03   6.73796E-01   1.13509E-03   4.02994E-02   5.40527E+04  -1.82239E+04  -3.02787E+04  -8.16001E+04  -9.97240E+04
   2.82728E-01   3.03747E-03   6.72858E-01   1.13351E-03   4.02433E-02   5.42719E+04  -1.83814E+04  -3.03747E+04  -8.17835E+04  -9.96377E+04
   2.83728E-01   3.03323E-03   6.71920E-01   1.13193E-03   4.01872E-02   5.44916E+04  -1.85412E+04  -3.04713E+04  -8.19682E+04  -9.95520E+04
   2.84728E-01   3.02900E-03   6.70982E-01   1.13035E-03   4.01311E-02   5.47116E+04  -1.87032E+04  -3.05685E+04  -8.21541E+04  -9.94669E+04
   2.85728E-01   3.02476E-03   6.70044E-01   1.12877E-03   4.00750E-02   5.49321E+04  -1.88675E+04  -3.06663E+04  -8.23412E+04  -9.93825E+04
   2.86728E-01   3.02053E-03   6.69106E-01   1.12719E-03   4.00189E-02   5.51530E+04  -1.90339E+04  -3.07647E+04  -8.25294E+04  -9.92986E+04
   2.87728E-01   3.01629E-03   6.68168E-01   1.12561E-03   3.99628E-02   5.53743E+04  -1.92027E+04  -3.08636E+04  -8.27188E+04  -9.92154E+04
   2.88728E-01   3.01206E-03   6.67230E-01   1.12403E-03   3.99066E-02   5.55959E+04  -1.93736E+04  -3.09632E+04  -8.29094E+04  -9.91328E+04
   2.89728E-01   3.00782E-03   6.66292E-01   1.12245E-03   3.98505E-02   5.58180E+04  -1.95469E+04  -3.10633E+04  -8.31012E+04  -9.90508E+04
   2.90728E-01   3.00359E-03   6.65353E-01   1.12087E-03   3.97944E-02   5.60405E+04  -1.97224E+04  -3.11640E+04  -8.32941E+04  -9.89694E+04
   2.91728E-01   2.99935E-03   6.64415E-01   1.11929E-03   3.97383E-02   5.62634E+04  -1.99003E+04  -3.12654E+04  -8.34882E+04  -9.88886E+04
   2.92728E-01   2.99512E-03   6.63477E-01   1.11771E-03   3.96822E-02   5.64867E+04  -2.00804E+04  -3.13673E+04  -8.36835E+04  -9.88085E+04
   2.93728E-01   2.99088E-03   6.62539E-01   1.11613E-03   3.96261E-02   5.67103E+04  -2.02629E+04  -3.14698E+04  -8.38799E+04  -9.87290E+04
   2.94728E-01   2.98665E-03   6.61601E-01   1.11455E-03   3.95700E-02   5.69344E+04  -2.04477E+04  -3.15729E+04  -8.40774E+04  -9.86501E+04
   2.95728E-01   2.98241E-03   6.60663E-01   1.11297E-03   3.95139E-02   5.71588E+04  -2.06348E+04  -3.16766E+04  -8.42761E+04  -9.85719E+04
   2.96728E-01   2.97818E-03   6.59725E-01   1.11139E-03   3.94578E-02   5.73835E+04  -2.08243E+04  -3.17809E+04  -8.44759E+04  -9.84943E+04
   2.97728E-01   2.97394E-03   6.58787E-01   1.10981E-03   3.94017E-02   5.76087E+04  -2.10162E+04  -3.18858E+04  -8.46768E+04  -9.84173E+04
   2.98728E-01   2.96971E-03   6.57849E-01   1.10823E-03   3.93456E-02   5.78342E+04  -2.12105E+04  -3.19913E+04  -8.48789E+04  -9.83409E+04
   2.99728E-01   2.96547E-03   6.56911E-01   1.10665E-03   3.92895E-02   5.80600E+04  -2.14072E+04  -3.20974E+04  -8.50821E+04  -9.82652E+04
   2.99990E-01   2.96436E-03   6.56665E-01   1.10623E-03   3.92748E-02   5.81194E+04  -2.14592E+04  -3.21254E+04  -8.51356E+04  -9.82454E+04

 Phase Region for:
     FCC_A1#1                      
 col-1=X(C), col-2=X(CU), col-3=X(FE), col-4=X(MN), col-5=X(SI), col-6=MU(C), col-7=MU(CU), col-8=MU(FE), col-9=MU(MN), col-10=MU(SI),
   9.72763E-03   4.19355E-03   9.28954E-01   1.56494E-03   5.55602E-02   8.65643E+03  -2.07180E+04  -2.02285E+04  -6.74965E+04  -1.32580E+05
   8.72763E-03   4.19779E-03   9.29892E-01   1.56652E-03   5.56163E-02   7.99550E+03  -2.07909E+04  -2.02153E+04  -6.74461E+04  -1.32687E+05
   7.72763E-03   4.20202E-03   9.30830E-01   1.56810E-03   5.56724E-02   7.26350E+03  -2.08641E+04  -2.02022E+04  -6.73959E+04  -1.32794E+05
   6.72763E-03   4.20626E-03   9.31768E-01   1.56968E-03   5.57285E-02   6.44066E+03  -2.09375E+04  -2.01892E+04  -6.73458E+04  -1.32901E+05
   5.72763E-03   4.21049E-03   9.32706E-01   1.57126E-03   5.57846E-02   5.49756E+03  -2.10111E+04  -2.01763E+04  -6.72958E+04  -1.33008E+05
   4.72763E-03   4.21472E-03   9.33644E-01   1.57284E-03   5.58407E-02   4.38779E+03  -2.10850E+04  -2.01635E+04  -6.72461E+04  -1.33115E+05
   3.72763E-03   4.21896E-03   9.34582E-01   1.57442E-03   5.58969E-02   3.03150E+03  -2.11591E+04  -2.01507E+04  -6.71964E+04  -1.33221E+05
   2.72763E-03   4.22319E-03   9.35520E-01   1.57600E-03   5.59530E-02   1.27286E+03  -2.12334E+04  -2.01381E+04  -6.71470E+04  -1.33328E+05
   1.72763E-03   4.22743E-03   9.36458E-01   1.57758E-03   5.60091E-02  -1.26351E+03  -2.13080E+04  -2.01255E+04  -6.70976E+04  -1.33434E+05
   7.27626E-04   4.23166E-03   9.37396E-01   1.57916E-03   5.60652E-02  -5.99863E+03  -2.13828E+04  -2.01131E+04  -6.70485E+04  -1.33541E+05
   1.00000E-05   4.23470E-03   9.38070E-01   1.58029E-03   5.61054E-02  -2.91562E+04  -2.14366E+04  -2.01042E+04  -6.70134E+04  -1.33617E+05

 Phase Region for:
     FCC_A1#2                      
 col-1=X(C), col-2=X(CU), col-3=X(FE), col-4=X(MN), col-5=X(SI), col-6=MU(C), col-7=MU(CU), col-8=MU(FE), col-9=MU(MN), col-10=MU(SI),
   9.72763E-03   9.90013E-01   1.09748E-04   1.49712E-04   1.73023E-10   2.16192E+05  -2.54191E+04  -2.41265E+04  -7.10524E+04  -1.37585E+05
   1.07276E-02   9.88997E-01   1.17705E-04   1.57781E-04   1.81085E-10   2.16480E+05  -2.54221E+04  -2.41295E+04  -7.10554E+04  -1.37588E+05
   1.17276E-02   9.87980E-01   1.26251E-04   1.66293E-04   1.89538E-10   2.16720E+05  -2.54248E+04  -2.41323E+04  -7.10582E+04  -1.37591E+05
   1.27276E-02   9.86962E-01   1.35432E-04   1.75273E-04   1.98400E-10   2.16920E+05  -2.54273E+04  -2.41348E+04  -7.10607E+04  -1.37593E+05
   1.37276E-02   9.85942E-01   1.45294E-04   1.84746E-04   2.07693E-10   2.17086E+05  -2.54295E+04  -2.41370E+04  -7.10630E+04  -1.37596E+05
   1.47276E-02   9.84922E-01   1.55890E-04   1.94741E-04   2.17440E-10   2.17222E+05  -2.54315E+04  -2.41390E+04  -7.10650E+04  -1.37598E+05
   1.57276E-02   9.83900E-01   1.67276E-04   2.05286E-04   2.27663E-10   2.17332E+05  -2.54332E+04  -2.41407E+04  -7.10667E+04  -1.37599E+05
   1.67276E-02   9.82876E-01   1.79511E-04   2.16411E-04   2.38387E-10   2.17420E+05  -2.54346E+04  -2.41422E+04  -7.10682E+04  -1.37601E+05
   1.77276E-02   9.81852E-01   1.92662E-04   2.28151E-04   2.49640E-10   2.17487E+05  -2.54358E+04  -2.41434E+04  -7.10694E+04  -1.37602E+05
   1.87276E-02   9.80825E-01   2.06798E-04   2.40538E-04   2.61448E-10   2.17536E+05  -2.54367E+04  -2.41443E+04  -7.10703E+04  -1.37603E+05
   1.97276E-02   9.79797E-01   2.21994E-04   2.53609E-04   2.73842E-10   2.17569E+05  -2.54373E+04  -2.41449E+04  -7.10709E+04  -1.37603E+05
   2.07276E-02   9.78767E-01   2.38334E-04   2.67404E-04   2.86852E-10   2.17586E+05  -2.54377E+04  -2.41453E+04  -7.10713E+04  -1.37604E+05
   2.17276E-02   9.77735E-01   2.55903E-04   2.81961E-04   3.00513E-10   2.17590E+05  -2.54378E+04  -2.41454E+04  -7.10714E+04  -1.37604E+05
   2.27276E-02   9.76700E-01   2.74799E-04   2.97325E-04   3.14858E-10   2.17581E+05  -2.54376E+04  -2.41452E+04  -7.10712E+04  -1.37604E+05
   2.37276E-02   9.75664E-01   2.95124E-04   3.13541E-04   3.29926E-10   2.17561E+05  -2.54371E+04  -2.41447E+04  -7.10707E+04  -1.37603E+05
   2.47276E-02   9.74625E-01   3.16989E-04   3.30657E-04   3.45756E-10   2.17529E+05  -2.54363E+04  -2.41439E+04  -7.10699E+04  -1.37602E+05
   2.57276E-02   9.73583E-01   3.40515E-04   3.48724E-04   3.62392E-10   2.17488E+05  -2.54352E+04  -2.41428E+04  -7.10688E+04  -1.37601E+05
   2.67276E-02   9.72539E-01   3.65831E-04   3.67795E-04   3.79877E-10   2.17436E+05  -2.54338E+04  -2.41414E+04  -7.10674E+04  -1.37600E+05
   2.77276E-02   9.71491E-01   3.93077E-04   3.87928E-04   3.98261E-10   2.17376E+05  -2.54322E+04  -2.41397E+04  -7.10657E+04  -1.37598E+05
   2.87276E-02   9.70441E-01   4.22407E-04   4.09182E-04   4.17595E-10   2.17307E+05  -2.54301E+04  -2.41377E+04  -7.10637E+04  -1.37596E+05
   2.97276E-02   9.69387E-01   4.53984E-04   4.31621E-04   4.37935E-10   2.17230E+05  -2.54278E+04  -2.41354E+04  -7.10614E+04  -1.37594E+05
   3.07276E-02   9.68329E-01   4.87987E-04   4.55313E-04   4.59338E-10   2.17145E+05  -2.54252E+04  -2.41327E+04  -7.10587E+04  -1.37591E+05
   3.17276E-02   9.67267E-01   5.24610E-04   4.80329E-04   4.81868E-10   2.17052E+05  -2.54222E+04  -2.41297E+04  -7.10557E+04  -1.37588E+05
   3.27276E-02   9.66202E-01   5.64060E-04   5.06744E-04   5.05593E-10   2.16952E+05  -2.54189E+04  -2.41264E+04  -7.10523E+04  -1.37585E+05
   3.37276E-02   9.65131E-01   6.06566E-04   5.34639E-04   5.30585E-10   2.16845E+05  -2.54152E+04  -2.41227E+04  -7.10486E+04  -1.37581E+05
   3.47276E-02   9.64056E-01   6.52372E-04   5.64098E-04   5.56924E-10   2.16731E+05  -2.54111E+04  -2.41186E+04  -7.10446E+04  -1.37577E+05
   3.57276E-02   9.62975E-01   7.01748E-04   5.95209E-04   5.84692E-10   2.16611E+05  -2.54067E+04  -2.41142E+04  -7.10401E+04  -1.37573E+05
   3.67276E-02   9.61889E-01   7.54982E-04   6.28070E-04   6.13982E-10   2.16483E+05  -2.54019E+04  -2.41094E+04  -7.10353E+04  -1.37568E+05
   3.77276E-02   9.60797E-01   8.12389E-04   6.62779E-04   6.44892E-10   2.16349E+05  -2.53967E+04  -2.41041E+04  -7.10301E+04  -1.37563E+05
   3.87276E-02   9.59699E-01   8.74314E-04   6.99443E-04   6.77528E-10   2.16208E+05  -2.53912E+04  -2.40985E+04  -7.10245E+04  -1.37557E+05
   3.97276E-02   9.58593E-01   9.41128E-04   7.38176E-04   7.12007E-10   2.16061E+05  -2.53851E+04  -2.40925E+04  -7.10184E+04  -1.37551E+05
   4.07276E-02   9.57480E-01   1.01324E-03   7.79096E-04   7.48452E-10   2.15907E+05  -2.53787E+04  -2.40860E+04  -7.10119E+04  -1.37545E+05
   4.17276E-02   9.56359E-01   1.09109E-03   8.22332E-04   7.87003E-10   2.15747E+05  -2.53718E+04  -2.40791E+04  -7.10050E+04  -1.37538E+05
   4.27276E-02   9.55229E-01   1.17516E-03   8.68016E-04   8.27808E-10   2.15580E+05  -2.53644E+04  -2.40717E+04  -7.09976E+04  -1.37531E+05
   4.37276E-02   9.54090E-01   1.26598E-03   9.16293E-04   8.71031E-10   2.15406E+05  -2.53566E+04  -2.40638E+04  -7.09897E+04  -1.37523E+05
   4.47276E-02   9.52941E-01   1.36412E-03   9.67313E-04   9.16851E-10   2.15226E+05  -2.53482E+04  -2.40554E+04  -7.09813E+04  -1.37514E+05
   4.57276E-02   9.51781E-01   1.47022E-03   1.02124E-03   9.65466E-10   2.15038E+05  -2.53393E+04  -2.40465E+04  -7.09724E+04  -1.37506E+05
   4.67276E-02   9.50609E-01   1.58496E-03   1.07824E-03   1.01709E-09   2.14843E+05  -2.53299E+04  -2.40370E+04  -7.09629E+04  -1.37496E+05
   4.77276E-02   9.49425E-01   1.70911E-03   1.13850E-03   1.07197E-09   2.14640E+05  -2.53198E+04  -2.40270E+04  -7.09528E+04  -1.37486E+05
   4.87276E-02   9.48227E-01   1.84349E-03   1.20220E-03   1.13037E-09   2.14430E+05  -2.53092E+04  -2.40163E+04  -7.09421E+04  -1.37475E+05
   4.97276E-02   9.47014E-01   1.98901E-03   1.26957E-03   1.19259E-09   2.14212E+05  -2.52979E+04  -2.40049E+04  -7.09307E+04  -1.37464E+05
   5.07276E-02   9.45785E-01   2.14669E-03   1.34081E-03   1.25895E-09   2.13985E+05  -2.52859E+04  -2.39929E+04  -7.09187E+04  -1.37452E+05
   5.17276E-02   9.44539E-01   2.31764E-03   1.41616E-03   1.32983E-09   2.13750E+05  -2.52732E+04  -2.39802E+04  -7.09059E+04  -1.37440E+05
   5.27276E-02   9.43273E-01   2.50307E-03   1.49586E-03   1.40564E-09   2.13505E+05  -2.52597E+04  -2.39667E+04  -7.08924E+04  -1.37426E+05
   5.37276E-02   9.41988E-01   2.70435E-03   1.58020E-03   1.48686E-09   2.13251E+05  -2.52454E+04  -2.39523E+04  -7.08780E+04  -1.37412E+05
   5.47276E-02   9.40680E-01   2.92298E-03   1.66943E-03   1.57401E-09   2.12986E+05  -2.52302E+04  -2.39371E+04  -7.08628E+04  -1.37397E+05
   5.57276E-02   9.39348E-01   3.16065E-03   1.76389E-03   1.66769E-09   2.12711E+05  -2.52141E+04  -2.39209E+04  -7.08466E+04  -1.37380E+05
   5.67276E-02   9.37989E-01   3.41921E-03   1.86388E-03   1.76861E-09   2.12423E+05  -2.51970E+04  -2.39038E+04  -7.08294E+04  -1.37363E+05
   5.77276E-02   9.36602E-01   3.70077E-03   1.96975E-03   1.87754E-09   2.12123E+05  -2.51788E+04  -2.38855E+04  -7.08111E+04  -1.37345E+05
   5.87276E-02   9.35183E-01   4.00766E-03   2.08190E-03   1.99540E-09   2.11810E+05  -2.51594E+04  -2.38661E+04  -7.07917E+04  -1.37326E+05
   5.97276E-02   9.33729E-01   4.34253E-03   2.20071E-03   2.12326E-09   2.11482E+05  -2.51388E+04  -2.38454E+04  -7.07710E+04  -1.37305E+05
   6.07276E-02   9.32237E-01   4.70835E-03   2.32664E-03   2.26235E-09   2.11138E+05  -2.51167E+04  -2.38233E+04  -7.07489E+04  -1.37283E+05
   6.17276E-02   9.30704E-01   5.10850E-03   2.46016E-03   2.41411E-09   2.10777E+05  -2.50932E+04  -2.37997E+04  -7.07253E+04  -1.37260E+05
   6.27276E-02   9.29124E-01   5.54684E-03   2.60178E-03   2.58027E-09   2.10398E+05  -2.50680E+04  -2.37745E+04  -7.07000E+04  -1.37235E+05
   6.37276E-02   9.27493E-01   6.02779E-03   2.75207E-03   2.76287E-09   2.09999E+05  -2.50411E+04  -2.37474E+04  -7.06729E+04  -1.37208E+05
   6.47276E-02   9.25804E-01   6.55642E-03   2.91166E-03   2.96435E-09   2.09577E+05  -2.50121E+04  -2.37184E+04  -7.06439E+04  -1.37179E+05
   6.57276E-02   9.24053E-01   7.13863E-03   3.08123E-03   3.18771E-09   2.09130E+05  -2.49809E+04  -2.36872E+04  -7.06126E+04  -1.37148E+05
   6.67276E-02   9.22230E-01   7.78131E-03   3.26154E-03   3.43656E-09   2.08656E+05  -2.49473E+04  -2.36535E+04  -7.05789E+04  -1.37114E+05
   6.77276E-02   9.20326E-01   8.49255E-03   3.45345E-03   3.71542E-09   2.08151E+05  -2.49110E+04  -2.36170E+04  -7.05424E+04  -1.37078E+05
   6.87276E-02   9.18332E-01   9.28200E-03   3.65793E-03   4.02993E-09   2.07612E+05  -2.48715E+04  -2.35775E+04  -7.05028E+04  -1.37038E+05
   6.97276E-02   9.16235E-01   1.01612E-02   3.87607E-03   4.38725E-09   2.07035E+05  -2.48285E+04  -2.35344E+04  -7.04597E+04  -1.36995E+05
   7.07276E-02   9.14019E-01   1.11443E-02   4.10917E-03   4.79663E-09   2.06412E+05  -2.47815E+04  -2.34873E+04  -7.04125E+04  -1.36948E+05
   7.17276E-02   9.11665E-01   1.22487E-02   4.35872E-03   5.27024E-09   2.05739E+05  -2.47298E+04  -2.34355E+04  -7.03607E+04  -1.36897E+05
   7.27276E-02   9.09150E-01   1.34962E-02   4.62654E-03   5.82442E-09   2.05006E+05  -2.46728E+04  -2.33783E+04  -7.03035E+04  -1.36840E+05
   7.37276E-02   9.06443E-01   1.49148E-02   4.91486E-03   6.48168E-09   2.04202E+05  -2.46093E+04  -2.33147E+04  -7.02398E+04  -1.36776E+05
   7.47276E-02   9.03504E-01   1.65417E-02   5.22649E-03   7.27403E-09   2.03314E+05  -2.45380E+04  -2.32433E+04  -7.01684E+04  -1.36705E+05
   7.57276E-02   9.00280E-01   1.84272E-02   5.56515E-03   8.24869E-09   2.02322E+05  -2.44573E+04  -2.31625E+04  -7.00874E+04  -1.36624E+05
   7.67276E-02   8.96694E-01   2.06426E-02   5.93594E-03   9.47884E-09   2.01199E+05  -2.43646E+04  -2.30696E+04  -6.99945E+04  -1.36532E+05
   7.77276E-02   8.92630E-01   2.32956E-02   6.34635E-03   1.10852E-08   1.99903E+05  -2.42562E+04  -2.29610E+04  -6.98858E+04  -1.36423E+05
   7.87276E-02   8.87903E-01   2.65608E-02   6.80833E-03   1.32857E-08   1.98370E+05  -2.41261E+04  -2.28306E+04  -6.97553E+04  -1.36293E+05
   7.97276E-02   8.82169E-01   3.07594E-02   7.34359E-03   1.65292E-08   1.96478E+05  -2.39633E+04  -2.26675E+04  -6.95921E+04  -1.36131E+05
   8.07276E-02   8.74649E-01   3.66224E-02   8.00124E-03   2.19813E-08   1.93953E+05  -2.37430E+04  -2.24467E+04  -6.93711E+04  -1.35910E+05
   8.17276E-02   8.62405E-01   4.68996E-02   8.96737E-03   3.48905E-08   1.89766E+05  -2.33726E+04  -2.20757E+04  -6.89998E+04  -1.35540E+05

 Phase Region for:
     FCC_A1#2                      
 col-1=X(C), col-2=X(CU), col-3=X(FE), col-4=X(MN), col-5=X(SI), col-6=MU(C), col-7=MU(CU), col-8=MU(FE), col-9=MU(MN), col-10=MU(SI),
   9.72763E-03   9.90013E-01   1.09748E-04   1.49712E-04   1.73023E-10   2.16192E+05  -2.54191E+04  -2.41265E+04  -7.10524E+04  -1.37585E+05
   8.72763E-03   9.91028E-01   1.02338E-04   1.42062E-04   1.65331E-10   2.15846E+05  -2.54159E+04  -2.41232E+04  -7.10491E+04  -1.37582E+05
   7.72763E-03   9.92042E-01   9.54383E-05   1.34809E-04   1.57993E-10   2.15427E+05  -2.54124E+04  -2.41197E+04  -7.10456E+04  -1.37579E+05
   6.72763E-03   9.93055E-01   8.90121E-05   1.27933E-04   1.50991E-10   2.14918E+05  -2.54087E+04  -2.41159E+04  -7.10417E+04  -1.37575E+05
   5.72763E-03   9.94068E-01   8.30265E-05   1.21414E-04   1.44309E-10   2.14287E+05  -2.54048E+04  -2.41118E+04  -7.10376E+04  -1.37571E+05
   4.72763E-03   9.95080E-01   7.74510E-05   1.15233E-04   1.37932E-10   2.13488E+05  -2.54006E+04  -2.41075E+04  -7.10333E+04  -1.37567E+05
   3.72763E-03   9.96091E-01   7.22569E-05   1.09373E-04   1.31844E-10   2.12442E+05  -2.53962E+04  -2.41029E+04  -7.10286E+04  -1.37563E+05
   2.72763E-03   9.97101E-01   6.74181E-05   1.03817E-04   1.26033E-10   2.10993E+05  -2.53915E+04  -2.40981E+04  -7.10236E+04  -1.37558E+05
   1.72763E-03   9.98111E-01   6.29105E-05   9.85511E-05   1.20485E-10   2.08765E+05  -2.53867E+04  -2.40928E+04  -7.10183E+04  -1.37553E+05
   7.27626E-04   9.99120E-01   5.87134E-05   9.35654E-05   1.15186E-10   2.04338E+05  -2.53815E+04  -2.40870E+04  -7.10121E+04  -1.37548E+05
   1.00000E-05   9.99844E-01   5.59115E-05   9.02224E-05   1.11507E-10   1.81401E+05  -2.53777E+04  -2.40795E+04  -7.10030E+04  -1.37546E+05
