
 Phase Region for:
     BCC_A2                        
 col-1=X(C), col-2=X(CU), col-3=X(FE), col-4=X(MN), col-5=X(SI), col-6=MU(C), col-7=MU(CU), col-8=MU(FE), col-9=MU(MN), col-10=MU(SI),
   2.88620E-02   4.11252E-03   9.11004E-01   1.53470E-03   5.44867E-02   5.81653E+04  -1.12605E+04  -2.29655E+04  -5.29844E+04  -1.32027E+05
   9.99900E-03   4.19240E-03   9.28699E-01   1.56451E-03   5.55450E-02   5.21605E+04  -1.10693E+04  -2.27157E+04  -5.15393E+04  -1.34307E+05

 Phase Region for:
     BCC_A2                        
 col-1=X(C), col-2=X(CU), col-3=X(FE), col-4=X(MN), col-5=X(SI), col-6=MU(C), col-7=MU(CU), col-8=MU(FE), col-9=MU(MN), col-10=MU(SI),
   2.88620E-02   4.11252E-03   9.11004E-01   1.53470E-03   5.44867E-02   5.81653E+04  -1.12605E+04  -2.29655E+04  -5.29844E+04  -1.32027E+05
   2.87620E-02   4.11295E-03   9.11098E-01   1.53486E-03   5.44923E-02   5.81450E+04  -1.12594E+04  -2.29641E+04  -5.29765E+04  -1.32039E+05
   2.86620E-02   4.11337E-03   9.11192E-01   1.53502E-03   5.44979E-02   5.81247E+04  -1.12583E+04  -2.29628E+04  -5.29687E+04  -1.32051E+05
   2.85620E-02   4.11379E-03   9.11286E-01   1.53517E-03   5.45035E-02   5.81043E+04  -1.12572E+04  -2.29614E+04  -5.29609E+04  -1.32064E+05
   2.84620E-02   4.11422E-03   9.11379E-01   1.53533E-03   5.45091E-02   5.80838E+04  -1.12562E+04  -2.29600E+04  -5.29531E+04  -1.32076E+05
   2.83620E-02   4.11464E-03   9.11473E-01   1.53549E-03   5.45147E-02   5.80632E+04  -1.12551E+04  -2.29587E+04  -5.29452E+04  -1.32088E+05
   2.82620E-02   4.11506E-03   9.11567E-01   1.53565E-03   5.45203E-02   5.80426E+04  -1.12540E+04  -2.29573E+04  -5.29374E+04  -1.32101E+05
   2.81620E-02   4.11549E-03   9.11661E-01   1.53581E-03   5.45259E-02   5.80220E+04  -1.12529E+04  -2.29560E+04  -5.29296E+04  -1.32113E+05
   2.80620E-02   4.11591E-03   9.11755E-01   1.53596E-03   5.45315E-02   5.80012E+04  -1.12519E+04  -2.29546E+04  -5.29218E+04  -1.32125E+05
   2.79620E-02   4.11633E-03   9.11848E-01   1.53612E-03   5.45372E-02   5.79804E+04  -1.12508E+04  -2.29533E+04  -5.29140E+04  -1.32138E+05
   2.78620E-02   4.11676E-03   9.11942E-01   1.53628E-03   5.45428E-02   5.79595E+04  -1.12497E+04  -2.29519E+04  -5.29062E+04  -1.32150E+05
   2.77620E-02   4.11718E-03   9.12036E-01   1.53644E-03   5.45484E-02   5.79386E+04  -1.12486E+04  -2.29505E+04  -5.28984E+04  -1.32162E+05
   2.76620E-02   4.11760E-03   9.12130E-01   1.53660E-03   5.45540E-02   5.79176E+04  -1.12476E+04  -2.29492E+04  -5.28906E+04  -1.32174E+05
   2.75620E-02   4.11803E-03   9.12224E-01   1.53675E-03   5.45596E-02   5.78965E+04  -1.12465E+04  -2.29478E+04  -5.28828E+04  -1.32187E+05
   2.74620E-02   4.11845E-03   9.12317E-01   1.53691E-03   5.45652E-02   5.78753E+04  -1.12454E+04  -2.29465E+04  -5.28750E+04  -1.32199E+05
   2.73620E-02   4.11887E-03   9.12411E-01   1.53707E-03   5.45708E-02   5.78541E+04  -1.12444E+04  -2.29451E+04  -5.28671E+04  -1.32211E+05
   2.72620E-02   4.11930E-03   9.12505E-01   1.53723E-03   5.45764E-02   5.78328E+04  -1.12433E+04  -2.29438E+04  -5.28593E+04  -1.32223E+05
   2.71620E-02   4.11972E-03   9.12599E-01   1.53739E-03   5.45820E-02   5.78114E+04  -1.12422E+04  -2.29424E+04  -5.28516E+04  -1.32236E+05
   2.70620E-02   4.12014E-03   9.12693E-01   1.53754E-03   5.45877E-02   5.77900E+04  -1.12412E+04  -2.29411E+04  -5.28438E+04  -1.32248E+05
   2.69620E-02   4.12057E-03   9.12786E-01   1.53770E-03   5.45933E-02   5.77684E+04  -1.12401E+04  -2.29397E+04  -5.28360E+04  -1.32260E+05
   2.68620E-02   4.12099E-03   9.12880E-01   1.53786E-03   5.45989E-02   5.77469E+04  -1.12390E+04  -2.29384E+04  -5.28282E+04  -1.32273E+05
   2.67620E-02   4.12141E-03   9.12974E-01   1.53802E-03   5.46045E-02   5.77252E+04  -1.12380E+04  -2.29370E+04  -5.28204E+04  -1.32285E+05
   2.66620E-02   4.12184E-03   9.13068E-01   1.53818E-03   5.46101E-02   5.77034E+04  -1.12369E+04  -2.29357E+04  -5.28126E+04  -1.32297E+05
   2.65620E-02   4.12226E-03   9.13162E-01   1.53833E-03   5.46157E-02   5.76816E+04  -1.12358E+04  -2.29343E+04  -5.28048E+04  -1.32309E+05
   2.64620E-02   4.12268E-03   9.13255E-01   1.53849E-03   5.46213E-02   5.76597E+04  -1.12348E+04  -2.29330E+04  -5.27970E+04  -1.32322E+05
   2.63620E-02   4.12311E-03   9.13349E-01   1.53865E-03   5.46269E-02   5.76378E+04  -1.12337E+04  -2.29316E+04  -5.27892E+04  -1.32334E+05
   2.62620E-02   4.12353E-03   9.13443E-01   1.53881E-03   5.46325E-02   5.76157E+04  -1.12326E+04  -2.29303E+04  -5.27815E+04  -1.32346E+05
   2.61620E-02   4.12396E-03   9.13537E-01   1.53897E-03   5.46382E-02   5.75936E+04  -1.12316E+04  -2.29289E+04  -5.27737E+04  -1.32358E+05
   2.60620E-02   4.12438E-03   9.13631E-01   1.53912E-03   5.46438E-02   5.75714E+04  -1.12305E+04  -2.29276E+04  -5.27659E+04  -1.32371E+05
   2.59620E-02   4.12480E-03   9.13725E-01   1.53928E-03   5.46494E-02   5.75491E+04  -1.12295E+04  -2.29262E+04  -5.27581E+04  -1.32383E+05
   2.58620E-02   4.12523E-03   9.13818E-01   1.53944E-03   5.46550E-02   5.75267E+04  -1.12284E+04  -2.29249E+04  -5.27503E+04  -1.32395E+05
   2.57620E-02   4.12565E-03   9.13912E-01   1.53960E-03   5.46606E-02   5.75043E+04  -1.12274E+04  -2.29235E+04  -5.27426E+04  -1.32407E+05
   2.56620E-02   4.12607E-03   9.14006E-01   1.53976E-03   5.46662E-02   5.74818E+04  -1.12263E+04  -2.29222E+04  -5.27348E+04  -1.32419E+05
   2.55620E-02   4.12650E-03   9.14100E-01   1.53991E-03   5.46718E-02   5.74592E+04  -1.12252E+04  -2.29208E+04  -5.27270E+04  -1.32432E+05
   2.54620E-02   4.12692E-03   9.14194E-01   1.54007E-03   5.46774E-02   5.74365E+04  -1.12242E+04  -2.29195E+04  -5.27193E+04  -1.32444E+05
   2.53620E-02   4.12734E-03   9.14287E-01   1.54023E-03   5.46830E-02   5.74137E+04  -1.12231E+04  -2.29181E+04  -5.27115E+04  -1.32456E+05
   2.52620E-02   4.12777E-03   9.14381E-01   1.54039E-03   5.46886E-02   5.73908E+04  -1.12221E+04  -2.29168E+04  -5.27037E+04  -1.32468E+05
   2.51620E-02   4.12819E-03   9.14475E-01   1.54055E-03   5.46943E-02   5.73679E+04  -1.12210E+04  -2.29154E+04  -5.26960E+04  -1.32481E+05
   2.50620E-02   4.12861E-03   9.14569E-01   1.54070E-03   5.46999E-02   5.73449E+04  -1.12200E+04  -2.29141E+04  -5.26882E+04  -1.32493E+05
   2.49620E-02   4.12904E-03   9.14663E-01   1.54086E-03   5.47055E-02   5.73218E+04  -1.12189E+04  -2.29127E+04  -5.26805E+04  -1.32505E+05
   2.48620E-02   4.12946E-03   9.14756E-01   1.54102E-03   5.47111E-02   5.72986E+04  -1.12179E+04  -2.29114E+04  -5.26727E+04  -1.32517E+05
   2.47620E-02   4.12988E-03   9.14850E-01   1.54118E-03   5.47167E-02   5.72753E+04  -1.12168E+04  -2.29101E+04  -5.26649E+04  -1.32529E+05
   2.46620E-02   4.13031E-03   9.14944E-01   1.54134E-03   5.47223E-02   5.72519E+04  -1.12158E+04  -2.29087E+04  -5.26572E+04  -1.32542E+05
   2.45620E-02   4.13073E-03   9.15038E-01   1.54149E-03   5.47279E-02   5.72285E+04  -1.12147E+04  -2.29074E+04  -5.26494E+04  -1.32554E+05
   2.44620E-02   4.13115E-03   9.15132E-01   1.54165E-03   5.47335E-02   5.72049E+04  -1.12137E+04  -2.29060E+04  -5.26417E+04  -1.32566E+05
   2.43620E-02   4.13158E-03   9.15225E-01   1.54181E-03   5.47391E-02   5.71813E+04  -1.12126E+04  -2.29047E+04  -5.26339E+04  -1.32578E+05
   2.42620E-02   4.13200E-03   9.15319E-01   1.54197E-03   5.47448E-02   5.71575E+04  -1.12116E+04  -2.29033E+04  -5.26262E+04  -1.32590E+05
   2.41620E-02   4.13242E-03   9.15413E-01   1.54213E-03   5.47504E-02   5.71337E+04  -1.12105E+04  -2.29020E+04  -5.26184E+04  -1.32603E+05
   2.40620E-02   4.13285E-03   9.15507E-01   1.54228E-03   5.47560E-02   5.71098E+04  -1.12095E+04  -2.29007E+04  -5.26107E+04  -1.32615E+05
   2.39620E-02   4.13327E-03   9.15601E-01   1.54244E-03   5.47616E-02   5.70858E+04  -1.12084E+04  -2.28993E+04  -5.26030E+04  -1.32627E+05
   2.38620E-02   4.13370E-03   9.15694E-01   1.54260E-03   5.47672E-02   5.70617E+04  -1.12074E+04  -2.28980E+04  -5.25952E+04  -1.32639E+05
   2.37620E-02   4.13412E-03   9.15788E-01   1.54276E-03   5.47728E-02   5.70375E+04  -1.12064E+04  -2.28966E+04  -5.25875E+04  -1.32651E+05
   2.36620E-02   4.13454E-03   9.15882E-01   1.54292E-03   5.47784E-02   5.70132E+04  -1.12053E+04  -2.28953E+04  -5.25798E+04  -1.32664E+05
   2.35620E-02   4.13497E-03   9.15976E-01   1.54307E-03   5.47840E-02   5.69888E+04  -1.12043E+04  -2.28940E+04  -5.25720E+04  -1.32676E+05
   2.34620E-02   4.13539E-03   9.16070E-01   1.54323E-03   5.47896E-02   5.69644E+04  -1.12032E+04  -2.28926E+04  -5.25643E+04  -1.32688E+05
   2.33620E-02   4.13581E-03   9.16164E-01   1.54339E-03   5.47952E-02   5.69398E+04  -1.12022E+04  -2.28913E+04  -5.25566E+04  -1.32700E+05
   2.32620E-02   4.13624E-03   9.16257E-01   1.54355E-03   5.48009E-02   5.69151E+04  -1.12011E+04  -2.28899E+04  -5.25488E+04  -1.32712E+05
   2.31620E-02   4.13666E-03   9.16351E-01   1.54371E-03   5.48065E-02   5.68903E+04  -1.12001E+04  -2.28886E+04  -5.25411E+04  -1.32725E+05
   2.30620E-02   4.13708E-03   9.16445E-01   1.54387E-03   5.48121E-02   5.68655E+04  -1.11991E+04  -2.28873E+04  -5.25334E+04  -1.32737E+05
   2.29620E-02   4.13751E-03   9.16539E-01   1.54402E-03   5.48177E-02   5.68405E+04  -1.11980E+04  -2.28859E+04  -5.25257E+04  -1.32749E+05
   2.28620E-02   4.13793E-03   9.16633E-01   1.54418E-03   5.48233E-02   5.68154E+04  -1.11970E+04  -2.28846E+04  -5.25179E+04  -1.32761E+05
   2.27620E-02   4.13835E-03   9.16726E-01   1.54434E-03   5.48289E-02   5.67902E+04  -1.11960E+04  -2.28832E+04  -5.25102E+04  -1.32773E+05
   2.26620E-02   4.13878E-03   9.16820E-01   1.54450E-03   5.48345E-02   5.67649E+04  -1.11949E+04  -2.28819E+04  -5.25025E+04  -1.32785E+05
   2.25620E-02   4.13920E-03   9.16914E-01   1.54466E-03   5.48401E-02   5.67395E+04  -1.11939E+04  -2.28806E+04  -5.24948E+04  -1.32798E+05
   2.24620E-02   4.13962E-03   9.17008E-01   1.54481E-03   5.48457E-02   5.67140E+04  -1.11929E+04  -2.28792E+04  -5.24871E+04  -1.32810E+05
   2.23620E-02   4.14005E-03   9.17102E-01   1.54497E-03   5.48514E-02   5.66884E+04  -1.11918E+04  -2.28779E+04  -5.24794E+04  -1.32822E+05
   2.22620E-02   4.14047E-03   9.17195E-01   1.54513E-03   5.48570E-02   5.66627E+04  -1.11908E+04  -2.28766E+04  -5.24716E+04  -1.32834E+05
   2.21620E-02   4.14089E-03   9.17289E-01   1.54529E-03   5.48626E-02   5.66369E+04  -1.11898E+04  -2.28752E+04  -5.24639E+04  -1.32846E+05
   2.20620E-02   4.14132E-03   9.17383E-01   1.54545E-03   5.48682E-02   5.66110E+04  -1.11887E+04  -2.28739E+04  -5.24562E+04  -1.32858E+05
   2.19620E-02   4.14174E-03   9.17477E-01   1.54560E-03   5.48738E-02   5.65850E+04  -1.11877E+04  -2.28726E+04  -5.24485E+04  -1.32870E+05
   2.18620E-02   4.14216E-03   9.17571E-01   1.54576E-03   5.48794E-02   5.65588E+04  -1.11867E+04  -2.28712E+04  -5.24408E+04  -1.32883E+05
   2.17620E-02   4.14259E-03   9.17664E-01   1.54592E-03   5.48850E-02   5.65325E+04  -1.11856E+04  -2.28699E+04  -5.24331E+04  -1.32895E+05
   2.16620E-02   4.14301E-03   9.17758E-01   1.54608E-03   5.48906E-02   5.65062E+04  -1.11846E+04  -2.28686E+04  -5.24254E+04  -1.32907E+05
   2.15620E-02   4.14344E-03   9.17852E-01   1.54624E-03   5.48962E-02   5.64797E+04  -1.11836E+04  -2.28672E+04  -5.24177E+04  -1.32919E+05
   2.14620E-02   4.14386E-03   9.17946E-01   1.54639E-03   5.49018E-02   5.64531E+04  -1.11825E+04  -2.28659E+04  -5.24100E+04  -1.32931E+05
   2.13620E-02   4.14428E-03   9.18040E-01   1.54655E-03   5.49075E-02   5.64263E+04  -1.11815E+04  -2.28646E+04  -5.24023E+04  -1.32943E+05
   2.12620E-02   4.14471E-03   9.18134E-01   1.54671E-03   5.49131E-02   5.63995E+04  -1.11805E+04  -2.28632E+04  -5.23946E+04  -1.32955E+05
   2.11620E-02   4.14513E-03   9.18227E-01   1.54687E-03   5.49187E-02   5.63725E+04  -1.11795E+04  -2.28619E+04  -5.23869E+04  -1.32968E+05
   2.10620E-02   4.14555E-03   9.18321E-01   1.54703E-03   5.49243E-02   5.63455E+04  -1.11784E+04  -2.28606E+04  -5.23793E+04  -1.32980E+05
   2.09620E-02   4.14598E-03   9.18415E-01   1.54718E-03   5.49299E-02   5.63183E+04  -1.11774E+04  -2.28593E+04  -5.23716E+04  -1.32992E+05
   2.08620E-02   4.14640E-03   9.18509E-01   1.54734E-03   5.49355E-02   5.62909E+04  -1.11764E+04  -2.28579E+04  -5.23639E+04  -1.33004E+05
   2.07620E-02   4.14682E-03   9.18603E-01   1.54750E-03   5.49411E-02   5.62635E+04  -1.11754E+04  -2.28566E+04  -5.23562E+04  -1.33016E+05
   2.06620E-02   4.14725E-03   9.18696E-01   1.54766E-03   5.49467E-02   5.62359E+04  -1.11744E+04  -2.28553E+04  -5.23485E+04  -1.33028E+05
   2.05620E-02   4.14767E-03   9.18790E-01   1.54782E-03   5.49523E-02   5.62082E+04  -1.11733E+04  -2.28539E+04  -5.23408E+04  -1.33040E+05
   2.04620E-02   4.14809E-03   9.18884E-01   1.54797E-03   5.49580E-02   5.61804E+04  -1.11723E+04  -2.28526E+04  -5.23332E+04  -1.33052E+05
   2.03620E-02   4.14852E-03   9.18978E-01   1.54813E-03   5.49636E-02   5.61525E+04  -1.11713E+04  -2.28513E+04  -5.23255E+04  -1.33065E+05
   2.02620E-02   4.14894E-03   9.19072E-01   1.54829E-03   5.49692E-02   5.61244E+04  -1.11703E+04  -2.28500E+04  -5.23178E+04  -1.33077E+05
   2.01620E-02   4.14936E-03   9.19165E-01   1.54845E-03   5.49748E-02   5.60962E+04  -1.11693E+04  -2.28486E+04  -5.23101E+04  -1.33089E+05
   2.00620E-02   4.14979E-03   9.19259E-01   1.54861E-03   5.49804E-02   5.60678E+04  -1.11682E+04  -2.28473E+04  -5.23025E+04  -1.33101E+05
   1.99620E-02   4.15021E-03   9.19353E-01   1.54876E-03   5.49860E-02   5.60393E+04  -1.11672E+04  -2.28460E+04  -5.22948E+04  -1.33113E+05
   1.98620E-02   4.15063E-03   9.19447E-01   1.54892E-03   5.49916E-02   5.60107E+04  -1.11662E+04  -2.28446E+04  -5.22871E+04  -1.33125E+05
   1.97620E-02   4.15106E-03   9.19541E-01   1.54908E-03   5.49972E-02   5.59820E+04  -1.11652E+04  -2.28433E+04  -5.22794E+04  -1.33137E+05
   1.96620E-02   4.15148E-03   9.19634E-01   1.54924E-03   5.50028E-02   5.59531E+04  -1.11642E+04  -2.28420E+04  -5.22718E+04  -1.33149E+05
   1.95620E-02   4.15190E-03   9.19728E-01   1.54940E-03   5.50085E-02   5.59240E+04  -1.11632E+04  -2.28407E+04  -5.22641E+04  -1.33161E+05
   1.94620E-02   4.15233E-03   9.19822E-01   1.54955E-03   5.50141E-02   5.58949E+04  -1.11621E+04  -2.28393E+04  -5.22565E+04  -1.33173E+05
   1.93620E-02   4.15275E-03   9.19916E-01   1.54971E-03   5.50197E-02   5.58656E+04  -1.11611E+04  -2.28380E+04  -5.22488E+04  -1.33186E+05
   1.92620E-02   4.15318E-03   9.20010E-01   1.54987E-03   5.50253E-02   5.58361E+04  -1.11601E+04  -2.28367E+04  -5.22411E+04  -1.33198E+05
   1.91620E-02   4.15360E-03   9.20103E-01   1.55003E-03   5.50309E-02   5.58065E+04  -1.11591E+04  -2.28354E+04  -5.22335E+04  -1.33210E+05
   1.90620E-02   4.15402E-03   9.20197E-01   1.55019E-03   5.50365E-02   5.57768E+04  -1.11581E+04  -2.28341E+04  -5.22258E+04  -1.33222E+05
   1.89620E-02   4.15445E-03   9.20291E-01   1.55034E-03   5.50421E-02   5.57469E+04  -1.11571E+04  -2.28327E+04  -5.22182E+04  -1.33234E+05
   1.88620E-02   4.15487E-03   9.20385E-01   1.55050E-03   5.50477E-02   5.57168E+04  -1.11561E+04  -2.28314E+04  -5.22105E+04  -1.33246E+05
   1.87620E-02   4.15529E-03   9.20479E-01   1.55066E-03   5.50533E-02   5.56866E+04  -1.11551E+04  -2.28301E+04  -5.22029E+04  -1.33258E+05
   1.86620E-02   4.15572E-03   9.20573E-01   1.55082E-03   5.50589E-02   5.56563E+04  -1.11541E+04  -2.28288E+04  -5.21952E+04  -1.33270E+05
   1.85620E-02   4.15614E-03   9.20666E-01   1.55098E-03   5.50646E-02   5.56258E+04  -1.11531E+04  -2.28274E+04  -5.21876E+04  -1.33282E+05
   1.84620E-02   4.15656E-03   9.20760E-01   1.55113E-03   5.50702E-02   5.55951E+04  -1.11520E+04  -2.28261E+04  -5.21799E+04  -1.33294E+05
   1.83620E-02   4.15699E-03   9.20854E-01   1.55129E-03   5.50758E-02   5.55643E+04  -1.11510E+04  -2.28248E+04  -5.21723E+04  -1.33306E+05
   1.82620E-02   4.15741E-03   9.20948E-01   1.55145E-03   5.50814E-02   5.55333E+04  -1.11500E+04  -2.28235E+04  -5.21647E+04  -1.33318E+05
   1.81620E-02   4.15783E-03   9.21042E-01   1.55161E-03   5.50870E-02   5.55022E+04  -1.11490E+04  -2.28222E+04  -5.21570E+04  -1.33330E+05
   1.80620E-02   4.15826E-03   9.21135E-01   1.55177E-03   5.50926E-02   5.54709E+04  -1.11480E+04  -2.28208E+04  -5.21494E+04  -1.33342E+05
   1.79620E-02   4.15868E-03   9.21229E-01   1.55192E-03   5.50982E-02   5.54394E+04  -1.11470E+04  -2.28195E+04  -5.21418E+04  -1.33355E+05
   1.78620E-02   4.15910E-03   9.21323E-01   1.55208E-03   5.51038E-02   5.54078E+04  -1.11460E+04  -2.28182E+04  -5.21341E+04  -1.33367E+05
   1.77620E-02   4.15953E-03   9.21417E-01   1.55224E-03   5.51094E-02   5.53760E+04  -1.11450E+04  -2.28169E+04  -5.21265E+04  -1.33379E+05
   1.76620E-02   4.15995E-03   9.21511E-01   1.55240E-03   5.51151E-02   5.53440E+04  -1.11440E+04  -2.28156E+04  -5.21189E+04  -1.33391E+05
   1.75620E-02   4.16037E-03   9.21604E-01   1.55256E-03   5.51207E-02   5.53119E+04  -1.11430E+04  -2.28143E+04  -5.21112E+04  -1.33403E+05
   1.74620E-02   4.16080E-03   9.21698E-01   1.55271E-03   5.51263E-02   5.52796E+04  -1.11420E+04  -2.28129E+04  -5.21036E+04  -1.33415E+05
   1.73620E-02   4.16122E-03   9.21792E-01   1.55287E-03   5.51319E-02   5.52471E+04  -1.11410E+04  -2.28116E+04  -5.20960E+04  -1.33427E+05
   1.72620E-02   4.16164E-03   9.21886E-01   1.55303E-03   5.51375E-02   5.52144E+04  -1.11400E+04  -2.28103E+04  -5.20884E+04  -1.33439E+05
   1.71620E-02   4.16207E-03   9.21980E-01   1.55319E-03   5.51431E-02   5.51816E+04  -1.11390E+04  -2.28090E+04  -5.20807E+04  -1.33451E+05
   1.70620E-02   4.16249E-03   9.22073E-01   1.55335E-03   5.51487E-02   5.51485E+04  -1.11380E+04  -2.28077E+04  -5.20731E+04  -1.33463E+05
   1.69620E-02   4.16292E-03   9.22167E-01   1.55350E-03   5.51543E-02   5.51153E+04  -1.11370E+04  -2.28064E+04  -5.20655E+04  -1.33475E+05
   1.68620E-02   4.16334E-03   9.22261E-01   1.55366E-03   5.51599E-02   5.50819E+04  -1.11360E+04  -2.28050E+04  -5.20579E+04  -1.33487E+05
   1.67620E-02   4.16376E-03   9.22355E-01   1.55382E-03   5.51655E-02   5.50483E+04  -1.11350E+04  -2.28037E+04  -5.20503E+04  -1.33499E+05
   1.66620E-02   4.16419E-03   9.22449E-01   1.55398E-03   5.51712E-02   5.50145E+04  -1.11340E+04  -2.28024E+04  -5.20427E+04  -1.33511E+05
   1.65620E-02   4.16461E-03   9.22542E-01   1.55414E-03   5.51768E-02   5.49805E+04  -1.11330E+04  -2.28011E+04  -5.20350E+04  -1.33523E+05
   1.64620E-02   4.16503E-03   9.22636E-01   1.55430E-03   5.51824E-02   5.49464E+04  -1.11321E+04  -2.27998E+04  -5.20274E+04  -1.33535E+05
   1.63620E-02   4.16546E-03   9.22730E-01   1.55445E-03   5.51880E-02   5.49120E+04  -1.11311E+04  -2.27985E+04  -5.20198E+04  -1.33547E+05
   1.62620E-02   4.16588E-03   9.22824E-01   1.55461E-03   5.51936E-02   5.48774E+04  -1.11301E+04  -2.27972E+04  -5.20122E+04  -1.33559E+05
   1.61620E-02   4.16630E-03   9.22918E-01   1.55477E-03   5.51992E-02   5.48426E+04  -1.11291E+04  -2.27958E+04  -5.20046E+04  -1.33571E+05
   1.60620E-02   4.16673E-03   9.23012E-01   1.55493E-03   5.52048E-02   5.48076E+04  -1.11281E+04  -2.27945E+04  -5.19970E+04  -1.33583E+05
   1.59620E-02   4.16715E-03   9.23105E-01   1.55509E-03   5.52104E-02   5.47724E+04  -1.11271E+04  -2.27932E+04  -5.19894E+04  -1.33595E+05
   1.58620E-02   4.16757E-03   9.23199E-01   1.55524E-03   5.52160E-02   5.47370E+04  -1.11261E+04  -2.27919E+04  -5.19818E+04  -1.33607E+05
   1.57620E-02   4.16800E-03   9.23293E-01   1.55540E-03   5.52217E-02   5.47014E+04  -1.11251E+04  -2.27906E+04  -5.19742E+04  -1.33619E+05
   1.56620E-02   4.16842E-03   9.23387E-01   1.55556E-03   5.52273E-02   5.46656E+04  -1.11241E+04  -2.27893E+04  -5.19666E+04  -1.33631E+05
   1.55620E-02   4.16884E-03   9.23481E-01   1.55572E-03   5.52329E-02   5.46295E+04  -1.11231E+04  -2.27880E+04  -5.19590E+04  -1.33643E+05
   1.54620E-02   4.16927E-03   9.23574E-01   1.55588E-03   5.52385E-02   5.45932E+04  -1.11222E+04  -2.27867E+04  -5.19514E+04  -1.33655E+05
   1.53620E-02   4.16969E-03   9.23668E-01   1.55603E-03   5.52441E-02   5.45567E+04  -1.11212E+04  -2.27854E+04  -5.19438E+04  -1.33667E+05
   1.52620E-02   4.17011E-03   9.23762E-01   1.55619E-03   5.52497E-02   5.45200E+04  -1.11202E+04  -2.27840E+04  -5.19363E+04  -1.33679E+05
   1.51620E-02   4.17054E-03   9.23856E-01   1.55635E-03   5.52553E-02   5.44830E+04  -1.11192E+04  -2.27827E+04  -5.19287E+04  -1.33691E+05
   1.50620E-02   4.17096E-03   9.23950E-01   1.55651E-03   5.52609E-02   5.44458E+04  -1.11182E+04  -2.27814E+04  -5.19211E+04  -1.33703E+05
   1.49620E-02   4.17138E-03   9.24043E-01   1.55667E-03   5.52665E-02   5.44084E+04  -1.11172E+04  -2.27801E+04  -5.19135E+04  -1.33715E+05
   1.48620E-02   4.17181E-03   9.24137E-01   1.55682E-03   5.52721E-02   5.43707E+04  -1.11163E+04  -2.27788E+04  -5.19059E+04  -1.33727E+05
   1.47620E-02   4.17223E-03   9.24231E-01   1.55698E-03   5.52778E-02   5.43328E+04  -1.11153E+04  -2.27775E+04  -5.18983E+04  -1.33739E+05
   1.46620E-02   4.17265E-03   9.24325E-01   1.55714E-03   5.52834E-02   5.42946E+04  -1.11143E+04  -2.27762E+04  -5.18908E+04  -1.33751E+05
   1.45620E-02   4.17308E-03   9.24419E-01   1.55730E-03   5.52890E-02   5.42562E+04  -1.11133E+04  -2.27749E+04  -5.18832E+04  -1.33763E+05
   1.44620E-02   4.17350E-03   9.24512E-01   1.55746E-03   5.52946E-02   5.42175E+04  -1.11123E+04  -2.27736E+04  -5.18756E+04  -1.33775E+05
   1.43620E-02   4.17393E-03   9.24606E-01   1.55761E-03   5.53002E-02   5.41786E+04  -1.11113E+04  -2.27723E+04  -5.18680E+04  -1.33787E+05
   1.42620E-02   4.17435E-03   9.24700E-01   1.55777E-03   5.53058E-02   5.41394E+04  -1.11104E+04  -2.27710E+04  -5.18605E+04  -1.33799E+05
   1.41620E-02   4.17477E-03   9.24794E-01   1.55793E-03   5.53114E-02   5.41000E+04  -1.11094E+04  -2.27697E+04  -5.18529E+04  -1.33811E+05
   1.40620E-02   4.17520E-03   9.24888E-01   1.55809E-03   5.53170E-02   5.40602E+04  -1.11084E+04  -2.27684E+04  -5.18453E+04  -1.33823E+05
   1.39620E-02   4.17562E-03   9.24981E-01   1.55825E-03   5.53226E-02   5.40202E+04  -1.11074E+04  -2.27671E+04  -5.18378E+04  -1.33835E+05
   1.38620E-02   4.17604E-03   9.25075E-01   1.55840E-03   5.53283E-02   5.39800E+04  -1.11065E+04  -2.27658E+04  -5.18302E+04  -1.33847E+05
   1.37620E-02   4.17647E-03   9.25169E-01   1.55856E-03   5.53339E-02   5.39394E+04  -1.11055E+04  -2.27645E+04  -5.18226E+04  -1.33859E+05
   1.36620E-02   4.17689E-03   9.25263E-01   1.55872E-03   5.53395E-02   5.38986E+04  -1.11045E+04  -2.27632E+04  -5.18151E+04  -1.33871E+05
   1.35620E-02   4.17731E-03   9.25357E-01   1.55888E-03   5.53451E-02   5.38575E+04  -1.11035E+04  -2.27618E+04  -5.18075E+04  -1.33883E+05
   1.34620E-02   4.17774E-03   9.25451E-01   1.55904E-03   5.53507E-02   5.38160E+04  -1.11026E+04  -2.27605E+04  -5.18000E+04  -1.33895E+05
   1.33620E-02   4.17816E-03   9.25544E-01   1.55919E-03   5.53563E-02   5.37743E+04  -1.11016E+04  -2.27592E+04  -5.17924E+04  -1.33907E+05
   1.32620E-02   4.17858E-03   9.25638E-01   1.55935E-03   5.53619E-02   5.37323E+04  -1.11006E+04  -2.27579E+04  -5.17849E+04  -1.33919E+05
   1.31620E-02   4.17901E-03   9.25732E-01   1.55951E-03   5.53675E-02   5.36900E+04  -1.10997E+04  -2.27566E+04  -5.17773E+04  -1.33931E+05
   1.30620E-02   4.17943E-03   9.25826E-01   1.55967E-03   5.53731E-02   5.36474E+04  -1.10987E+04  -2.27553E+04  -5.17698E+04  -1.33943E+05
   1.29620E-02   4.17985E-03   9.25920E-01   1.55983E-03   5.53788E-02   5.36044E+04  -1.10977E+04  -2.27540E+04  -5.17622E+04  -1.33955E+05
   1.28620E-02   4.18028E-03   9.26013E-01   1.55998E-03   5.53844E-02   5.35611E+04  -1.10967E+04  -2.27527E+04  -5.17547E+04  -1.33966E+05
   1.27620E-02   4.18070E-03   9.26107E-01   1.56014E-03   5.53900E-02   5.35176E+04  -1.10958E+04  -2.27514E+04  -5.17471E+04  -1.33978E+05
   1.26620E-02   4.18112E-03   9.26201E-01   1.56030E-03   5.53956E-02   5.34736E+04  -1.10948E+04  -2.27501E+04  -5.17396E+04  -1.33990E+05
   1.25620E-02   4.18155E-03   9.26295E-01   1.56046E-03   5.54012E-02   5.34294E+04  -1.10938E+04  -2.27488E+04  -5.17320E+04  -1.34002E+05
   1.24620E-02   4.18197E-03   9.26389E-01   1.56062E-03   5.54068E-02   5.33848E+04  -1.10929E+04  -2.27475E+04  -5.17245E+04  -1.34014E+05
   1.23620E-02   4.18239E-03   9.26482E-01   1.56077E-03   5.54124E-02   5.33398E+04  -1.10919E+04  -2.27462E+04  -5.17169E+04  -1.34026E+05
   1.22620E-02   4.18282E-03   9.26576E-01   1.56093E-03   5.54180E-02   5.32945E+04  -1.10909E+04  -2.27449E+04  -5.17094E+04  -1.34038E+05
   1.21620E-02   4.18324E-03   9.26670E-01   1.56109E-03   5.54236E-02   5.32489E+04  -1.10900E+04  -2.27436E+04  -5.17019E+04  -1.34050E+05
   1.20620E-02   4.18367E-03   9.26764E-01   1.56125E-03   5.54292E-02   5.32028E+04  -1.10890E+04  -2.27423E+04  -5.16943E+04  -1.34062E+05
   1.19620E-02   4.18409E-03   9.26858E-01   1.56141E-03   5.54349E-02   5.31564E+04  -1.10880E+04  -2.27410E+04  -5.16868E+04  -1.34074E+05
   1.18620E-02   4.18451E-03   9.26951E-01   1.56156E-03   5.54405E-02   5.31097E+04  -1.10871E+04  -2.27398E+04  -5.16793E+04  -1.34086E+05
   1.17620E-02   4.18494E-03   9.27045E-01   1.56172E-03   5.54461E-02   5.30625E+04  -1.10861E+04  -2.27385E+04  -5.16718E+04  -1.34098E+05
   1.16620E-02   4.18536E-03   9.27139E-01   1.56188E-03   5.54517E-02   5.30150E+04  -1.10852E+04  -2.27372E+04  -5.16642E+04  -1.34110E+05
   1.15620E-02   4.18578E-03   9.27233E-01   1.56204E-03   5.54573E-02   5.29670E+04  -1.10842E+04  -2.27359E+04  -5.16567E+04  -1.34122E+05
   1.14620E-02   4.18621E-03   9.27327E-01   1.56220E-03   5.54629E-02   5.29187E+04  -1.10832E+04  -2.27346E+04  -5.16492E+04  -1.34133E+05
   1.13620E-02   4.18663E-03   9.27420E-01   1.56235E-03   5.54685E-02   5.28699E+04  -1.10823E+04  -2.27333E+04  -5.16417E+04  -1.34145E+05
   1.12620E-02   4.18705E-03   9.27514E-01   1.56251E-03   5.54741E-02   5.28208E+04  -1.10813E+04  -2.27320E+04  -5.16341E+04  -1.34157E+05
   1.11620E-02   4.18748E-03   9.27608E-01   1.56267E-03   5.54797E-02   5.27712E+04  -1.10804E+04  -2.27307E+04  -5.16266E+04  -1.34169E+05
   1.10620E-02   4.18790E-03   9.27702E-01   1.56283E-03   5.54854E-02   5.27212E+04  -1.10794E+04  -2.27294E+04  -5.16191E+04  -1.34181E+05
   1.09620E-02   4.18832E-03   9.27796E-01   1.56299E-03   5.54910E-02   5.26707E+04  -1.10785E+04  -2.27281E+04  -5.16116E+04  -1.34193E+05
   1.08620E-02   4.18875E-03   9.27890E-01   1.56314E-03   5.54966E-02   5.26198E+04  -1.10775E+04  -2.27268E+04  -5.16041E+04  -1.34205E+05
   1.07620E-02   4.18917E-03   9.27983E-01   1.56330E-03   5.55022E-02   5.25684E+04  -1.10765E+04  -2.27255E+04  -5.15966E+04  -1.34217E+05
   1.06620E-02   4.18959E-03   9.28077E-01   1.56346E-03   5.55078E-02   5.25166E+04  -1.10756E+04  -2.27242E+04  -5.15891E+04  -1.34229E+05
   1.05620E-02   4.19002E-03   9.28171E-01   1.56362E-03   5.55134E-02   5.24643E+04  -1.10746E+04  -2.27229E+04  -5.15815E+04  -1.34241E+05
   1.04620E-02   4.19044E-03   9.28265E-01   1.56378E-03   5.55190E-02   5.24115E+04  -1.10737E+04  -2.27216E+04  -5.15740E+04  -1.34252E+05
   1.03620E-02   4.19086E-03   9.28359E-01   1.56393E-03   5.55246E-02   5.23582E+04  -1.10727E+04  -2.27203E+04  -5.15665E+04  -1.34264E+05
   1.02620E-02   4.19129E-03   9.28452E-01   1.56409E-03   5.55302E-02   5.23044E+04  -1.10718E+04  -2.27191E+04  -5.15590E+04  -1.34276E+05
   1.01620E-02   4.19171E-03   9.28546E-01   1.56425E-03   5.55358E-02   5.22501E+04  -1.10708E+04  -2.27178E+04  -5.15515E+04  -1.34288E+05
   1.00620E-02   4.19213E-03   9.28640E-01   1.56441E-03   5.55415E-02   5.21953E+04  -1.10699E+04  -2.27165E+04  -5.15440E+04  -1.34300E+05
   9.96201E-03   4.19256E-03   9.28734E-01   1.56457E-03   5.55471E-02   5.21399E+04  -1.10689E+04  -2.27152E+04  -5.15365E+04  -1.34312E+05
   9.86201E-03   4.19298E-03   9.28828E-01   1.56473E-03   5.55527E-02   5.20841E+04  -1.10680E+04  -2.27139E+04  -5.15290E+04  -1.34324E+05
   9.76201E-03   4.19341E-03   9.28921E-01   1.56488E-03   5.55583E-02   5.20276E+04  -1.10670E+04  -2.27126E+04  -5.15215E+04  -1.34336E+05
   9.66201E-03   4.19383E-03   9.29015E-01   1.56504E-03   5.55639E-02   5.19706E+04  -1.10661E+04  -2.27113E+04  -5.15141E+04  -1.34347E+05
   9.56201E-03   4.19425E-03   9.29109E-01   1.56520E-03   5.55695E-02   5.19130E+04  -1.10651E+04  -2.27100E+04  -5.15066E+04  -1.34359E+05
   9.46201E-03   4.19468E-03   9.29203E-01   1.56536E-03   5.55751E-02   5.18548E+04  -1.10642E+04  -2.27087E+04  -5.14991E+04  -1.34371E+05
   9.36201E-03   4.19510E-03   9.29297E-01   1.56552E-03   5.55807E-02   5.17960E+04  -1.10632E+04  -2.27074E+04  -5.14916E+04  -1.34383E+05
   9.26201E-03   4.19552E-03   9.29390E-01   1.56567E-03   5.55863E-02   5.17366E+04  -1.10623E+04  -2.27062E+04  -5.14841E+04  -1.34395E+05
   9.16201E-03   4.19595E-03   9.29484E-01   1.56583E-03   5.55920E-02   5.16766E+04  -1.10613E+04  -2.27049E+04  -5.14766E+04  -1.34407E+05
   9.06201E-03   4.19637E-03   9.29578E-01   1.56599E-03   5.55976E-02   5.16160E+04  -1.10604E+04  -2.27036E+04  -5.14691E+04  -1.34419E+05
   8.96201E-03   4.19679E-03   9.29672E-01   1.56615E-03   5.56032E-02   5.15546E+04  -1.10595E+04  -2.27023E+04  -5.14617E+04  -1.34430E+05
   8.86201E-03   4.19722E-03   9.29766E-01   1.56631E-03   5.56088E-02   5.14926E+04  -1.10585E+04  -2.27010E+04  -5.14542E+04  -1.34442E+05
   8.76201E-03   4.19764E-03   9.29859E-01   1.56646E-03   5.56144E-02   5.14300E+04  -1.10576E+04  -2.26997E+04  -5.14467E+04  -1.34454E+05
   8.66201E-03   4.19806E-03   9.29953E-01   1.56662E-03   5.56200E-02   5.13666E+04  -1.10566E+04  -2.26984E+04  -5.14392E+04  -1.34466E+05
   8.56201E-03   4.19849E-03   9.30047E-01   1.56678E-03   5.56256E-02   5.13025E+04  -1.10557E+04  -2.26972E+04  -5.14317E+04  -1.34478E+05
   8.46201E-03   4.19891E-03   9.30141E-01   1.56694E-03   5.56312E-02   5.12377E+04  -1.10547E+04  -2.26959E+04  -5.14243E+04  -1.34490E+05
   8.36201E-03   4.19933E-03   9.30235E-01   1.56710E-03   5.56368E-02   5.11721E+04  -1.10538E+04  -2.26946E+04  -5.14168E+04  -1.34502E+05
   8.26201E-03   4.19976E-03   9.30329E-01   1.56725E-03   5.56424E-02   5.11057E+04  -1.10529E+04  -2.26933E+04  -5.14093E+04  -1.34513E+05
   8.16201E-03   4.20018E-03   9.30422E-01   1.56741E-03   5.56481E-02   5.10386E+04  -1.10519E+04  -2.26920E+04  -5.14019E+04  -1.34525E+05
   8.06201E-03   4.20060E-03   9.30516E-01   1.56757E-03   5.56537E-02   5.09706E+04  -1.10510E+04  -2.26907E+04  -5.13944E+04  -1.34537E+05
   7.96201E-03   4.20103E-03   9.30610E-01   1.56773E-03   5.56593E-02   5.09018E+04  -1.10500E+04  -2.26894E+04  -5.13869E+04  -1.34549E+05
   7.86201E-03   4.20145E-03   9.30704E-01   1.56789E-03   5.56649E-02   5.08322E+04  -1.10491E+04  -2.26882E+04  -5.13795E+04  -1.34561E+05
   7.76201E-03   4.20187E-03   9.30798E-01   1.56804E-03   5.56705E-02   5.07617E+04  -1.10482E+04  -2.26869E+04  -5.13720E+04  -1.34573E+05
   7.66201E-03   4.20230E-03   9.30891E-01   1.56820E-03   5.56761E-02   5.06903E+04  -1.10472E+04  -2.26856E+04  -5.13646E+04  -1.34584E+05
   7.56201E-03   4.20272E-03   9.30985E-01   1.56836E-03   5.56817E-02   5.06180E+04  -1.10463E+04  -2.26843E+04  -5.13571E+04  -1.34596E+05
   7.46201E-03   4.20315E-03   9.31079E-01   1.56852E-03   5.56873E-02   5.05447E+04  -1.10454E+04  -2.26830E+04  -5.13496E+04  -1.34608E+05
   7.36201E-03   4.20357E-03   9.31173E-01   1.56868E-03   5.56929E-02   5.04705E+04  -1.10444E+04  -2.26818E+04  -5.13422E+04  -1.34620E+05
   7.26201E-03   4.20399E-03   9.31267E-01   1.56883E-03   5.56986E-02   5.03953E+04  -1.10435E+04  -2.26805E+04  -5.13347E+04  -1.34632E+05
   7.16201E-03   4.20442E-03   9.31360E-01   1.56899E-03   5.57042E-02   5.03190E+04  -1.10426E+04  -2.26792E+04  -5.13273E+04  -1.34643E+05
   7.06201E-03   4.20484E-03   9.31454E-01   1.56915E-03   5.57098E-02   5.02418E+04  -1.10416E+04  -2.26779E+04  -5.13198E+04  -1.34655E+05
   6.96201E-03   4.20526E-03   9.31548E-01   1.56931E-03   5.57154E-02   5.01634E+04  -1.10407E+04  -2.26766E+04  -5.13124E+04  -1.34667E+05
   6.86201E-03   4.20569E-03   9.31642E-01   1.56947E-03   5.57210E-02   5.00839E+04  -1.10398E+04  -2.26754E+04  -5.13049E+04  -1.34679E+05
   6.76201E-03   4.20611E-03   9.31736E-01   1.56962E-03   5.57266E-02   5.00033E+04  -1.10389E+04  -2.26741E+04  -5.12975E+04  -1.34691E+05
   6.66201E-03   4.20653E-03   9.31829E-01   1.56978E-03   5.57322E-02   4.99215E+04  -1.10379E+04  -2.26728E+04  -5.12901E+04  -1.34703E+05
   6.56201E-03   4.20696E-03   9.31923E-01   1.56994E-03   5.57378E-02   4.98384E+04  -1.10370E+04  -2.26715E+04  -5.12826E+04  -1.34714E+05
   6.46201E-03   4.20738E-03   9.32017E-01   1.57010E-03   5.57434E-02   4.97542E+04  -1.10361E+04  -2.26702E+04  -5.12752E+04  -1.34726E+05
   6.36201E-03   4.20780E-03   9.32111E-01   1.57026E-03   5.57490E-02   4.96686E+04  -1.10351E+04  -2.26690E+04  -5.12677E+04  -1.34738E+05
   6.26201E-03   4.20823E-03   9.32205E-01   1.57041E-03   5.57547E-02   4.95817E+04  -1.10342E+04  -2.26677E+04  -5.12603E+04  -1.34750E+05
   6.16201E-03   4.20865E-03   9.32298E-01   1.57057E-03   5.57603E-02   4.94934E+04  -1.10333E+04  -2.26664E+04  -5.12529E+04  -1.34762E+05
   6.06201E-03   4.20907E-03   9.32392E-01   1.57073E-03   5.57659E-02   4.94038E+04  -1.10324E+04  -2.26651E+04  -5.12454E+04  -1.34773E+05
   5.96201E-03   4.20950E-03   9.32486E-01   1.57089E-03   5.57715E-02   4.93126E+04  -1.10314E+04  -2.26639E+04  -5.12380E+04  -1.34785E+05
   5.86201E-03   4.20992E-03   9.32580E-01   1.57105E-03   5.57771E-02   4.92199E+04  -1.10305E+04  -2.26626E+04  -5.12306E+04  -1.34797E+05
   5.76201E-03   4.21034E-03   9.32674E-01   1.57120E-03   5.57827E-02   4.91257E+04  -1.10296E+04  -2.26613E+04  -5.12232E+04  -1.34809E+05
   5.66201E-03   4.21077E-03   9.32768E-01   1.57136E-03   5.57883E-02   4.90298E+04  -1.10287E+04  -2.26600E+04  -5.12157E+04  -1.34820E+05
   5.56201E-03   4.21119E-03   9.32861E-01   1.57152E-03   5.57939E-02   4.89323E+04  -1.10277E+04  -2.26588E+04  -5.12083E+04  -1.34832E+05
   5.46201E-03   4.21161E-03   9.32955E-01   1.57168E-03   5.57995E-02   4.88330E+04  -1.10268E+04  -2.26575E+04  -5.12009E+04  -1.34844E+05
   5.36201E-03   4.21204E-03   9.33049E-01   1.57184E-03   5.58052E-02   4.87319E+04  -1.10259E+04  -2.26562E+04  -5.11935E+04  -1.34856E+05
   5.26201E-03   4.21246E-03   9.33143E-01   1.57199E-03   5.58108E-02   4.86290E+04  -1.10250E+04  -2.26549E+04  -5.11861E+04  -1.34868E+05
   5.16201E-03   4.21289E-03   9.33237E-01   1.57215E-03   5.58164E-02   4.85240E+04  -1.10241E+04  -2.26537E+04  -5.11786E+04  -1.34879E+05
   5.06201E-03   4.21331E-03   9.33330E-01   1.57231E-03   5.58220E-02   4.84171E+04  -1.10231E+04  -2.26524E+04  -5.11712E+04  -1.34891E+05
   4.96201E-03   4.21373E-03   9.33424E-01   1.57247E-03   5.58276E-02   4.83081E+04  -1.10222E+04  -2.26511E+04  -5.11638E+04  -1.34903E+05
   4.86201E-03   4.21416E-03   9.33518E-01   1.57263E-03   5.58332E-02   4.81968E+04  -1.10213E+04  -2.26498E+04  -5.11564E+04  -1.34915E+05
   4.76201E-03   4.21458E-03   9.33612E-01   1.57278E-03   5.58388E-02   4.80833E+04  -1.10204E+04  -2.26486E+04  -5.11490E+04  -1.34926E+05
   4.66201E-03   4.21500E-03   9.33706E-01   1.57294E-03   5.58444E-02   4.79675E+04  -1.10195E+04  -2.26473E+04  -5.11416E+04  -1.34938E+05
   4.56201E-03   4.21543E-03   9.33799E-01   1.57310E-03   5.58500E-02   4.78491E+04  -1.10186E+04  -2.26460E+04  -5.11342E+04  -1.34950E+05
   4.46201E-03   4.21585E-03   9.33893E-01   1.57326E-03   5.58557E-02   4.77281E+04  -1.10176E+04  -2.26448E+04  -5.11268E+04  -1.34962E+05
   4.36201E-03   4.21627E-03   9.33987E-01   1.57342E-03   5.58613E-02   4.76045E+04  -1.10167E+04  -2.26435E+04  -5.11194E+04  -1.34973E+05
   4.26201E-03   4.21670E-03   9.34081E-01   1.57357E-03   5.58669E-02   4.74780E+04  -1.10158E+04  -2.26422E+04  -5.11120E+04  -1.34985E+05
   4.16201E-03   4.21712E-03   9.34175E-01   1.57373E-03   5.58725E-02   4.73485E+04  -1.10149E+04  -2.26409E+04  -5.11046E+04  -1.34997E+05
   4.06201E-03   4.21754E-03   9.34268E-01   1.57389E-03   5.58781E-02   4.72160E+04  -1.10140E+04  -2.26397E+04  -5.10972E+04  -1.35009E+05
   3.96201E-03   4.21797E-03   9.34362E-01   1.57405E-03   5.58837E-02   4.70801E+04  -1.10131E+04  -2.26384E+04  -5.10898E+04  -1.35020E+05
   3.86201E-03   4.21839E-03   9.34456E-01   1.57421E-03   5.58893E-02   4.69408E+04  -1.10122E+04  -2.26371E+04  -5.10824E+04  -1.35032E+05
   3.76201E-03   4.21881E-03   9.34550E-01   1.57437E-03   5.58949E-02   4.67980E+04  -1.10113E+04  -2.26359E+04  -5.10750E+04  -1.35044E+05
   3.66201E-03   4.21924E-03   9.34644E-01   1.57452E-03   5.59005E-02   4.66513E+04  -1.10104E+04  -2.26346E+04  -5.10676E+04  -1.35056E+05
   3.56201E-03   4.21966E-03   9.34737E-01   1.57468E-03   5.59061E-02   4.65005E+04  -1.10094E+04  -2.26333E+04  -5.10602E+04  -1.35067E+05
   3.46201E-03   4.22008E-03   9.34831E-01   1.57484E-03   5.59118E-02   4.63456E+04  -1.10085E+04  -2.26321E+04  -5.10528E+04  -1.35079E+05
   3.36201E-03   4.22051E-03   9.34925E-01   1.57500E-03   5.59174E-02   4.61861E+04  -1.10076E+04  -2.26308E+04  -5.10454E+04  -1.35091E+05
   3.26201E-03   4.22093E-03   9.35019E-01   1.57516E-03   5.59230E-02   4.60219E+04  -1.10067E+04  -2.26295E+04  -5.10380E+04  -1.35103E+05
   3.16201E-03   4.22135E-03   9.35113E-01   1.57531E-03   5.59286E-02   4.58526E+04  -1.10058E+04  -2.26283E+04  -5.10306E+04  -1.35114E+05
   3.06201E-03   4.22178E-03   9.35207E-01   1.57547E-03   5.59342E-02   4.56779E+04  -1.10049E+04  -2.26270E+04  -5.10233E+04  -1.35126E+05
   2.96201E-03   4.22220E-03   9.35300E-01   1.57563E-03   5.59398E-02   4.54975E+04  -1.10040E+04  -2.26257E+04  -5.10159E+04  -1.35138E+05
   2.86201E-03   4.22262E-03   9.35394E-01   1.57579E-03   5.59454E-02   4.53109E+04  -1.10031E+04  -2.26245E+04  -5.10085E+04  -1.35149E+05
   2.76201E-03   4.22305E-03   9.35488E-01   1.57595E-03   5.59510E-02   4.51177E+04  -1.10022E+04  -2.26232E+04  -5.10011E+04  -1.35161E+05
   2.66201E-03   4.22347E-03   9.35582E-01   1.57610E-03   5.59566E-02   4.49175E+04  -1.10013E+04  -2.26219E+04  -5.09938E+04  -1.35173E+05
   2.56201E-03   4.22390E-03   9.35676E-01   1.57626E-03   5.59623E-02   4.47096E+04  -1.10004E+04  -2.26207E+04  -5.09864E+04  -1.35185E+05
   2.46201E-03   4.22432E-03   9.35769E-01   1.57642E-03   5.59679E-02   4.44935E+04  -1.09995E+04  -2.26194E+04  -5.09790E+04  -1.35196E+05
   2.36201E-03   4.22474E-03   9.35863E-01   1.57658E-03   5.59735E-02   4.42686E+04  -1.09986E+04  -2.26182E+04  -5.09716E+04  -1.35208E+05
   2.26201E-03   4.22517E-03   9.35957E-01   1.57674E-03   5.59791E-02   4.40340E+04  -1.09977E+04  -2.26169E+04  -5.09643E+04  -1.35220E+05
   2.16201E-03   4.22559E-03   9.36051E-01   1.57689E-03   5.59847E-02   4.37888E+04  -1.09968E+04  -2.26156E+04  -5.09569E+04  -1.35231E+05
   2.06201E-03   4.22601E-03   9.36145E-01   1.57705E-03   5.59903E-02   4.35321E+04  -1.09959E+04  -2.26144E+04  -5.09495E+04  -1.35243E+05
   1.96201E-03   4.22644E-03   9.36238E-01   1.57721E-03   5.59959E-02   4.32627E+04  -1.09950E+04  -2.26131E+04  -5.09422E+04  -1.35255E+05
   1.86201E-03   4.22686E-03   9.36332E-01   1.57737E-03   5.60015E-02   4.29792E+04  -1.09941E+04  -2.26118E+04  -5.09348E+04  -1.35267E+05
   1.76201E-03   4.22728E-03   9.36426E-01   1.57753E-03   5.60071E-02   4.26803E+04  -1.09932E+04  -2.26106E+04  -5.09274E+04  -1.35278E+05
   1.66201E-03   4.22771E-03   9.36520E-01   1.57768E-03   5.60127E-02   4.23639E+04  -1.09923E+04  -2.26093E+04  -5.09201E+04  -1.35290E+05
   1.56201E-03   4.22813E-03   9.36614E-01   1.57784E-03   5.60184E-02   4.20280E+04  -1.09914E+04  -2.26081E+04  -5.09127E+04  -1.35302E+05
   1.46201E-03   4.22855E-03   9.36707E-01   1.57800E-03   5.60240E-02   4.16699E+04  -1.09905E+04  -2.26068E+04  -5.09054E+04  -1.35313E+05
   1.36201E-03   4.22898E-03   9.36801E-01   1.57816E-03   5.60296E-02   4.12866E+04  -1.09896E+04  -2.26055E+04  -5.08980E+04  -1.35325E+05
   1.26201E-03   4.22940E-03   9.36895E-01   1.57832E-03   5.60352E-02   4.08742E+04  -1.09887E+04  -2.26043E+04  -5.08907E+04  -1.35337E+05
   1.16201E-03   4.22982E-03   9.36989E-01   1.57847E-03   5.60408E-02   4.04278E+04  -1.09878E+04  -2.26030E+04  -5.08833E+04  -1.35348E+05
   1.06201E-03   4.23025E-03   9.37083E-01   1.57863E-03   5.60464E-02   3.99413E+04  -1.09869E+04  -2.26018E+04  -5.08760E+04  -1.35360E+05
   9.62012E-04   4.23067E-03   9.37177E-01   1.57879E-03   5.60520E-02   3.94069E+04  -1.09860E+04  -2.26005E+04  -5.08686E+04  -1.35372E+05
   8.62012E-04   4.23109E-03   9.37270E-01   1.57895E-03   5.60576E-02   3.88139E+04  -1.09851E+04  -2.25992E+04  -5.08613E+04  -1.35383E+05
   7.62012E-04   4.23152E-03   9.37364E-01   1.57911E-03   5.60632E-02   3.81479E+04  -1.09842E+04  -2.25980E+04  -5.08539E+04  -1.35395E+05
   6.62012E-04   4.23194E-03   9.37458E-01   1.57926E-03   5.60689E-02   3.73883E+04  -1.09833E+04  -2.25967E+04  -5.08466E+04  -1.35407E+05
   5.62012E-04   4.23236E-03   9.37552E-01   1.57942E-03   5.60745E-02   3.65042E+04  -1.09825E+04  -2.25955E+04  -5.08393E+04  -1.35418E+05
   4.62012E-04   4.23279E-03   9.37646E-01   1.57958E-03   5.60801E-02   3.54469E+04  -1.09816E+04  -2.25942E+04  -5.08319E+04  -1.35430E+05
   3.62012E-04   4.23321E-03   9.37739E-01   1.57974E-03   5.60857E-02   3.41309E+04  -1.09807E+04  -2.25929E+04  -5.08246E+04  -1.35442E+05
   2.62012E-04   4.23364E-03   9.37833E-01   1.57990E-03   5.60913E-02   3.23872E+04  -1.09798E+04  -2.25917E+04  -5.08172E+04  -1.35453E+05
   1.62012E-04   4.23406E-03   9.37927E-01   1.58005E-03   5.60969E-02   2.97951E+04  -1.09789E+04  -2.25904E+04  -5.08099E+04  -1.35465E+05
   6.20121E-05   4.23448E-03   9.38021E-01   1.58021E-03   5.61025E-02   2.46182E+04  -1.09780E+04  -2.25892E+04  -5.08026E+04  -1.35477E+05
   1.00000E-06   4.23474E-03   9.38078E-01   1.58031E-03   5.61059E-02   2.37493E+03  -1.09775E+04  -2.25884E+04  -5.07981E+04  -1.35484E+05

 Phase Region for:
     FCC_A1#2                      
 col-1=X(C), col-2=X(CU), col-3=X(FE), col-4=X(MN), col-5=X(SI), col-6=MU(C), col-7=MU(CU), col-8=MU(FE), col-9=MU(MN), col-10=MU(SI),
   9.72763E-03   9.89823E-01   1.00096E-05   4.38969E-04   1.75121E-11   2.16147E+05  -2.54197E+04  -3.70308E+04  -6.52429E+04  -1.49921E+05
   9.82763E-03   9.89721E-01   1.00798E-05   4.41273E-04   1.75917E-11   2.16178E+05  -2.54200E+04  -3.70311E+04  -6.52432E+04  -1.49921E+05
   9.92763E-03   9.89619E-01   1.01505E-05   4.43590E-04   1.76717E-11   2.16208E+05  -2.54203E+04  -3.70314E+04  -6.52435E+04  -1.49922E+05
   9.99900E-03   9.89546E-01   1.02013E-05   4.45251E-04   1.77290E-11   2.16230E+05  -2.54205E+04  -3.70316E+04  -6.52437E+04  -1.49922E+05

 Phase Region for:
     FCC_A1#2                      
 col-1=X(C), col-2=X(CU), col-3=X(FE), col-4=X(MN), col-5=X(SI), col-6=MU(C), col-7=MU(CU), col-8=MU(FE), col-9=MU(MN), col-10=MU(SI),
   9.72763E-03   9.89823E-01   1.00096E-05   4.38969E-04   1.75121E-11   2.16147E+05  -2.54197E+04  -3.70308E+04  -6.52429E+04  -1.49921E+05
   9.62763E-03   9.89926E-01   9.93985E-06   4.36677E-04   1.74329E-11   2.16115E+05  -2.54194E+04  -3.70305E+04  -6.52426E+04  -1.49921E+05
   9.52763E-03   9.90028E-01   9.87062E-06   4.34397E-04   1.73540E-11   2.16083E+05  -2.54191E+04  -3.70302E+04  -6.52423E+04  -1.49921E+05
   9.42763E-03   9.90130E-01   9.80187E-06   4.32129E-04   1.72755E-11   2.16050E+05  -2.54188E+04  -3.70299E+04  -6.52419E+04  -1.49920E+05
   9.32763E-03   9.90233E-01   9.73362E-06   4.29874E-04   1.71974E-11   2.16017E+05  -2.54184E+04  -3.70295E+04  -6.52416E+04  -1.49920E+05
   9.22763E-03   9.90335E-01   9.66585E-06   4.27630E-04   1.71196E-11   2.15983E+05  -2.54181E+04  -3.70292E+04  -6.52413E+04  -1.49920E+05
   9.12763E-03   9.90437E-01   9.59856E-06   4.25398E-04   1.70422E-11   2.15948E+05  -2.54178E+04  -3.70289E+04  -6.52410E+04  -1.49919E+05
   9.02763E-03   9.90540E-01   9.53175E-06   4.23178E-04   1.69652E-11   2.15912E+05  -2.54175E+04  -3.70286E+04  -6.52407E+04  -1.49919E+05
   8.92763E-03   9.90642E-01   9.46541E-06   4.20969E-04   1.68885E-11   2.15876E+05  -2.54172E+04  -3.70282E+04  -6.52403E+04  -1.49919E+05
   8.82763E-03   9.90744E-01   9.39954E-06   4.18773E-04   1.68122E-11   2.15840E+05  -2.54168E+04  -3.70279E+04  -6.52400E+04  -1.49918E+05
   8.72763E-03   9.90846E-01   9.33414E-06   4.16587E-04   1.67362E-11   2.15802E+05  -2.54165E+04  -3.70276E+04  -6.52397E+04  -1.49918E+05
   8.62763E-03   9.90949E-01   9.26920E-06   4.14414E-04   1.66606E-11   2.15764E+05  -2.54162E+04  -3.70273E+04  -6.52393E+04  -1.49918E+05
   8.52763E-03   9.91051E-01   9.20472E-06   4.12252E-04   1.65853E-11   2.15725E+05  -2.54158E+04  -3.70269E+04  -6.52390E+04  -1.49917E+05
   8.42763E-03   9.91153E-01   9.14070E-06   4.10101E-04   1.65104E-11   2.15686E+05  -2.54155E+04  -3.70266E+04  -6.52387E+04  -1.49917E+05
   8.32763E-03   9.91255E-01   9.07713E-06   4.07962E-04   1.64358E-11   2.15645E+05  -2.54151E+04  -3.70262E+04  -6.52383E+04  -1.49917E+05
   8.22763E-03   9.91358E-01   9.01401E-06   4.05834E-04   1.63616E-11   2.15604E+05  -2.54148E+04  -3.70259E+04  -6.52380E+04  -1.49916E+05
   8.12763E-03   9.91460E-01   8.95134E-06   4.03717E-04   1.62877E-11   2.15562E+05  -2.54145E+04  -3.70255E+04  -6.52376E+04  -1.49916E+05
   8.02763E-03   9.91562E-01   8.88911E-06   4.01612E-04   1.62142E-11   2.15519E+05  -2.54141E+04  -3.70252E+04  -6.52373E+04  -1.49916E+05
   7.92763E-03   9.91664E-01   8.82733E-06   3.99517E-04   1.61410E-11   2.15476E+05  -2.54138E+04  -3.70248E+04  -6.52369E+04  -1.49915E+05
   7.82763E-03   9.91766E-01   8.76598E-06   3.97434E-04   1.60681E-11   2.15431E+05  -2.54134E+04  -3.70245E+04  -6.52366E+04  -1.49915E+05
   7.72763E-03   9.91868E-01   8.70506E-06   3.95362E-04   1.59956E-11   2.15386E+05  -2.54130E+04  -3.70241E+04  -6.52362E+04  -1.49915E+05
   7.62763E-03   9.91970E-01   8.64457E-06   3.93301E-04   1.59234E-11   2.15339E+05  -2.54127E+04  -3.70238E+04  -6.52359E+04  -1.49914E+05
   7.52763E-03   9.92073E-01   8.58452E-06   3.91250E-04   1.58515E-11   2.15292E+05  -2.54123E+04  -3.70234E+04  -6.52355E+04  -1.49914E+05
   7.42763E-03   9.92175E-01   8.52489E-06   3.89211E-04   1.57800E-11   2.15244E+05  -2.54120E+04  -3.70231E+04  -6.52351E+04  -1.49913E+05
   7.32763E-03   9.92277E-01   8.46567E-06   3.87182E-04   1.57089E-11   2.15195E+05  -2.54116E+04  -3.70227E+04  -6.52348E+04  -1.49913E+05
   7.22763E-03   9.92379E-01   8.40688E-06   3.85164E-04   1.56380E-11   2.15145E+05  -2.54112E+04  -3.70223E+04  -6.52344E+04  -1.49913E+05
   7.12763E-03   9.92481E-01   8.34851E-06   3.83156E-04   1.55675E-11   2.15093E+05  -2.54109E+04  -3.70220E+04  -6.52340E+04  -1.49912E+05
   7.02763E-03   9.92583E-01   8.29054E-06   3.81160E-04   1.54973E-11   2.15041E+05  -2.54105E+04  -3.70216E+04  -6.52337E+04  -1.49912E+05
   6.92763E-03   9.92685E-01   8.23299E-06   3.79173E-04   1.54274E-11   2.14988E+05  -2.54101E+04  -3.70212E+04  -6.52333E+04  -1.49912E+05
   6.82763E-03   9.92787E-01   8.17584E-06   3.77198E-04   1.53579E-11   2.14933E+05  -2.54097E+04  -3.70208E+04  -6.52329E+04  -1.49911E+05
   6.72763E-03   9.92889E-01   8.11910E-06   3.75232E-04   1.52886E-11   2.14877E+05  -2.54094E+04  -3.70204E+04  -6.52325E+04  -1.49911E+05
   6.62763E-03   9.92991E-01   8.06276E-06   3.73277E-04   1.52197E-11   2.14821E+05  -2.54090E+04  -3.70201E+04  -6.52321E+04  -1.49910E+05
   6.52763E-03   9.93093E-01   8.00681E-06   3.71333E-04   1.51511E-11   2.14762E+05  -2.54086E+04  -3.70197E+04  -6.52318E+04  -1.49910E+05
   6.42763E-03   9.93195E-01   7.95126E-06   3.69399E-04   1.50829E-11   2.14703E+05  -2.54082E+04  -3.70193E+04  -6.52314E+04  -1.49910E+05
   6.32763E-03   9.93297E-01   7.89611E-06   3.67475E-04   1.50149E-11   2.14642E+05  -2.54078E+04  -3.70189E+04  -6.52310E+04  -1.49909E+05
   6.22763E-03   9.93399E-01   7.84134E-06   3.65561E-04   1.49473E-11   2.14580E+05  -2.54074E+04  -3.70185E+04  -6.52306E+04  -1.49909E+05
   6.12763E-03   9.93501E-01   7.78696E-06   3.63657E-04   1.48800E-11   2.14517E+05  -2.54070E+04  -3.70181E+04  -6.52302E+04  -1.49909E+05
   6.02763E-03   9.93603E-01   7.73296E-06   3.61763E-04   1.48130E-11   2.14452E+05  -2.54066E+04  -3.70177E+04  -6.52298E+04  -1.49908E+05
   5.92763E-03   9.93705E-01   7.67935E-06   3.59879E-04   1.47463E-11   2.14386E+05  -2.54062E+04  -3.70173E+04  -6.52294E+04  -1.49908E+05
   5.82763E-03   9.93807E-01   7.62611E-06   3.58006E-04   1.46799E-11   2.14318E+05  -2.54058E+04  -3.70169E+04  -6.52290E+04  -1.49907E+05
   5.72763E-03   9.93909E-01   7.57325E-06   3.56142E-04   1.46138E-11   2.14248E+05  -2.54054E+04  -3.70165E+04  -6.52286E+04  -1.49907E+05
   5.62763E-03   9.94011E-01   7.52076E-06   3.54288E-04   1.45480E-11   2.14177E+05  -2.54050E+04  -3.70161E+04  -6.52282E+04  -1.49907E+05
   5.52763E-03   9.94112E-01   7.46864E-06   3.52443E-04   1.44825E-11   2.14104E+05  -2.54046E+04  -3.70157E+04  -6.52278E+04  -1.49906E+05
   5.42763E-03   9.94214E-01   7.41689E-06   3.50609E-04   1.44174E-11   2.14029E+05  -2.54042E+04  -3.70153E+04  -6.52274E+04  -1.49906E+05
   5.32763E-03   9.94316E-01   7.36551E-06   3.48784E-04   1.43525E-11   2.13953E+05  -2.54038E+04  -3.70149E+04  -6.52269E+04  -1.49905E+05
   5.22763E-03   9.94418E-01   7.31449E-06   3.46969E-04   1.42879E-11   2.13874E+05  -2.54034E+04  -3.70145E+04  -6.52265E+04  -1.49905E+05
   5.12763E-03   9.94520E-01   7.26382E-06   3.45163E-04   1.42236E-11   2.13794E+05  -2.54029E+04  -3.70140E+04  -6.52261E+04  -1.49904E+05
   5.02763E-03   9.94622E-01   7.21352E-06   3.43367E-04   1.41597E-11   2.13712E+05  -2.54025E+04  -3.70136E+04  -6.52257E+04  -1.49904E+05
   4.92763E-03   9.94724E-01   7.16357E-06   3.41580E-04   1.40960E-11   2.13627E+05  -2.54021E+04  -3.70132E+04  -6.52253E+04  -1.49904E+05
   4.82763E-03   9.94825E-01   7.11397E-06   3.39803E-04   1.40326E-11   2.13540E+05  -2.54017E+04  -3.70128E+04  -6.52248E+04  -1.49903E+05
   4.72763E-03   9.94927E-01   7.06472E-06   3.38035E-04   1.39695E-11   2.13451E+05  -2.54013E+04  -3.70123E+04  -6.52244E+04  -1.49903E+05
   4.62763E-03   9.95029E-01   7.01582E-06   3.36277E-04   1.39067E-11   2.13359E+05  -2.54008E+04  -3.70119E+04  -6.52240E+04  -1.49902E+05
   4.52763E-03   9.95131E-01   6.96726E-06   3.34528E-04   1.38442E-11   2.13265E+05  -2.54004E+04  -3.70115E+04  -6.52235E+04  -1.49902E+05
   4.42763E-03   9.95233E-01   6.91905E-06   3.32788E-04   1.37820E-11   2.13169E+05  -2.54000E+04  -3.70110E+04  -6.52231E+04  -1.49902E+05
   4.32763E-03   9.95334E-01   6.87117E-06   3.31057E-04   1.37200E-11   2.13069E+05  -2.53995E+04  -3.70106E+04  -6.52227E+04  -1.49901E+05
   4.22763E-03   9.95436E-01   6.82363E-06   3.29335E-04   1.36584E-11   2.12967E+05  -2.53991E+04  -3.70102E+04  -6.52222E+04  -1.49901E+05
   4.12763E-03   9.95538E-01   6.77643E-06   3.27623E-04   1.35970E-11   2.12861E+05  -2.53986E+04  -3.70097E+04  -6.52218E+04  -1.49900E+05
   4.02763E-03   9.95640E-01   6.72956E-06   3.25919E-04   1.35359E-11   2.12753E+05  -2.53982E+04  -3.70093E+04  -6.52213E+04  -1.49900E+05
   3.92763E-03   9.95741E-01   6.68302E-06   3.24225E-04   1.34751E-11   2.12641E+05  -2.53977E+04  -3.70088E+04  -6.52209E+04  -1.49899E+05
   3.82763E-03   9.95843E-01   6.63680E-06   3.22539E-04   1.34146E-11   2.12526E+05  -2.53973E+04  -3.70084E+04  -6.52204E+04  -1.49899E+05
   3.72763E-03   9.95945E-01   6.59092E-06   3.20863E-04   1.33544E-11   2.12407E+05  -2.53968E+04  -3.70079E+04  -6.52200E+04  -1.49898E+05
   3.62763E-03   9.96047E-01   6.54535E-06   3.19195E-04   1.32944E-11   2.12284E+05  -2.53964E+04  -3.70075E+04  -6.52195E+04  -1.49898E+05
   3.52763E-03   9.96148E-01   6.50011E-06   3.17536E-04   1.32347E-11   2.12156E+05  -2.53959E+04  -3.70070E+04  -6.52191E+04  -1.49898E+05
   3.42763E-03   9.96250E-01   6.45518E-06   3.15885E-04   1.31753E-11   2.12025E+05  -2.53955E+04  -3.70066E+04  -6.52186E+04  -1.49897E+05
   3.32763E-03   9.96352E-01   6.41057E-06   3.14244E-04   1.31162E-11   2.11889E+05  -2.53950E+04  -3.70061E+04  -6.52181E+04  -1.49897E+05
   3.22763E-03   9.96453E-01   6.36628E-06   3.12611E-04   1.30573E-11   2.11748E+05  -2.53945E+04  -3.70056E+04  -6.52177E+04  -1.49896E+05
   3.12763E-03   9.96555E-01   6.32229E-06   3.10987E-04   1.29987E-11   2.11602E+05  -2.53941E+04  -3.70052E+04  -6.52172E+04  -1.49896E+05
   3.02763E-03   9.96657E-01   6.27862E-06   3.09371E-04   1.29404E-11   2.11451E+05  -2.53936E+04  -3.70047E+04  -6.52167E+04  -1.49895E+05
   2.92763E-03   9.96758E-01   6.23525E-06   3.07764E-04   1.28823E-11   2.11293E+05  -2.53931E+04  -3.70042E+04  -6.52163E+04  -1.49895E+05
   2.82763E-03   9.96860E-01   6.19219E-06   3.06165E-04   1.28245E-11   2.11129E+05  -2.53927E+04  -3.70038E+04  -6.52158E+04  -1.49894E+05
   2.72763E-03   9.96962E-01   6.14943E-06   3.04575E-04   1.27670E-11   2.10959E+05  -2.53922E+04  -3.70033E+04  -6.52153E+04  -1.49894E+05
   2.62763E-03   9.97063E-01   6.10697E-06   3.02993E-04   1.27098E-11   2.10781E+05  -2.53917E+04  -3.70028E+04  -6.52148E+04  -1.49893E+05
   2.52763E-03   9.97165E-01   6.06480E-06   3.01419E-04   1.26528E-11   2.10595E+05  -2.53912E+04  -3.70023E+04  -6.52144E+04  -1.49893E+05
   2.42763E-03   9.97266E-01   6.02294E-06   2.99854E-04   1.25960E-11   2.10401E+05  -2.53908E+04  -3.70018E+04  -6.52139E+04  -1.49892E+05
   2.32763E-03   9.97368E-01   5.98137E-06   2.98297E-04   1.25396E-11   2.10198E+05  -2.53903E+04  -3.70014E+04  -6.52134E+04  -1.49892E+05
   2.22763E-03   9.97470E-01   5.94009E-06   2.96748E-04   1.24833E-11   2.09985E+05  -2.53898E+04  -3.70009E+04  -6.52129E+04  -1.49891E+05
   2.12763E-03   9.97571E-01   5.89910E-06   2.95207E-04   1.24274E-11   2.09761E+05  -2.53893E+04  -3.70004E+04  -6.52124E+04  -1.49891E+05
   2.02763E-03   9.97673E-01   5.85840E-06   2.93675E-04   1.23717E-11   2.09525E+05  -2.53888E+04  -3.69999E+04  -6.52119E+04  -1.49890E+05
   1.92763E-03   9.97774E-01   5.81799E-06   2.92150E-04   1.23163E-11   2.09276E+05  -2.53883E+04  -3.69994E+04  -6.52114E+04  -1.49890E+05
   1.82763E-03   9.97876E-01   5.77786E-06   2.90634E-04   1.22611E-11   2.09012E+05  -2.53878E+04  -3.69989E+04  -6.52109E+04  -1.49889E+05
   1.72763E-03   9.97978E-01   5.73801E-06   2.89126E-04   1.22061E-11   2.08733E+05  -2.53873E+04  -3.69984E+04  -6.52104E+04  -1.49889E+05
   1.62763E-03   9.98079E-01   5.69844E-06   2.87625E-04   1.21515E-11   2.08435E+05  -2.53868E+04  -3.69979E+04  -6.52099E+04  -1.49888E+05
   1.52763E-03   9.98181E-01   5.65915E-06   2.86133E-04   1.20970E-11   2.08116E+05  -2.53863E+04  -3.69974E+04  -6.52094E+04  -1.49888E+05
   1.42763E-03   9.98282E-01   5.62013E-06   2.84648E-04   1.20428E-11   2.07775E+05  -2.53858E+04  -3.69969E+04  -6.52089E+04  -1.49887E+05
   1.32763E-03   9.98384E-01   5.58139E-06   2.83171E-04   1.19889E-11   2.07407E+05  -2.53853E+04  -3.69964E+04  -6.52084E+04  -1.49887E+05
   1.22763E-03   9.98485E-01   5.54292E-06   2.81702E-04   1.19352E-11   2.07008E+05  -2.53848E+04  -3.69959E+04  -6.52079E+04  -1.49886E+05
   1.12763E-03   9.98587E-01   5.50472E-06   2.80241E-04   1.18818E-11   2.06574E+05  -2.53843E+04  -3.69954E+04  -6.52074E+04  -1.49886E+05
   1.02763E-03   9.98688E-01   5.46679E-06   2.78787E-04   1.18286E-11   2.06097E+05  -2.53838E+04  -3.69949E+04  -6.52068E+04  -1.49885E+05
   9.27626E-04   9.98790E-01   5.42912E-06   2.77341E-04   1.17756E-11   2.05569E+05  -2.53833E+04  -3.69943E+04  -6.52063E+04  -1.49885E+05
   8.27626E-04   9.98891E-01   5.39172E-06   2.75903E-04   1.17229E-11   2.04977E+05  -2.53827E+04  -3.69938E+04  -6.52058E+04  -1.49884E+05
   7.27626E-04   9.98993E-01   5.35458E-06   2.74472E-04   1.16704E-11   2.04307E+05  -2.53822E+04  -3.69933E+04  -6.52053E+04  -1.49884E+05
   6.27626E-04   9.99094E-01   5.31770E-06   2.73049E-04   1.16182E-11   2.03533E+05  -2.53817E+04  -3.69928E+04  -6.52047E+04  -1.49883E+05
   5.27626E-04   9.99195E-01   5.28108E-06   2.71634E-04   1.15662E-11   2.02621E+05  -2.53812E+04  -3.69922E+04  -6.52042E+04  -1.49883E+05
   4.27626E-04   9.99297E-01   5.24472E-06   2.70226E-04   1.15144E-11   2.01512E+05  -2.53806E+04  -3.69917E+04  -6.52036E+04  -1.49882E+05
   3.27626E-04   9.99398E-01   5.20861E-06   2.68826E-04   1.14628E-11   2.00100E+05  -2.53801E+04  -3.69912E+04  -6.52031E+04  -1.49882E+05
   2.27626E-04   9.99500E-01   5.17275E-06   2.67433E-04   1.14115E-11   1.98161E+05  -2.53796E+04  -3.69907E+04  -6.52025E+04  -1.49881E+05
   1.27626E-04   9.99601E-01   5.13715E-06   2.66049E-04   1.13603E-11   1.95066E+05  -2.53790E+04  -3.69901E+04  -6.52020E+04  -1.49881E+05
   2.76265E-05   9.99703E-01   5.10180E-06   2.64674E-04   1.13091E-11   1.86842E+05  -2.53785E+04  -3.69896E+04  -6.52013E+04  -1.49881E+05
   1.00000E-06   9.99730E-01   5.09244E-06   2.64319E-04   1.12948E-11   1.68964E+05  -2.53784E+04  -3.69894E+04  -6.52010E+04  -1.49881E+05
