
 Phase Region for:
     BCC_A2                        
 col-1=X(C), col-2=X(CU), col-3=X(FE), col-4=X(MN), col-5=X(SI), col-6=MU(C), col-7=MU(CU), col-8=MU(FE), col-9=MU(MN), col-10=MU(SI),
   2.88620E-02   4.11252E-03   9.11004E-01   1.53470E-03   5.44867E-02   5.11794E+04  -1.90938E+04  -2.68478E+04  -6.23413E+04  -1.35376E+05
   9.99900E-03   4.19240E-03   9.28699E-01   1.56451E-03   5.55450E-02   4.44085E+04  -1.89417E+04  -2.65862E+04  -6.09622E+04  -1.37597E+05

 Phase Region for:
     BCC_A2                        
 col-1=X(C), col-2=X(CU), col-3=X(FE), col-4=X(MN), col-5=X(SI), col-6=MU(C), col-7=MU(CU), col-8=MU(FE), col-9=MU(MN), col-10=MU(SI),
   2.88620E-02   4.11252E-03   9.11004E-01   1.53470E-03   5.44867E-02   5.11794E+04  -1.90938E+04  -2.68478E+04  -6.23413E+04  -1.35376E+05
   2.87620E-02   4.11295E-03   9.11098E-01   1.53486E-03   5.44923E-02   5.11564E+04  -1.90930E+04  -2.68463E+04  -6.23339E+04  -1.35388E+05
   2.86620E-02   4.11337E-03   9.11192E-01   1.53502E-03   5.44979E-02   5.11333E+04  -1.90921E+04  -2.68449E+04  -6.23264E+04  -1.35400E+05
   2.85620E-02   4.11379E-03   9.11286E-01   1.53517E-03   5.45035E-02   5.11102E+04  -1.90912E+04  -2.68435E+04  -6.23189E+04  -1.35412E+05
   2.84620E-02   4.11422E-03   9.11379E-01   1.53533E-03   5.45091E-02   5.10870E+04  -1.90903E+04  -2.68421E+04  -6.23114E+04  -1.35424E+05
   2.83620E-02   4.11464E-03   9.11473E-01   1.53549E-03   5.45147E-02   5.10637E+04  -1.90895E+04  -2.68406E+04  -6.23040E+04  -1.35436E+05
   2.82620E-02   4.11506E-03   9.11567E-01   1.53565E-03   5.45203E-02   5.10403E+04  -1.90886E+04  -2.68392E+04  -6.22965E+04  -1.35448E+05
   2.81620E-02   4.11549E-03   9.11661E-01   1.53581E-03   5.45259E-02   5.10168E+04  -1.90877E+04  -2.68378E+04  -6.22890E+04  -1.35460E+05
   2.80620E-02   4.11591E-03   9.11755E-01   1.53596E-03   5.45315E-02   5.09933E+04  -1.90868E+04  -2.68364E+04  -6.22816E+04  -1.35472E+05
   2.79620E-02   4.11633E-03   9.11848E-01   1.53612E-03   5.45372E-02   5.09697E+04  -1.90860E+04  -2.68349E+04  -6.22741E+04  -1.35484E+05
   2.78620E-02   4.11676E-03   9.11942E-01   1.53628E-03   5.45428E-02   5.09460E+04  -1.90851E+04  -2.68335E+04  -6.22666E+04  -1.35496E+05
   2.77620E-02   4.11718E-03   9.12036E-01   1.53644E-03   5.45484E-02   5.09223E+04  -1.90842E+04  -2.68321E+04  -6.22592E+04  -1.35508E+05
   2.76620E-02   4.11760E-03   9.12130E-01   1.53660E-03   5.45540E-02   5.08984E+04  -1.90834E+04  -2.68307E+04  -6.22517E+04  -1.35520E+05
   2.75620E-02   4.11803E-03   9.12224E-01   1.53675E-03   5.45596E-02   5.08745E+04  -1.90825E+04  -2.68293E+04  -6.22442E+04  -1.35531E+05
   2.74620E-02   4.11845E-03   9.12317E-01   1.53691E-03   5.45652E-02   5.08505E+04  -1.90816E+04  -2.68278E+04  -6.22368E+04  -1.35543E+05
   2.73620E-02   4.11887E-03   9.12411E-01   1.53707E-03   5.45708E-02   5.08265E+04  -1.90808E+04  -2.68264E+04  -6.22293E+04  -1.35555E+05
   2.72620E-02   4.11930E-03   9.12505E-01   1.53723E-03   5.45764E-02   5.08023E+04  -1.90799E+04  -2.68250E+04  -6.22219E+04  -1.35567E+05
   2.71620E-02   4.11972E-03   9.12599E-01   1.53739E-03   5.45820E-02   5.07781E+04  -1.90790E+04  -2.68236E+04  -6.22144E+04  -1.35579E+05
   2.70620E-02   4.12014E-03   9.12693E-01   1.53754E-03   5.45877E-02   5.07538E+04  -1.90782E+04  -2.68221E+04  -6.22070E+04  -1.35591E+05
   2.69620E-02   4.12057E-03   9.12786E-01   1.53770E-03   5.45933E-02   5.07294E+04  -1.90773E+04  -2.68207E+04  -6.21995E+04  -1.35603E+05
   2.68620E-02   4.12099E-03   9.12880E-01   1.53786E-03   5.45989E-02   5.07049E+04  -1.90764E+04  -2.68193E+04  -6.21921E+04  -1.35615E+05
   2.67620E-02   4.12141E-03   9.12974E-01   1.53802E-03   5.46045E-02   5.06803E+04  -1.90756E+04  -2.68179E+04  -6.21846E+04  -1.35627E+05
   2.66620E-02   4.12184E-03   9.13068E-01   1.53818E-03   5.46101E-02   5.06557E+04  -1.90747E+04  -2.68165E+04  -6.21772E+04  -1.35639E+05
   2.65620E-02   4.12226E-03   9.13162E-01   1.53833E-03   5.46157E-02   5.06310E+04  -1.90739E+04  -2.68151E+04  -6.21698E+04  -1.35651E+05
   2.64620E-02   4.12268E-03   9.13255E-01   1.53849E-03   5.46213E-02   5.06062E+04  -1.90730E+04  -2.68136E+04  -6.21623E+04  -1.35663E+05
   2.63620E-02   4.12311E-03   9.13349E-01   1.53865E-03   5.46269E-02   5.05813E+04  -1.90721E+04  -2.68122E+04  -6.21549E+04  -1.35675E+05
   2.62620E-02   4.12353E-03   9.13443E-01   1.53881E-03   5.46325E-02   5.05563E+04  -1.90713E+04  -2.68108E+04  -6.21475E+04  -1.35687E+05
   2.61620E-02   4.12396E-03   9.13537E-01   1.53897E-03   5.46382E-02   5.05312E+04  -1.90704E+04  -2.68094E+04  -6.21400E+04  -1.35699E+05
   2.60620E-02   4.12438E-03   9.13631E-01   1.53912E-03   5.46438E-02   5.05060E+04  -1.90696E+04  -2.68080E+04  -6.21326E+04  -1.35710E+05
   2.59620E-02   4.12480E-03   9.13725E-01   1.53928E-03   5.46494E-02   5.04808E+04  -1.90687E+04  -2.68066E+04  -6.21252E+04  -1.35722E+05
   2.58620E-02   4.12523E-03   9.13818E-01   1.53944E-03   5.46550E-02   5.04555E+04  -1.90679E+04  -2.68051E+04  -6.21177E+04  -1.35734E+05
   2.57620E-02   4.12565E-03   9.13912E-01   1.53960E-03   5.46606E-02   5.04300E+04  -1.90670E+04  -2.68037E+04  -6.21103E+04  -1.35746E+05
   2.56620E-02   4.12607E-03   9.14006E-01   1.53976E-03   5.46662E-02   5.04045E+04  -1.90662E+04  -2.68023E+04  -6.21029E+04  -1.35758E+05
   2.55620E-02   4.12650E-03   9.14100E-01   1.53991E-03   5.46718E-02   5.03789E+04  -1.90653E+04  -2.68009E+04  -6.20955E+04  -1.35770E+05
   2.54620E-02   4.12692E-03   9.14194E-01   1.54007E-03   5.46774E-02   5.03532E+04  -1.90644E+04  -2.67995E+04  -6.20880E+04  -1.35782E+05
   2.53620E-02   4.12734E-03   9.14287E-01   1.54023E-03   5.46830E-02   5.03274E+04  -1.90636E+04  -2.67981E+04  -6.20806E+04  -1.35794E+05
   2.52620E-02   4.12777E-03   9.14381E-01   1.54039E-03   5.46886E-02   5.03016E+04  -1.90627E+04  -2.67967E+04  -6.20732E+04  -1.35806E+05
   2.51620E-02   4.12819E-03   9.14475E-01   1.54055E-03   5.46943E-02   5.02756E+04  -1.90619E+04  -2.67953E+04  -6.20658E+04  -1.35818E+05
   2.50620E-02   4.12861E-03   9.14569E-01   1.54070E-03   5.46999E-02   5.02495E+04  -1.90610E+04  -2.67938E+04  -6.20584E+04  -1.35830E+05
   2.49620E-02   4.12904E-03   9.14663E-01   1.54086E-03   5.47055E-02   5.02233E+04  -1.90602E+04  -2.67924E+04  -6.20510E+04  -1.35841E+05
   2.48620E-02   4.12946E-03   9.14756E-01   1.54102E-03   5.47111E-02   5.01971E+04  -1.90594E+04  -2.67910E+04  -6.20436E+04  -1.35853E+05
   2.47620E-02   4.12988E-03   9.14850E-01   1.54118E-03   5.47167E-02   5.01707E+04  -1.90585E+04  -2.67896E+04  -6.20362E+04  -1.35865E+05
   2.46620E-02   4.13031E-03   9.14944E-01   1.54134E-03   5.47223E-02   5.01443E+04  -1.90577E+04  -2.67882E+04  -6.20288E+04  -1.35877E+05
   2.45620E-02   4.13073E-03   9.15038E-01   1.54149E-03   5.47279E-02   5.01177E+04  -1.90568E+04  -2.67868E+04  -6.20214E+04  -1.35889E+05
   2.44620E-02   4.13115E-03   9.15132E-01   1.54165E-03   5.47335E-02   5.00911E+04  -1.90560E+04  -2.67854E+04  -6.20140E+04  -1.35901E+05
   2.43620E-02   4.13158E-03   9.15225E-01   1.54181E-03   5.47391E-02   5.00643E+04  -1.90551E+04  -2.67840E+04  -6.20066E+04  -1.35913E+05
   2.42620E-02   4.13200E-03   9.15319E-01   1.54197E-03   5.47448E-02   5.00374E+04  -1.90543E+04  -2.67826E+04  -6.19992E+04  -1.35925E+05
   2.41620E-02   4.13242E-03   9.15413E-01   1.54213E-03   5.47504E-02   5.00105E+04  -1.90534E+04  -2.67812E+04  -6.19918E+04  -1.35936E+05
   2.40620E-02   4.13285E-03   9.15507E-01   1.54228E-03   5.47560E-02   4.99834E+04  -1.90526E+04  -2.67798E+04  -6.19844E+04  -1.35948E+05
   2.39620E-02   4.13327E-03   9.15601E-01   1.54244E-03   5.47616E-02   4.99563E+04  -1.90518E+04  -2.67784E+04  -6.19770E+04  -1.35960E+05
   2.38620E-02   4.13370E-03   9.15694E-01   1.54260E-03   5.47672E-02   4.99290E+04  -1.90509E+04  -2.67769E+04  -6.19696E+04  -1.35972E+05
   2.37620E-02   4.13412E-03   9.15788E-01   1.54276E-03   5.47728E-02   4.99016E+04  -1.90501E+04  -2.67755E+04  -6.19622E+04  -1.35984E+05
   2.36620E-02   4.13454E-03   9.15882E-01   1.54292E-03   5.47784E-02   4.98741E+04  -1.90492E+04  -2.67741E+04  -6.19548E+04  -1.35996E+05
   2.35620E-02   4.13497E-03   9.15976E-01   1.54307E-03   5.47840E-02   4.98466E+04  -1.90484E+04  -2.67727E+04  -6.19474E+04  -1.36008E+05
   2.34620E-02   4.13539E-03   9.16070E-01   1.54323E-03   5.47896E-02   4.98189E+04  -1.90476E+04  -2.67713E+04  -6.19400E+04  -1.36020E+05
   2.33620E-02   4.13581E-03   9.16164E-01   1.54339E-03   5.47952E-02   4.97911E+04  -1.90467E+04  -2.67699E+04  -6.19327E+04  -1.36031E+05
   2.32620E-02   4.13624E-03   9.16257E-01   1.54355E-03   5.48009E-02   4.97632E+04  -1.90459E+04  -2.67685E+04  -6.19253E+04  -1.36043E+05
   2.31620E-02   4.13666E-03   9.16351E-01   1.54371E-03   5.48065E-02   4.97351E+04  -1.90451E+04  -2.67671E+04  -6.19179E+04  -1.36055E+05
   2.30620E-02   4.13708E-03   9.16445E-01   1.54387E-03   5.48121E-02   4.97070E+04  -1.90442E+04  -2.67657E+04  -6.19105E+04  -1.36067E+05
   2.29620E-02   4.13751E-03   9.16539E-01   1.54402E-03   5.48177E-02   4.96787E+04  -1.90434E+04  -2.67643E+04  -6.19031E+04  -1.36079E+05
   2.28620E-02   4.13793E-03   9.16633E-01   1.54418E-03   5.48233E-02   4.96504E+04  -1.90426E+04  -2.67629E+04  -6.18958E+04  -1.36091E+05
   2.27620E-02   4.13835E-03   9.16726E-01   1.54434E-03   5.48289E-02   4.96219E+04  -1.90417E+04  -2.67615E+04  -6.18884E+04  -1.36103E+05
   2.26620E-02   4.13878E-03   9.16820E-01   1.54450E-03   5.48345E-02   4.95933E+04  -1.90409E+04  -2.67601E+04  -6.18810E+04  -1.36114E+05
   2.25620E-02   4.13920E-03   9.16914E-01   1.54466E-03   5.48401E-02   4.95646E+04  -1.90401E+04  -2.67587E+04  -6.18737E+04  -1.36126E+05
   2.24620E-02   4.13962E-03   9.17008E-01   1.54481E-03   5.48457E-02   4.95358E+04  -1.90392E+04  -2.67573E+04  -6.18663E+04  -1.36138E+05
   2.23620E-02   4.14005E-03   9.17102E-01   1.54497E-03   5.48514E-02   4.95068E+04  -1.90384E+04  -2.67559E+04  -6.18589E+04  -1.36150E+05
   2.22620E-02   4.14047E-03   9.17195E-01   1.54513E-03   5.48570E-02   4.94778E+04  -1.90376E+04  -2.67545E+04  -6.18516E+04  -1.36162E+05
   2.21620E-02   4.14089E-03   9.17289E-01   1.54529E-03   5.48626E-02   4.94486E+04  -1.90368E+04  -2.67531E+04  -6.18442E+04  -1.36174E+05
   2.20620E-02   4.14132E-03   9.17383E-01   1.54545E-03   5.48682E-02   4.94193E+04  -1.90359E+04  -2.67517E+04  -6.18369E+04  -1.36185E+05
   2.19620E-02   4.14174E-03   9.17477E-01   1.54560E-03   5.48738E-02   4.93898E+04  -1.90351E+04  -2.67503E+04  -6.18295E+04  -1.36197E+05
   2.18620E-02   4.14216E-03   9.17571E-01   1.54576E-03   5.48794E-02   4.93603E+04  -1.90343E+04  -2.67489E+04  -6.18221E+04  -1.36209E+05
   2.17620E-02   4.14259E-03   9.17664E-01   1.54592E-03   5.48850E-02   4.93306E+04  -1.90335E+04  -2.67475E+04  -6.18148E+04  -1.36221E+05
   2.16620E-02   4.14301E-03   9.17758E-01   1.54608E-03   5.48906E-02   4.93008E+04  -1.90326E+04  -2.67461E+04  -6.18074E+04  -1.36233E+05
   2.15620E-02   4.14344E-03   9.17852E-01   1.54624E-03   5.48962E-02   4.92709E+04  -1.90318E+04  -2.67447E+04  -6.18001E+04  -1.36245E+05
   2.14620E-02   4.14386E-03   9.17946E-01   1.54639E-03   5.49018E-02   4.92408E+04  -1.90310E+04  -2.67433E+04  -6.17927E+04  -1.36256E+05
   2.13620E-02   4.14428E-03   9.18040E-01   1.54655E-03   5.49075E-02   4.92106E+04  -1.90302E+04  -2.67419E+04  -6.17854E+04  -1.36268E+05
   2.12620E-02   4.14471E-03   9.18134E-01   1.54671E-03   5.49131E-02   4.91803E+04  -1.90293E+04  -2.67405E+04  -6.17781E+04  -1.36280E+05
   2.11620E-02   4.14513E-03   9.18227E-01   1.54687E-03   5.49187E-02   4.91498E+04  -1.90285E+04  -2.67392E+04  -6.17707E+04  -1.36292E+05
   2.10620E-02   4.14555E-03   9.18321E-01   1.54703E-03   5.49243E-02   4.91192E+04  -1.90277E+04  -2.67378E+04  -6.17634E+04  -1.36304E+05
   2.09620E-02   4.14598E-03   9.18415E-01   1.54718E-03   5.49299E-02   4.90885E+04  -1.90269E+04  -2.67364E+04  -6.17560E+04  -1.36315E+05
   2.08620E-02   4.14640E-03   9.18509E-01   1.54734E-03   5.49355E-02   4.90576E+04  -1.90261E+04  -2.67350E+04  -6.17487E+04  -1.36327E+05
   2.07620E-02   4.14682E-03   9.18603E-01   1.54750E-03   5.49411E-02   4.90266E+04  -1.90253E+04  -2.67336E+04  -6.17414E+04  -1.36339E+05
   2.06620E-02   4.14725E-03   9.18696E-01   1.54766E-03   5.49467E-02   4.89955E+04  -1.90244E+04  -2.67322E+04  -6.17340E+04  -1.36351E+05
   2.05620E-02   4.14767E-03   9.18790E-01   1.54782E-03   5.49523E-02   4.89642E+04  -1.90236E+04  -2.67308E+04  -6.17267E+04  -1.36363E+05
   2.04620E-02   4.14809E-03   9.18884E-01   1.54797E-03   5.49580E-02   4.89328E+04  -1.90228E+04  -2.67294E+04  -6.17194E+04  -1.36374E+05
   2.03620E-02   4.14852E-03   9.18978E-01   1.54813E-03   5.49636E-02   4.89012E+04  -1.90220E+04  -2.67280E+04  -6.17120E+04  -1.36386E+05
   2.02620E-02   4.14894E-03   9.19072E-01   1.54829E-03   5.49692E-02   4.88695E+04  -1.90212E+04  -2.67266E+04  -6.17047E+04  -1.36398E+05
   2.01620E-02   4.14936E-03   9.19165E-01   1.54845E-03   5.49748E-02   4.88377E+04  -1.90204E+04  -2.67252E+04  -6.16974E+04  -1.36410E+05
   2.00620E-02   4.14979E-03   9.19259E-01   1.54861E-03   5.49804E-02   4.88057E+04  -1.90196E+04  -2.67238E+04  -6.16901E+04  -1.36422E+05
   1.99620E-02   4.15021E-03   9.19353E-01   1.54876E-03   5.49860E-02   4.87735E+04  -1.90188E+04  -2.67225E+04  -6.16828E+04  -1.36433E+05
   1.98620E-02   4.15063E-03   9.19447E-01   1.54892E-03   5.49916E-02   4.87412E+04  -1.90179E+04  -2.67211E+04  -6.16754E+04  -1.36445E+05
   1.97620E-02   4.15106E-03   9.19541E-01   1.54908E-03   5.49972E-02   4.87088E+04  -1.90171E+04  -2.67197E+04  -6.16681E+04  -1.36457E+05
   1.96620E-02   4.15148E-03   9.19634E-01   1.54924E-03   5.50028E-02   4.86761E+04  -1.90163E+04  -2.67183E+04  -6.16608E+04  -1.36469E+05
   1.95620E-02   4.15190E-03   9.19728E-01   1.54940E-03   5.50085E-02   4.86434E+04  -1.90155E+04  -2.67169E+04  -6.16535E+04  -1.36481E+05
   1.94620E-02   4.15233E-03   9.19822E-01   1.54955E-03   5.50141E-02   4.86105E+04  -1.90147E+04  -2.67155E+04  -6.16462E+04  -1.36492E+05
   1.93620E-02   4.15275E-03   9.19916E-01   1.54971E-03   5.50197E-02   4.85774E+04  -1.90139E+04  -2.67141E+04  -6.16389E+04  -1.36504E+05
   1.92620E-02   4.15318E-03   9.20010E-01   1.54987E-03   5.50253E-02   4.85441E+04  -1.90131E+04  -2.67127E+04  -6.16316E+04  -1.36516E+05
   1.91620E-02   4.15360E-03   9.20103E-01   1.55003E-03   5.50309E-02   4.85107E+04  -1.90123E+04  -2.67114E+04  -6.16243E+04  -1.36528E+05
   1.90620E-02   4.15402E-03   9.20197E-01   1.55019E-03   5.50365E-02   4.84772E+04  -1.90115E+04  -2.67100E+04  -6.16169E+04  -1.36539E+05
   1.89620E-02   4.15445E-03   9.20291E-01   1.55034E-03   5.50421E-02   4.84434E+04  -1.90107E+04  -2.67086E+04  -6.16096E+04  -1.36551E+05
   1.88620E-02   4.15487E-03   9.20385E-01   1.55050E-03   5.50477E-02   4.84095E+04  -1.90099E+04  -2.67072E+04  -6.16023E+04  -1.36563E+05
   1.87620E-02   4.15529E-03   9.20479E-01   1.55066E-03   5.50533E-02   4.83755E+04  -1.90091E+04  -2.67058E+04  -6.15950E+04  -1.36575E+05
   1.86620E-02   4.15572E-03   9.20573E-01   1.55082E-03   5.50589E-02   4.83412E+04  -1.90083E+04  -2.67044E+04  -6.15877E+04  -1.36586E+05
   1.85620E-02   4.15614E-03   9.20666E-01   1.55098E-03   5.50646E-02   4.83068E+04  -1.90075E+04  -2.67031E+04  -6.15805E+04  -1.36598E+05
   1.84620E-02   4.15656E-03   9.20760E-01   1.55113E-03   5.50702E-02   4.82723E+04  -1.90067E+04  -2.67017E+04  -6.15732E+04  -1.36610E+05
   1.83620E-02   4.15699E-03   9.20854E-01   1.55129E-03   5.50758E-02   4.82375E+04  -1.90059E+04  -2.67003E+04  -6.15659E+04  -1.36622E+05
   1.82620E-02   4.15741E-03   9.20948E-01   1.55145E-03   5.50814E-02   4.82026E+04  -1.90051E+04  -2.66989E+04  -6.15586E+04  -1.36633E+05
   1.81620E-02   4.15783E-03   9.21042E-01   1.55161E-03   5.50870E-02   4.81674E+04  -1.90043E+04  -2.66975E+04  -6.15513E+04  -1.36645E+05
   1.80620E-02   4.15826E-03   9.21135E-01   1.55177E-03   5.50926E-02   4.81321E+04  -1.90035E+04  -2.66962E+04  -6.15440E+04  -1.36657E+05
   1.79620E-02   4.15868E-03   9.21229E-01   1.55192E-03   5.50982E-02   4.80967E+04  -1.90027E+04  -2.66948E+04  -6.15367E+04  -1.36669E+05
   1.78620E-02   4.15910E-03   9.21323E-01   1.55208E-03   5.51038E-02   4.80610E+04  -1.90019E+04  -2.66934E+04  -6.15294E+04  -1.36680E+05
   1.77620E-02   4.15953E-03   9.21417E-01   1.55224E-03   5.51094E-02   4.80251E+04  -1.90011E+04  -2.66920E+04  -6.15222E+04  -1.36692E+05
   1.76620E-02   4.15995E-03   9.21511E-01   1.55240E-03   5.51151E-02   4.79891E+04  -1.90003E+04  -2.66906E+04  -6.15149E+04  -1.36704E+05
   1.75620E-02   4.16037E-03   9.21604E-01   1.55256E-03   5.51207E-02   4.79529E+04  -1.89995E+04  -2.66893E+04  -6.15076E+04  -1.36716E+05
   1.74620E-02   4.16080E-03   9.21698E-01   1.55271E-03   5.51263E-02   4.79164E+04  -1.89987E+04  -2.66879E+04  -6.15003E+04  -1.36727E+05
   1.73620E-02   4.16122E-03   9.21792E-01   1.55287E-03   5.51319E-02   4.78798E+04  -1.89979E+04  -2.66865E+04  -6.14930E+04  -1.36739E+05
   1.72620E-02   4.16164E-03   9.21886E-01   1.55303E-03   5.51375E-02   4.78430E+04  -1.89972E+04  -2.66851E+04  -6.14858E+04  -1.36751E+05
   1.71620E-02   4.16207E-03   9.21980E-01   1.55319E-03   5.51431E-02   4.78059E+04  -1.89964E+04  -2.66837E+04  -6.14785E+04  -1.36763E+05
   1.70620E-02   4.16249E-03   9.22073E-01   1.55335E-03   5.51487E-02   4.77687E+04  -1.89956E+04  -2.66824E+04  -6.14712E+04  -1.36774E+05
   1.69620E-02   4.16292E-03   9.22167E-01   1.55350E-03   5.51543E-02   4.77313E+04  -1.89948E+04  -2.66810E+04  -6.14640E+04  -1.36786E+05
   1.68620E-02   4.16334E-03   9.22261E-01   1.55366E-03   5.51599E-02   4.76936E+04  -1.89940E+04  -2.66796E+04  -6.14567E+04  -1.36798E+05
   1.67620E-02   4.16376E-03   9.22355E-01   1.55382E-03   5.51655E-02   4.76557E+04  -1.89932E+04  -2.66782E+04  -6.14494E+04  -1.36809E+05
   1.66620E-02   4.16419E-03   9.22449E-01   1.55398E-03   5.51712E-02   4.76177E+04  -1.89924E+04  -2.66769E+04  -6.14422E+04  -1.36821E+05
   1.65620E-02   4.16461E-03   9.22542E-01   1.55414E-03   5.51768E-02   4.75794E+04  -1.89916E+04  -2.66755E+04  -6.14349E+04  -1.36833E+05
   1.64620E-02   4.16503E-03   9.22636E-01   1.55430E-03   5.51824E-02   4.75409E+04  -1.89909E+04  -2.66741E+04  -6.14277E+04  -1.36845E+05
   1.63620E-02   4.16546E-03   9.22730E-01   1.55445E-03   5.51880E-02   4.75021E+04  -1.89901E+04  -2.66727E+04  -6.14204E+04  -1.36856E+05
   1.62620E-02   4.16588E-03   9.22824E-01   1.55461E-03   5.51936E-02   4.74632E+04  -1.89893E+04  -2.66714E+04  -6.14131E+04  -1.36868E+05
   1.61620E-02   4.16630E-03   9.22918E-01   1.55477E-03   5.51992E-02   4.74240E+04  -1.89885E+04  -2.66700E+04  -6.14059E+04  -1.36880E+05
   1.60620E-02   4.16673E-03   9.23012E-01   1.55493E-03   5.52048E-02   4.73846E+04  -1.89877E+04  -2.66686E+04  -6.13986E+04  -1.36891E+05
   1.59620E-02   4.16715E-03   9.23105E-01   1.55509E-03   5.52104E-02   4.73450E+04  -1.89869E+04  -2.66673E+04  -6.13914E+04  -1.36903E+05
   1.58620E-02   4.16757E-03   9.23199E-01   1.55524E-03   5.52160E-02   4.73051E+04  -1.89862E+04  -2.66659E+04  -6.13841E+04  -1.36915E+05
   1.57620E-02   4.16800E-03   9.23293E-01   1.55540E-03   5.52217E-02   4.72650E+04  -1.89854E+04  -2.66645E+04  -6.13769E+04  -1.36927E+05
   1.56620E-02   4.16842E-03   9.23387E-01   1.55556E-03   5.52273E-02   4.72246E+04  -1.89846E+04  -2.66631E+04  -6.13696E+04  -1.36938E+05
   1.55620E-02   4.16884E-03   9.23481E-01   1.55572E-03   5.52329E-02   4.71840E+04  -1.89838E+04  -2.66618E+04  -6.13624E+04  -1.36950E+05
   1.54620E-02   4.16927E-03   9.23574E-01   1.55588E-03   5.52385E-02   4.71431E+04  -1.89830E+04  -2.66604E+04  -6.13552E+04  -1.36962E+05
   1.53620E-02   4.16969E-03   9.23668E-01   1.55603E-03   5.52441E-02   4.71020E+04  -1.89823E+04  -2.66590E+04  -6.13479E+04  -1.36973E+05
   1.52620E-02   4.17011E-03   9.23762E-01   1.55619E-03   5.52497E-02   4.70607E+04  -1.89815E+04  -2.66577E+04  -6.13407E+04  -1.36985E+05
   1.51620E-02   4.17054E-03   9.23856E-01   1.55635E-03   5.52553E-02   4.70191E+04  -1.89807E+04  -2.66563E+04  -6.13335E+04  -1.36997E+05
   1.50620E-02   4.17096E-03   9.23950E-01   1.55651E-03   5.52609E-02   4.69772E+04  -1.89799E+04  -2.66549E+04  -6.13262E+04  -1.37008E+05
   1.49620E-02   4.17138E-03   9.24043E-01   1.55667E-03   5.52665E-02   4.69350E+04  -1.89792E+04  -2.66536E+04  -6.13190E+04  -1.37020E+05
   1.48620E-02   4.17181E-03   9.24137E-01   1.55682E-03   5.52721E-02   4.68926E+04  -1.89784E+04  -2.66522E+04  -6.13118E+04  -1.37032E+05
   1.47620E-02   4.17223E-03   9.24231E-01   1.55698E-03   5.52778E-02   4.68499E+04  -1.89776E+04  -2.66508E+04  -6.13045E+04  -1.37043E+05
   1.46620E-02   4.17265E-03   9.24325E-01   1.55714E-03   5.52834E-02   4.68070E+04  -1.89769E+04  -2.66495E+04  -6.12973E+04  -1.37055E+05
   1.45620E-02   4.17308E-03   9.24419E-01   1.55730E-03   5.52890E-02   4.67638E+04  -1.89761E+04  -2.66481E+04  -6.12901E+04  -1.37067E+05
   1.44620E-02   4.17350E-03   9.24512E-01   1.55746E-03   5.52946E-02   4.67202E+04  -1.89753E+04  -2.66467E+04  -6.12829E+04  -1.37078E+05
   1.43620E-02   4.17393E-03   9.24606E-01   1.55761E-03   5.53002E-02   4.66764E+04  -1.89745E+04  -2.66454E+04  -6.12756E+04  -1.37090E+05
   1.42620E-02   4.17435E-03   9.24700E-01   1.55777E-03   5.53058E-02   4.66323E+04  -1.89738E+04  -2.66440E+04  -6.12684E+04  -1.37102E+05
   1.41620E-02   4.17477E-03   9.24794E-01   1.55793E-03   5.53114E-02   4.65879E+04  -1.89730E+04  -2.66426E+04  -6.12612E+04  -1.37113E+05
   1.40620E-02   4.17520E-03   9.24888E-01   1.55809E-03   5.53170E-02   4.65432E+04  -1.89722E+04  -2.66413E+04  -6.12540E+04  -1.37125E+05
   1.39620E-02   4.17562E-03   9.24981E-01   1.55825E-03   5.53226E-02   4.64982E+04  -1.89715E+04  -2.66399E+04  -6.12468E+04  -1.37137E+05
   1.38620E-02   4.17604E-03   9.25075E-01   1.55840E-03   5.53283E-02   4.64529E+04  -1.89707E+04  -2.66385E+04  -6.12395E+04  -1.37148E+05
   1.37620E-02   4.17647E-03   9.25169E-01   1.55856E-03   5.53339E-02   4.64073E+04  -1.89699E+04  -2.66372E+04  -6.12323E+04  -1.37160E+05
   1.36620E-02   4.17689E-03   9.25263E-01   1.55872E-03   5.53395E-02   4.63614E+04  -1.89692E+04  -2.66358E+04  -6.12251E+04  -1.37172E+05
   1.35620E-02   4.17731E-03   9.25357E-01   1.55888E-03   5.53451E-02   4.63151E+04  -1.89684E+04  -2.66345E+04  -6.12179E+04  -1.37183E+05
   1.34620E-02   4.17774E-03   9.25451E-01   1.55904E-03   5.53507E-02   4.62686E+04  -1.89677E+04  -2.66331E+04  -6.12107E+04  -1.37195E+05
   1.33620E-02   4.17816E-03   9.25544E-01   1.55919E-03   5.53563E-02   4.62216E+04  -1.89669E+04  -2.66317E+04  -6.12035E+04  -1.37207E+05
   1.32620E-02   4.17858E-03   9.25638E-01   1.55935E-03   5.53619E-02   4.61744E+04  -1.89661E+04  -2.66304E+04  -6.11963E+04  -1.37218E+05
   1.31620E-02   4.17901E-03   9.25732E-01   1.55951E-03   5.53675E-02   4.61268E+04  -1.89654E+04  -2.66290E+04  -6.11891E+04  -1.37230E+05
   1.30620E-02   4.17943E-03   9.25826E-01   1.55967E-03   5.53731E-02   4.60789E+04  -1.89646E+04  -2.66276E+04  -6.11819E+04  -1.37242E+05
   1.29620E-02   4.17985E-03   9.25920E-01   1.55983E-03   5.53788E-02   4.60306E+04  -1.89638E+04  -2.66263E+04  -6.11747E+04  -1.37253E+05
   1.28620E-02   4.18028E-03   9.26013E-01   1.55998E-03   5.53844E-02   4.59819E+04  -1.89631E+04  -2.66249E+04  -6.11675E+04  -1.37265E+05
   1.27620E-02   4.18070E-03   9.26107E-01   1.56014E-03   5.53900E-02   4.59329E+04  -1.89623E+04  -2.66236E+04  -6.11603E+04  -1.37277E+05
   1.26620E-02   4.18112E-03   9.26201E-01   1.56030E-03   5.53956E-02   4.58835E+04  -1.89616E+04  -2.66222E+04  -6.11531E+04  -1.37288E+05
   1.25620E-02   4.18155E-03   9.26295E-01   1.56046E-03   5.54012E-02   4.58338E+04  -1.89608E+04  -2.66209E+04  -6.11459E+04  -1.37300E+05
   1.24620E-02   4.18197E-03   9.26389E-01   1.56062E-03   5.54068E-02   4.57836E+04  -1.89601E+04  -2.66195E+04  -6.11387E+04  -1.37311E+05
   1.23620E-02   4.18239E-03   9.26482E-01   1.56077E-03   5.54124E-02   4.57331E+04  -1.89593E+04  -2.66181E+04  -6.11316E+04  -1.37323E+05
   1.22620E-02   4.18282E-03   9.26576E-01   1.56093E-03   5.54180E-02   4.56822E+04  -1.89586E+04  -2.66168E+04  -6.11244E+04  -1.37335E+05
   1.21620E-02   4.18324E-03   9.26670E-01   1.56109E-03   5.54236E-02   4.56309E+04  -1.89578E+04  -2.66154E+04  -6.11172E+04  -1.37346E+05
   1.20620E-02   4.18367E-03   9.26764E-01   1.56125E-03   5.54292E-02   4.55792E+04  -1.89570E+04  -2.66141E+04  -6.11100E+04  -1.37358E+05
   1.19620E-02   4.18409E-03   9.26858E-01   1.56141E-03   5.54349E-02   4.55270E+04  -1.89563E+04  -2.66127E+04  -6.11028E+04  -1.37370E+05
   1.18620E-02   4.18451E-03   9.26951E-01   1.56156E-03   5.54405E-02   4.54745E+04  -1.89555E+04  -2.66114E+04  -6.10957E+04  -1.37381E+05
   1.17620E-02   4.18494E-03   9.27045E-01   1.56172E-03   5.54461E-02   4.54215E+04  -1.89548E+04  -2.66100E+04  -6.10885E+04  -1.37393E+05
   1.16620E-02   4.18536E-03   9.27139E-01   1.56188E-03   5.54517E-02   4.53681E+04  -1.89540E+04  -2.66087E+04  -6.10813E+04  -1.37404E+05
   1.15620E-02   4.18578E-03   9.27233E-01   1.56204E-03   5.54573E-02   4.53142E+04  -1.89533E+04  -2.66073E+04  -6.10741E+04  -1.37416E+05
   1.14620E-02   4.18621E-03   9.27327E-01   1.56220E-03   5.54629E-02   4.52599E+04  -1.89525E+04  -2.66060E+04  -6.10670E+04  -1.37428E+05
   1.13620E-02   4.18663E-03   9.27420E-01   1.56235E-03   5.54685E-02   4.52052E+04  -1.89518E+04  -2.66046E+04  -6.10598E+04  -1.37439E+05
   1.12620E-02   4.18705E-03   9.27514E-01   1.56251E-03   5.54741E-02   4.51499E+04  -1.89510E+04  -2.66032E+04  -6.10526E+04  -1.37451E+05
   1.11620E-02   4.18748E-03   9.27608E-01   1.56267E-03   5.54797E-02   4.50942E+04  -1.89503E+04  -2.66019E+04  -6.10455E+04  -1.37462E+05
   1.10620E-02   4.18790E-03   9.27702E-01   1.56283E-03   5.54854E-02   4.50380E+04  -1.89496E+04  -2.66005E+04  -6.10383E+04  -1.37474E+05
   1.09620E-02   4.18832E-03   9.27796E-01   1.56299E-03   5.54910E-02   4.49814E+04  -1.89488E+04  -2.65992E+04  -6.10311E+04  -1.37486E+05
   1.08620E-02   4.18875E-03   9.27890E-01   1.56314E-03   5.54966E-02   4.49242E+04  -1.89481E+04  -2.65978E+04  -6.10240E+04  -1.37497E+05
   1.07620E-02   4.18917E-03   9.27983E-01   1.56330E-03   5.55022E-02   4.48665E+04  -1.89473E+04  -2.65965E+04  -6.10168E+04  -1.37509E+05
   1.06620E-02   4.18959E-03   9.28077E-01   1.56346E-03   5.55078E-02   4.48083E+04  -1.89466E+04  -2.65951E+04  -6.10097E+04  -1.37520E+05
   1.05620E-02   4.19002E-03   9.28171E-01   1.56362E-03   5.55134E-02   4.47496E+04  -1.89458E+04  -2.65938E+04  -6.10025E+04  -1.37532E+05
   1.04620E-02   4.19044E-03   9.28265E-01   1.56378E-03   5.55190E-02   4.46903E+04  -1.89451E+04  -2.65924E+04  -6.09953E+04  -1.37544E+05
   1.03620E-02   4.19086E-03   9.28359E-01   1.56393E-03   5.55246E-02   4.46305E+04  -1.89444E+04  -2.65911E+04  -6.09882E+04  -1.37555E+05
   1.02620E-02   4.19129E-03   9.28452E-01   1.56409E-03   5.55302E-02   4.45701E+04  -1.89436E+04  -2.65897E+04  -6.09810E+04  -1.37567E+05
   1.01620E-02   4.19171E-03   9.28546E-01   1.56425E-03   5.55358E-02   4.45091E+04  -1.89429E+04  -2.65884E+04  -6.09739E+04  -1.37578E+05
   1.00620E-02   4.19213E-03   9.28640E-01   1.56441E-03   5.55415E-02   4.44476E+04  -1.89421E+04  -2.65871E+04  -6.09667E+04  -1.37590E+05
   9.96201E-03   4.19256E-03   9.28734E-01   1.56457E-03   5.55471E-02   4.43855E+04  -1.89414E+04  -2.65857E+04  -6.09596E+04  -1.37602E+05
   9.86201E-03   4.19298E-03   9.28828E-01   1.56473E-03   5.55527E-02   4.43228E+04  -1.89407E+04  -2.65844E+04  -6.09525E+04  -1.37613E+05
   9.76201E-03   4.19341E-03   9.28921E-01   1.56488E-03   5.55583E-02   4.42594E+04  -1.89399E+04  -2.65830E+04  -6.09453E+04  -1.37625E+05
   9.66201E-03   4.19383E-03   9.29015E-01   1.56504E-03   5.55639E-02   4.41954E+04  -1.89392E+04  -2.65817E+04  -6.09382E+04  -1.37636E+05
   9.56201E-03   4.19425E-03   9.29109E-01   1.56520E-03   5.55695E-02   4.41308E+04  -1.89385E+04  -2.65803E+04  -6.09310E+04  -1.37648E+05
   9.46201E-03   4.19468E-03   9.29203E-01   1.56536E-03   5.55751E-02   4.40655E+04  -1.89377E+04  -2.65790E+04  -6.09239E+04  -1.37659E+05
   9.36201E-03   4.19510E-03   9.29297E-01   1.56552E-03   5.55807E-02   4.39996E+04  -1.89370E+04  -2.65776E+04  -6.09168E+04  -1.37671E+05
   9.26201E-03   4.19552E-03   9.29390E-01   1.56567E-03   5.55863E-02   4.39329E+04  -1.89363E+04  -2.65763E+04  -6.09096E+04  -1.37683E+05
   9.16201E-03   4.19595E-03   9.29484E-01   1.56583E-03   5.55920E-02   4.38656E+04  -1.89355E+04  -2.65749E+04  -6.09025E+04  -1.37694E+05
   9.06201E-03   4.19637E-03   9.29578E-01   1.56599E-03   5.55976E-02   4.37975E+04  -1.89348E+04  -2.65736E+04  -6.08954E+04  -1.37706E+05
   8.96201E-03   4.19679E-03   9.29672E-01   1.56615E-03   5.56032E-02   4.37288E+04  -1.89341E+04  -2.65723E+04  -6.08882E+04  -1.37717E+05
   8.86201E-03   4.19722E-03   9.29766E-01   1.56631E-03   5.56088E-02   4.36592E+04  -1.89333E+04  -2.65709E+04  -6.08811E+04  -1.37729E+05
   8.76201E-03   4.19764E-03   9.29859E-01   1.56646E-03   5.56144E-02   4.35889E+04  -1.89326E+04  -2.65696E+04  -6.08740E+04  -1.37740E+05
   8.66201E-03   4.19806E-03   9.29953E-01   1.56662E-03   5.56200E-02   4.35178E+04  -1.89319E+04  -2.65682E+04  -6.08669E+04  -1.37752E+05
   8.56201E-03   4.19849E-03   9.30047E-01   1.56678E-03   5.56256E-02   4.34460E+04  -1.89311E+04  -2.65669E+04  -6.08597E+04  -1.37763E+05
   8.46201E-03   4.19891E-03   9.30141E-01   1.56694E-03   5.56312E-02   4.33732E+04  -1.89304E+04  -2.65655E+04  -6.08526E+04  -1.37775E+05
   8.36201E-03   4.19933E-03   9.30235E-01   1.56710E-03   5.56368E-02   4.32997E+04  -1.89297E+04  -2.65642E+04  -6.08455E+04  -1.37786E+05
   8.26201E-03   4.19976E-03   9.30329E-01   1.56725E-03   5.56424E-02   4.32253E+04  -1.89290E+04  -2.65629E+04  -6.08384E+04  -1.37798E+05
   8.16201E-03   4.20018E-03   9.30422E-01   1.56741E-03   5.56481E-02   4.31500E+04  -1.89282E+04  -2.65615E+04  -6.08313E+04  -1.37810E+05
   8.06201E-03   4.20060E-03   9.30516E-01   1.56757E-03   5.56537E-02   4.30738E+04  -1.89275E+04  -2.65602E+04  -6.08242E+04  -1.37821E+05
   7.96201E-03   4.20103E-03   9.30610E-01   1.56773E-03   5.56593E-02   4.29967E+04  -1.89268E+04  -2.65589E+04  -6.08170E+04  -1.37833E+05
   7.86201E-03   4.20145E-03   9.30704E-01   1.56789E-03   5.56649E-02   4.29187E+04  -1.89261E+04  -2.65575E+04  -6.08099E+04  -1.37844E+05
   7.76201E-03   4.20187E-03   9.30798E-01   1.56804E-03   5.56705E-02   4.28396E+04  -1.89253E+04  -2.65562E+04  -6.08028E+04  -1.37856E+05
   7.66201E-03   4.20230E-03   9.30891E-01   1.56820E-03   5.56761E-02   4.27596E+04  -1.89246E+04  -2.65548E+04  -6.07957E+04  -1.37867E+05
   7.56201E-03   4.20272E-03   9.30985E-01   1.56836E-03   5.56817E-02   4.26786E+04  -1.89239E+04  -2.65535E+04  -6.07886E+04  -1.37879E+05
   7.46201E-03   4.20315E-03   9.31079E-01   1.56852E-03   5.56873E-02   4.25965E+04  -1.89232E+04  -2.65522E+04  -6.07815E+04  -1.37890E+05
   7.36201E-03   4.20357E-03   9.31173E-01   1.56868E-03   5.56929E-02   4.25133E+04  -1.89225E+04  -2.65508E+04  -6.07744E+04  -1.37902E+05
   7.26201E-03   4.20399E-03   9.31267E-01   1.56883E-03   5.56986E-02   4.24290E+04  -1.89217E+04  -2.65495E+04  -6.07673E+04  -1.37913E+05
   7.16201E-03   4.20442E-03   9.31360E-01   1.56899E-03   5.57042E-02   4.23435E+04  -1.89210E+04  -2.65482E+04  -6.07602E+04  -1.37925E+05
   7.06201E-03   4.20484E-03   9.31454E-01   1.56915E-03   5.57098E-02   4.22569E+04  -1.89203E+04  -2.65468E+04  -6.07531E+04  -1.37936E+05
   6.96201E-03   4.20526E-03   9.31548E-01   1.56931E-03   5.57154E-02   4.21691E+04  -1.89196E+04  -2.65455E+04  -6.07460E+04  -1.37948E+05
   6.86201E-03   4.20569E-03   9.31642E-01   1.56947E-03   5.57210E-02   4.20801E+04  -1.89189E+04  -2.65442E+04  -6.07389E+04  -1.37959E+05
   6.76201E-03   4.20611E-03   9.31736E-01   1.56962E-03   5.57266E-02   4.19898E+04  -1.89182E+04  -2.65428E+04  -6.07319E+04  -1.37971E+05
   6.66201E-03   4.20653E-03   9.31829E-01   1.56978E-03   5.57322E-02   4.18981E+04  -1.89174E+04  -2.65415E+04  -6.07248E+04  -1.37982E+05
   6.56201E-03   4.20696E-03   9.31923E-01   1.56994E-03   5.57378E-02   4.18051E+04  -1.89167E+04  -2.65402E+04  -6.07177E+04  -1.37994E+05
   6.46201E-03   4.20738E-03   9.32017E-01   1.57010E-03   5.57434E-02   4.17107E+04  -1.89160E+04  -2.65388E+04  -6.07106E+04  -1.38005E+05
   6.36201E-03   4.20780E-03   9.32111E-01   1.57026E-03   5.57490E-02   4.16149E+04  -1.89153E+04  -2.65375E+04  -6.07035E+04  -1.38017E+05
   6.26201E-03   4.20823E-03   9.32205E-01   1.57041E-03   5.57547E-02   4.15176E+04  -1.89146E+04  -2.65362E+04  -6.06964E+04  -1.38028E+05
   6.16201E-03   4.20865E-03   9.32298E-01   1.57057E-03   5.57603E-02   4.14187E+04  -1.89139E+04  -2.65348E+04  -6.06893E+04  -1.38040E+05
   6.06201E-03   4.20907E-03   9.32392E-01   1.57073E-03   5.57659E-02   4.13183E+04  -1.89132E+04  -2.65335E+04  -6.06823E+04  -1.38051E+05
   5.96201E-03   4.20950E-03   9.32486E-01   1.57089E-03   5.57715E-02   4.12162E+04  -1.89125E+04  -2.65322E+04  -6.06752E+04  -1.38063E+05
   5.86201E-03   4.20992E-03   9.32580E-01   1.57105E-03   5.57771E-02   4.11125E+04  -1.89117E+04  -2.65308E+04  -6.06681E+04  -1.38074E+05
   5.76201E-03   4.21034E-03   9.32674E-01   1.57120E-03   5.57827E-02   4.10070E+04  -1.89110E+04  -2.65295E+04  -6.06610E+04  -1.38086E+05
   5.66201E-03   4.21077E-03   9.32768E-01   1.57136E-03   5.57883E-02   4.08996E+04  -1.89103E+04  -2.65282E+04  -6.06540E+04  -1.38097E+05
   5.56201E-03   4.21119E-03   9.32861E-01   1.57152E-03   5.57939E-02   4.07904E+04  -1.89096E+04  -2.65268E+04  -6.06469E+04  -1.38109E+05
   5.46201E-03   4.21161E-03   9.32955E-01   1.57168E-03   5.57995E-02   4.06793E+04  -1.89089E+04  -2.65255E+04  -6.06398E+04  -1.38120E+05
   5.36201E-03   4.21204E-03   9.33049E-01   1.57184E-03   5.58052E-02   4.05661E+04  -1.89082E+04  -2.65242E+04  -6.06328E+04  -1.38132E+05
   5.26201E-03   4.21246E-03   9.33143E-01   1.57199E-03   5.58108E-02   4.04509E+04  -1.89075E+04  -2.65229E+04  -6.06257E+04  -1.38143E+05
   5.16201E-03   4.21289E-03   9.33237E-01   1.57215E-03   5.58164E-02   4.03335E+04  -1.89068E+04  -2.65215E+04  -6.06186E+04  -1.38155E+05
   5.06201E-03   4.21331E-03   9.33330E-01   1.57231E-03   5.58220E-02   4.02138E+04  -1.89061E+04  -2.65202E+04  -6.06116E+04  -1.38166E+05
   4.96201E-03   4.21373E-03   9.33424E-01   1.57247E-03   5.58276E-02   4.00918E+04  -1.89054E+04  -2.65189E+04  -6.06045E+04  -1.38178E+05
   4.86201E-03   4.21416E-03   9.33518E-01   1.57263E-03   5.58332E-02   3.99673E+04  -1.89047E+04  -2.65176E+04  -6.05975E+04  -1.38189E+05
   4.76201E-03   4.21458E-03   9.33612E-01   1.57278E-03   5.58388E-02   3.98403E+04  -1.89040E+04  -2.65162E+04  -6.05904E+04  -1.38201E+05
   4.66201E-03   4.21500E-03   9.33706E-01   1.57294E-03   5.58444E-02   3.97106E+04  -1.89033E+04  -2.65149E+04  -6.05833E+04  -1.38212E+05
   4.56201E-03   4.21543E-03   9.33799E-01   1.57310E-03   5.58500E-02   3.95782E+04  -1.89026E+04  -2.65136E+04  -6.05763E+04  -1.38224E+05
   4.46201E-03   4.21585E-03   9.33893E-01   1.57326E-03   5.58557E-02   3.94429E+04  -1.89019E+04  -2.65123E+04  -6.05692E+04  -1.38235E+05
   4.36201E-03   4.21627E-03   9.33987E-01   1.57342E-03   5.58613E-02   3.93046E+04  -1.89012E+04  -2.65109E+04  -6.05622E+04  -1.38247E+05
   4.26201E-03   4.21670E-03   9.34081E-01   1.57357E-03   5.58669E-02   3.91631E+04  -1.89005E+04  -2.65096E+04  -6.05551E+04  -1.38258E+05
   4.16201E-03   4.21712E-03   9.34175E-01   1.57373E-03   5.58725E-02   3.90183E+04  -1.88998E+04  -2.65083E+04  -6.05481E+04  -1.38270E+05
   4.06201E-03   4.21754E-03   9.34268E-01   1.57389E-03   5.58781E-02   3.88700E+04  -1.88991E+04  -2.65070E+04  -6.05410E+04  -1.38281E+05
   3.96201E-03   4.21797E-03   9.34362E-01   1.57405E-03   5.58837E-02   3.87181E+04  -1.88984E+04  -2.65056E+04  -6.05340E+04  -1.38292E+05
   3.86201E-03   4.21839E-03   9.34456E-01   1.57421E-03   5.58893E-02   3.85623E+04  -1.88977E+04  -2.65043E+04  -6.05270E+04  -1.38304E+05
   3.76201E-03   4.21881E-03   9.34550E-01   1.57437E-03   5.58949E-02   3.84025E+04  -1.88970E+04  -2.65030E+04  -6.05199E+04  -1.38315E+05
   3.66201E-03   4.21924E-03   9.34644E-01   1.57452E-03   5.59005E-02   3.82385E+04  -1.88963E+04  -2.65017E+04  -6.05129E+04  -1.38327E+05
   3.56201E-03   4.21966E-03   9.34737E-01   1.57468E-03   5.59061E-02   3.80700E+04  -1.88956E+04  -2.65004E+04  -6.05058E+04  -1.38338E+05
   3.46201E-03   4.22008E-03   9.34831E-01   1.57484E-03   5.59118E-02   3.78967E+04  -1.88949E+04  -2.64990E+04  -6.04988E+04  -1.38350E+05
   3.36201E-03   4.22051E-03   9.34925E-01   1.57500E-03   5.59174E-02   3.77184E+04  -1.88942E+04  -2.64977E+04  -6.04918E+04  -1.38361E+05
   3.26201E-03   4.22093E-03   9.35019E-01   1.57516E-03   5.59230E-02   3.75348E+04  -1.88935E+04  -2.64964E+04  -6.04847E+04  -1.38373E+05
   3.16201E-03   4.22135E-03   9.35113E-01   1.57531E-03   5.59286E-02   3.73456E+04  -1.88928E+04  -2.64951E+04  -6.04777E+04  -1.38384E+05
   3.06201E-03   4.22178E-03   9.35207E-01   1.57547E-03   5.59342E-02   3.71503E+04  -1.88922E+04  -2.64938E+04  -6.04707E+04  -1.38395E+05
   2.96201E-03   4.22220E-03   9.35300E-01   1.57563E-03   5.59398E-02   3.69486E+04  -1.88915E+04  -2.64924E+04  -6.04637E+04  -1.38407E+05
   2.86201E-03   4.22262E-03   9.35394E-01   1.57579E-03   5.59454E-02   3.67401E+04  -1.88908E+04  -2.64911E+04  -6.04566E+04  -1.38418E+05
   2.76201E-03   4.22305E-03   9.35488E-01   1.57595E-03   5.59510E-02   3.65242E+04  -1.88901E+04  -2.64898E+04  -6.04496E+04  -1.38430E+05
   2.66201E-03   4.22347E-03   9.35582E-01   1.57610E-03   5.59566E-02   3.63004E+04  -1.88894E+04  -2.64885E+04  -6.04426E+04  -1.38441E+05
   2.56201E-03   4.22390E-03   9.35676E-01   1.57626E-03   5.59623E-02   3.60682E+04  -1.88887E+04  -2.64872E+04  -6.04356E+04  -1.38453E+05
   2.46201E-03   4.22432E-03   9.35769E-01   1.57642E-03   5.59679E-02   3.58267E+04  -1.88880E+04  -2.64858E+04  -6.04286E+04  -1.38464E+05
   2.36201E-03   4.22474E-03   9.35863E-01   1.57658E-03   5.59735E-02   3.55754E+04  -1.88873E+04  -2.64845E+04  -6.04215E+04  -1.38475E+05
   2.26201E-03   4.22517E-03   9.35957E-01   1.57674E-03   5.59791E-02   3.53132E+04  -1.88867E+04  -2.64832E+04  -6.04145E+04  -1.38487E+05
   2.16201E-03   4.22559E-03   9.36051E-01   1.57689E-03   5.59847E-02   3.50393E+04  -1.88860E+04  -2.64819E+04  -6.04075E+04  -1.38498E+05
   2.06201E-03   4.22601E-03   9.36145E-01   1.57705E-03   5.59903E-02   3.47525E+04  -1.88853E+04  -2.64806E+04  -6.04005E+04  -1.38510E+05
   1.96201E-03   4.22644E-03   9.36238E-01   1.57721E-03   5.59959E-02   3.44516E+04  -1.88846E+04  -2.64793E+04  -6.03935E+04  -1.38521E+05
   1.86201E-03   4.22686E-03   9.36332E-01   1.57737E-03   5.60015E-02   3.41350E+04  -1.88839E+04  -2.64780E+04  -6.03865E+04  -1.38533E+05
   1.76201E-03   4.22728E-03   9.36426E-01   1.57753E-03   5.60071E-02   3.38011E+04  -1.88832E+04  -2.64766E+04  -6.03795E+04  -1.38544E+05
   1.66201E-03   4.22771E-03   9.36520E-01   1.57768E-03   5.60127E-02   3.34477E+04  -1.88826E+04  -2.64753E+04  -6.03725E+04  -1.38555E+05
   1.56201E-03   4.22813E-03   9.36614E-01   1.57784E-03   5.60184E-02   3.30726E+04  -1.88819E+04  -2.64740E+04  -6.03655E+04  -1.38567E+05
   1.46201E-03   4.22855E-03   9.36707E-01   1.57800E-03   5.60240E-02   3.26727E+04  -1.88812E+04  -2.64727E+04  -6.03585E+04  -1.38578E+05
   1.36201E-03   4.22898E-03   9.36801E-01   1.57816E-03   5.60296E-02   3.22447E+04  -1.88805E+04  -2.64714E+04  -6.03515E+04  -1.38590E+05
   1.26201E-03   4.22940E-03   9.36895E-01   1.57832E-03   5.60352E-02   3.17841E+04  -1.88798E+04  -2.64701E+04  -6.03445E+04  -1.38601E+05
   1.16201E-03   4.22982E-03   9.36989E-01   1.57847E-03   5.60408E-02   3.12857E+04  -1.88792E+04  -2.64688E+04  -6.03375E+04  -1.38612E+05
   1.06201E-03   4.23025E-03   9.37083E-01   1.57863E-03   5.60464E-02   3.07426E+04  -1.88785E+04  -2.64675E+04  -6.03305E+04  -1.38624E+05
   9.62012E-04   4.23067E-03   9.37177E-01   1.57879E-03   5.60520E-02   3.01460E+04  -1.88778E+04  -2.64661E+04  -6.03235E+04  -1.38635E+05
   8.62012E-04   4.23109E-03   9.37270E-01   1.57895E-03   5.60576E-02   2.94840E+04  -1.88771E+04  -2.64648E+04  -6.03165E+04  -1.38647E+05
   7.62012E-04   4.23152E-03   9.37364E-01   1.57911E-03   5.60632E-02   2.87406E+04  -1.88765E+04  -2.64635E+04  -6.03095E+04  -1.38658E+05
   6.62012E-04   4.23194E-03   9.37458E-01   1.57926E-03   5.60689E-02   2.78927E+04  -1.88758E+04  -2.64622E+04  -6.03025E+04  -1.38669E+05
   5.62012E-04   4.23236E-03   9.37552E-01   1.57942E-03   5.60745E-02   2.69060E+04  -1.88751E+04  -2.64609E+04  -6.02955E+04  -1.38681E+05
   4.62012E-04   4.23279E-03   9.37646E-01   1.57958E-03   5.60801E-02   2.57259E+04  -1.88744E+04  -2.64596E+04  -6.02885E+04  -1.38692E+05
   3.62012E-04   4.23321E-03   9.37739E-01   1.57974E-03   5.60857E-02   2.42573E+04  -1.88738E+04  -2.64583E+04  -6.02816E+04  -1.38704E+05
   2.62012E-04   4.23364E-03   9.37833E-01   1.57990E-03   5.60913E-02   2.23115E+04  -1.88731E+04  -2.64570E+04  -6.02746E+04  -1.38715E+05
   1.62012E-04   4.23406E-03   9.37927E-01   1.58005E-03   5.60969E-02   1.94190E+04  -1.88724E+04  -2.64557E+04  -6.02676E+04  -1.38726E+05
   6.20121E-05   4.23448E-03   9.38021E-01   1.58021E-03   5.61025E-02   1.36428E+04  -1.88718E+04  -2.64544E+04  -6.02606E+04  -1.38738E+05
   1.00000E-06   4.23474E-03   9.38078E-01   1.58031E-03   5.61059E-02  -1.11746E+04  -1.88713E+04  -2.64536E+04  -6.02564E+04  -1.38745E+05

 Phase Region for:
     FCC_A1#2                      
 col-1=X(C), col-2=X(CU), col-3=X(FE), col-4=X(MN), col-5=X(SI), col-6=MU(C), col-7=MU(CU), col-8=MU(FE), col-9=MU(MN), col-10=MU(SI),
   9.72763E-03   9.89270E-01   8.08355E-05   9.21812E-04   5.35245E-10   2.10745E+05  -2.95267E+04  -3.71092E+04  -7.09141E+04  -1.49396E+05
   9.82763E-03   9.89165E-01   8.13427E-05   9.26078E-04   5.37385E-10   2.10782E+05  -2.95271E+04  -3.71096E+04  -7.09144E+04  -1.49396E+05
   9.92763E-03   9.89060E-01   8.18532E-05   9.30364E-04   5.39534E-10   2.10818E+05  -2.95275E+04  -3.71099E+04  -7.09148E+04  -1.49396E+05
   9.99900E-03   9.88985E-01   8.22195E-05   9.33436E-04   5.41072E-10   2.10843E+05  -2.95277E+04  -3.71102E+04  -7.09151E+04  -1.49397E+05

 Phase Region for:
     FCC_A1#2                      
 col-1=X(C), col-2=X(CU), col-3=X(FE), col-4=X(MN), col-5=X(SI), col-6=MU(C), col-7=MU(CU), col-8=MU(FE), col-9=MU(MN), col-10=MU(SI),
   9.72763E-03   9.89270E-01   8.08355E-05   9.21812E-04   5.35245E-10   2.10745E+05  -2.95267E+04  -3.71092E+04  -7.09141E+04  -1.49396E+05
   9.62763E-03   9.89374E-01   8.03315E-05   9.17565E-04   5.33115E-10   2.10707E+05  -2.95264E+04  -3.71088E+04  -7.09137E+04  -1.49395E+05
   9.52763E-03   9.89479E-01   7.98308E-05   9.13338E-04   5.30993E-10   2.10669E+05  -2.95260E+04  -3.71085E+04  -7.09133E+04  -1.49395E+05
   9.42763E-03   9.89584E-01   7.93332E-05   9.09131E-04   5.28880E-10   2.10630E+05  -2.95256E+04  -3.71081E+04  -7.09130E+04  -1.49394E+05
   9.32763E-03   9.89689E-01   7.88388E-05   9.04944E-04   5.26775E-10   2.10591E+05  -2.95252E+04  -3.71077E+04  -7.09126E+04  -1.49394E+05
   9.22763E-03   9.89793E-01   7.83475E-05   9.00776E-04   5.24680E-10   2.10551E+05  -2.95249E+04  -3.71073E+04  -7.09122E+04  -1.49394E+05
   9.12763E-03   9.89898E-01   7.78594E-05   8.96628E-04   5.22593E-10   2.10510E+05  -2.95245E+04  -3.71070E+04  -7.09118E+04  -1.49393E+05
   9.02763E-03   9.90002E-01   7.73744E-05   8.92499E-04   5.20515E-10   2.10468E+05  -2.95241E+04  -3.71066E+04  -7.09115E+04  -1.49393E+05
   8.92763E-03   9.90107E-01   7.68924E-05   8.88390E-04   5.18445E-10   2.10426E+05  -2.95237E+04  -3.71062E+04  -7.09111E+04  -1.49393E+05
   8.82763E-03   9.90212E-01   7.64136E-05   8.84299E-04   5.16384E-10   2.10382E+05  -2.95233E+04  -3.71058E+04  -7.09107E+04  -1.49392E+05
   8.72763E-03   9.90316E-01   7.59378E-05   8.80228E-04   5.14331E-10   2.10338E+05  -2.95229E+04  -3.71054E+04  -7.09103E+04  -1.49392E+05
   8.62763E-03   9.90421E-01   7.54650E-05   8.76175E-04   5.12287E-10   2.10294E+05  -2.95226E+04  -3.71050E+04  -7.09099E+04  -1.49391E+05
   8.52763E-03   9.90525E-01   7.49952E-05   8.72142E-04   5.10252E-10   2.10248E+05  -2.95222E+04  -3.71046E+04  -7.09095E+04  -1.49391E+05
   8.42763E-03   9.90630E-01   7.45284E-05   8.68127E-04   5.08225E-10   2.10202E+05  -2.95218E+04  -3.71042E+04  -7.09091E+04  -1.49391E+05
   8.32763E-03   9.90734E-01   7.40646E-05   8.64131E-04   5.06206E-10   2.10154E+05  -2.95214E+04  -3.71038E+04  -7.09087E+04  -1.49390E+05
   8.22763E-03   9.90839E-01   7.36037E-05   8.60154E-04   5.04195E-10   2.10106E+05  -2.95210E+04  -3.71034E+04  -7.09083E+04  -1.49390E+05
   8.12763E-03   9.90943E-01   7.31458E-05   8.56196E-04   5.02193E-10   2.10057E+05  -2.95206E+04  -3.71030E+04  -7.09079E+04  -1.49389E+05
   8.02763E-03   9.91047E-01   7.26907E-05   8.52255E-04   5.00199E-10   2.10007E+05  -2.95202E+04  -3.71026E+04  -7.09075E+04  -1.49389E+05
   7.92763E-03   9.91152E-01   7.22386E-05   8.48333E-04   4.98214E-10   2.09956E+05  -2.95197E+04  -3.71022E+04  -7.09071E+04  -1.49389E+05
   7.82763E-03   9.91256E-01   7.17893E-05   8.44430E-04   4.96237E-10   2.09904E+05  -2.95193E+04  -3.71018E+04  -7.09067E+04  -1.49388E+05
   7.72763E-03   9.91360E-01   7.13429E-05   8.40545E-04   4.94267E-10   2.09851E+05  -2.95189E+04  -3.71014E+04  -7.09063E+04  -1.49388E+05
   7.62763E-03   9.91465E-01   7.08994E-05   8.36677E-04   4.92306E-10   2.09797E+05  -2.95185E+04  -3.71010E+04  -7.09058E+04  -1.49387E+05
   7.52763E-03   9.91569E-01   7.04586E-05   8.32828E-04   4.90353E-10   2.09742E+05  -2.95181E+04  -3.71005E+04  -7.09054E+04  -1.49387E+05
   7.42763E-03   9.91673E-01   7.00206E-05   8.28997E-04   4.88408E-10   2.09686E+05  -2.95177E+04  -3.71001E+04  -7.09050E+04  -1.49386E+05
   7.32763E-03   9.91778E-01   6.95855E-05   8.25184E-04   4.86472E-10   2.09629E+05  -2.95172E+04  -3.70997E+04  -7.09046E+04  -1.49386E+05
   7.22763E-03   9.91882E-01   6.91531E-05   8.21388E-04   4.84543E-10   2.09571E+05  -2.95168E+04  -3.70993E+04  -7.09041E+04  -1.49386E+05
   7.12763E-03   9.91986E-01   6.87234E-05   8.17611E-04   4.82622E-10   2.09512E+05  -2.95164E+04  -3.70988E+04  -7.09037E+04  -1.49385E+05
   7.02763E-03   9.92090E-01   6.82965E-05   8.13850E-04   4.80709E-10   2.09451E+05  -2.95159E+04  -3.70984E+04  -7.09033E+04  -1.49385E+05
   6.92763E-03   9.92194E-01   6.78722E-05   8.10108E-04   4.78804E-10   2.09389E+05  -2.95155E+04  -3.70980E+04  -7.09028E+04  -1.49384E+05
   6.82763E-03   9.92299E-01   6.74507E-05   8.06383E-04   4.76906E-10   2.09326E+05  -2.95151E+04  -3.70975E+04  -7.09024E+04  -1.49384E+05
   6.72763E-03   9.92403E-01   6.70318E-05   8.02675E-04   4.75017E-10   2.09262E+05  -2.95146E+04  -3.70971E+04  -7.09020E+04  -1.49383E+05
   6.62763E-03   9.92507E-01   6.66156E-05   7.98984E-04   4.73135E-10   2.09196E+05  -2.95142E+04  -3.70967E+04  -7.09015E+04  -1.49383E+05
   6.52763E-03   9.92611E-01   6.62021E-05   7.95311E-04   4.71261E-10   2.09129E+05  -2.95137E+04  -3.70962E+04  -7.09011E+04  -1.49383E+05
   6.42763E-03   9.92715E-01   6.57911E-05   7.91655E-04   4.69395E-10   2.09060E+05  -2.95133E+04  -3.70958E+04  -7.09006E+04  -1.49382E+05
   6.32763E-03   9.92819E-01   6.53828E-05   7.88016E-04   4.67537E-10   2.08990E+05  -2.95129E+04  -3.70953E+04  -7.09002E+04  -1.49382E+05
   6.22763E-03   9.92923E-01   6.49771E-05   7.84393E-04   4.65686E-10   2.08919E+05  -2.95124E+04  -3.70949E+04  -7.08997E+04  -1.49381E+05
   6.12763E-03   9.93027E-01   6.45739E-05   7.80788E-04   4.63843E-10   2.08846E+05  -2.95119E+04  -3.70944E+04  -7.08993E+04  -1.49381E+05
   6.02763E-03   9.93131E-01   6.41733E-05   7.77200E-04   4.62007E-10   2.08771E+05  -2.95115E+04  -3.70939E+04  -7.08988E+04  -1.49380E+05
   5.92763E-03   9.93235E-01   6.37752E-05   7.73628E-04   4.60179E-10   2.08695E+05  -2.95110E+04  -3.70935E+04  -7.08984E+04  -1.49380E+05
   5.82763E-03   9.93339E-01   6.33797E-05   7.70073E-04   4.58358E-10   2.08617E+05  -2.95106E+04  -3.70930E+04  -7.08979E+04  -1.49379E+05
   5.72763E-03   9.93443E-01   6.29866E-05   7.66534E-04   4.56545E-10   2.08537E+05  -2.95101E+04  -3.70926E+04  -7.08974E+04  -1.49379E+05
   5.62763E-03   9.93547E-01   6.25961E-05   7.63012E-04   4.54740E-10   2.08455E+05  -2.95096E+04  -3.70921E+04  -7.08970E+04  -1.49379E+05
   5.52763E-03   9.93651E-01   6.22080E-05   7.59507E-04   4.52941E-10   2.08371E+05  -2.95092E+04  -3.70916E+04  -7.08965E+04  -1.49378E+05
   5.42763E-03   9.93755E-01   6.18223E-05   7.56018E-04   4.51151E-10   2.08286E+05  -2.95087E+04  -3.70912E+04  -7.08960E+04  -1.49378E+05
   5.32763E-03   9.93858E-01   6.14392E-05   7.52545E-04   4.49367E-10   2.08198E+05  -2.95082E+04  -3.70907E+04  -7.08955E+04  -1.49377E+05
   5.22763E-03   9.93962E-01   6.10584E-05   7.49088E-04   4.47591E-10   2.08108E+05  -2.95077E+04  -3.70902E+04  -7.08951E+04  -1.49377E+05
   5.12763E-03   9.94066E-01   6.06801E-05   7.45647E-04   4.45822E-10   2.08016E+05  -2.95073E+04  -3.70897E+04  -7.08946E+04  -1.49376E+05
   5.02763E-03   9.94170E-01   6.03041E-05   7.42222E-04   4.44061E-10   2.07922E+05  -2.95068E+04  -3.70892E+04  -7.08941E+04  -1.49376E+05
   4.92763E-03   9.94274E-01   5.99305E-05   7.38814E-04   4.42306E-10   2.07825E+05  -2.95063E+04  -3.70888E+04  -7.08936E+04  -1.49375E+05
   4.82763E-03   9.94377E-01   5.95593E-05   7.35421E-04   4.40559E-10   2.07726E+05  -2.95058E+04  -3.70883E+04  -7.08931E+04  -1.49375E+05
   4.72763E-03   9.94481E-01   5.91905E-05   7.32044E-04   4.38819E-10   2.07625E+05  -2.95053E+04  -3.70878E+04  -7.08926E+04  -1.49374E+05
   4.62763E-03   9.94585E-01   5.88240E-05   7.28683E-04   4.37086E-10   2.07520E+05  -2.95048E+04  -3.70873E+04  -7.08922E+04  -1.49374E+05
   4.52763E-03   9.94689E-01   5.84598E-05   7.25337E-04   4.35360E-10   2.07413E+05  -2.95043E+04  -3.70868E+04  -7.08917E+04  -1.49373E+05
   4.42763E-03   9.94792E-01   5.80979E-05   7.22007E-04   4.33642E-10   2.07303E+05  -2.95038E+04  -3.70863E+04  -7.08912E+04  -1.49373E+05
   4.32763E-03   9.94896E-01   5.77382E-05   7.18693E-04   4.31930E-10   2.07189E+05  -2.95033E+04  -3.70858E+04  -7.08907E+04  -1.49372E+05
   4.22763E-03   9.95000E-01   5.73809E-05   7.15394E-04   4.30226E-10   2.07073E+05  -2.95028E+04  -3.70853E+04  -7.08902E+04  -1.49372E+05
   4.12763E-03   9.95103E-01   5.70258E-05   7.12110E-04   4.28528E-10   2.06953E+05  -2.95023E+04  -3.70848E+04  -7.08897E+04  -1.49371E+05
   4.02763E-03   9.95207E-01   5.66730E-05   7.08842E-04   4.26837E-10   2.06829E+05  -2.95018E+04  -3.70843E+04  -7.08892E+04  -1.49371E+05
   3.92763E-03   9.95310E-01   5.63224E-05   7.05589E-04   4.25154E-10   2.06702E+05  -2.95013E+04  -3.70838E+04  -7.08886E+04  -1.49370E+05
   3.82763E-03   9.95414E-01   5.59740E-05   7.02351E-04   4.23477E-10   2.06571E+05  -2.95008E+04  -3.70833E+04  -7.08881E+04  -1.49370E+05
   3.72763E-03   9.95518E-01   5.56278E-05   6.99128E-04   4.21807E-10   2.06436E+05  -2.95003E+04  -3.70828E+04  -7.08876E+04  -1.49369E+05
   3.62763E-03   9.95621E-01   5.52838E-05   6.95920E-04   4.20144E-10   2.06297E+05  -2.94998E+04  -3.70823E+04  -7.08871E+04  -1.49369E+05
   3.52763E-03   9.95725E-01   5.49420E-05   6.92727E-04   4.18487E-10   2.06153E+05  -2.94993E+04  -3.70817E+04  -7.08866E+04  -1.49368E+05
   3.42763E-03   9.95828E-01   5.46023E-05   6.89549E-04   4.16838E-10   2.06004E+05  -2.94988E+04  -3.70812E+04  -7.08861E+04  -1.49368E+05
   3.32763E-03   9.95932E-01   5.42648E-05   6.86385E-04   4.15195E-10   2.05850E+05  -2.94982E+04  -3.70807E+04  -7.08855E+04  -1.49367E+05
   3.22763E-03   9.96035E-01   5.39294E-05   6.83237E-04   4.13559E-10   2.05690E+05  -2.94977E+04  -3.70802E+04  -7.08850E+04  -1.49367E+05
   3.12763E-03   9.96139E-01   5.35961E-05   6.80103E-04   4.11929E-10   2.05525E+05  -2.94972E+04  -3.70796E+04  -7.08845E+04  -1.49366E+05
   3.02763E-03   9.96242E-01   5.32649E-05   6.76984E-04   4.10306E-10   2.05353E+05  -2.94967E+04  -3.70791E+04  -7.08839E+04  -1.49366E+05
   2.92763E-03   9.96346E-01   5.29359E-05   6.73879E-04   4.08690E-10   2.05175E+05  -2.94961E+04  -3.70786E+04  -7.08834E+04  -1.49365E+05
   2.82763E-03   9.96449E-01   5.26089E-05   6.70789E-04   4.07081E-10   2.04990E+05  -2.94956E+04  -3.70780E+04  -7.08829E+04  -1.49365E+05
   2.72763E-03   9.96552E-01   5.22839E-05   6.67713E-04   4.05478E-10   2.04798E+05  -2.94951E+04  -3.70775E+04  -7.08823E+04  -1.49364E+05
   2.62763E-03   9.96656E-01   5.19610E-05   6.64651E-04   4.03881E-10   2.04597E+05  -2.94945E+04  -3.70770E+04  -7.08818E+04  -1.49363E+05
   2.52763E-03   9.96759E-01   5.16402E-05   6.61604E-04   4.02291E-10   2.04388E+05  -2.94940E+04  -3.70764E+04  -7.08813E+04  -1.49363E+05
   2.42763E-03   9.96862E-01   5.13213E-05   6.58571E-04   4.00708E-10   2.04169E+05  -2.94934E+04  -3.70759E+04  -7.08807E+04  -1.49362E+05
   2.32763E-03   9.96966E-01   5.10045E-05   6.55552E-04   3.99131E-10   2.03940E+05  -2.94929E+04  -3.70753E+04  -7.08802E+04  -1.49362E+05
   2.22763E-03   9.97069E-01   5.06897E-05   6.52547E-04   3.97560E-10   2.03700E+05  -2.94923E+04  -3.70748E+04  -7.08796E+04  -1.49361E+05
   2.12763E-03   9.97172E-01   5.03768E-05   6.49556E-04   3.95996E-10   2.03447E+05  -2.94918E+04  -3.70742E+04  -7.08791E+04  -1.49361E+05
   2.02763E-03   9.97276E-01   5.00660E-05   6.46579E-04   3.94438E-10   2.03182E+05  -2.94912E+04  -3.70737E+04  -7.08785E+04  -1.49360E+05
   1.92763E-03   9.97379E-01   4.97571E-05   6.43616E-04   3.92887E-10   2.02901E+05  -2.94907E+04  -3.70731E+04  -7.08779E+04  -1.49360E+05
   1.82763E-03   9.97482E-01   4.94501E-05   6.40667E-04   3.91342E-10   2.02605E+05  -2.94901E+04  -3.70726E+04  -7.08774E+04  -1.49359E+05
   1.72763E-03   9.97585E-01   4.91451E-05   6.37731E-04   3.89803E-10   2.02290E+05  -2.94896E+04  -3.70720E+04  -7.08768E+04  -1.49359E+05
   1.62763E-03   9.97689E-01   4.88420E-05   6.34809E-04   3.88270E-10   2.01956E+05  -2.94890E+04  -3.70715E+04  -7.08763E+04  -1.49358E+05
   1.52763E-03   9.97792E-01   4.85408E-05   6.31901E-04   3.86744E-10   2.01598E+05  -2.94884E+04  -3.70709E+04  -7.08757E+04  -1.49357E+05
   1.42763E-03   9.97895E-01   4.82415E-05   6.29006E-04   3.85224E-10   2.01215E+05  -2.94879E+04  -3.70703E+04  -7.08751E+04  -1.49357E+05
   1.32763E-03   9.97998E-01   4.79441E-05   6.26125E-04   3.83709E-10   2.00802E+05  -2.94873E+04  -3.70697E+04  -7.08745E+04  -1.49356E+05
   1.22763E-03   9.98101E-01   4.76485E-05   6.23257E-04   3.82202E-10   2.00355E+05  -2.94867E+04  -3.70692E+04  -7.08740E+04  -1.49356E+05
   1.12763E-03   9.98205E-01   4.73549E-05   6.20403E-04   3.80700E-10   1.99868E+05  -2.94862E+04  -3.70686E+04  -7.08734E+04  -1.49355E+05
   1.02763E-03   9.98308E-01   4.70630E-05   6.17562E-04   3.79204E-10   1.99333E+05  -2.94856E+04  -3.70680E+04  -7.08728E+04  -1.49355E+05
   9.27626E-04   9.98411E-01   4.67730E-05   6.14734E-04   3.77714E-10   1.98742E+05  -2.94850E+04  -3.70674E+04  -7.08722E+04  -1.49354E+05
   8.27626E-04   9.98514E-01   4.64849E-05   6.11919E-04   3.76230E-10   1.98079E+05  -2.94844E+04  -3.70669E+04  -7.08716E+04  -1.49353E+05
   7.27626E-04   9.98617E-01   4.61985E-05   6.09118E-04   3.74753E-10   1.97329E+05  -2.94838E+04  -3.70663E+04  -7.08710E+04  -1.49353E+05
   6.27626E-04   9.98720E-01   4.59140E-05   6.06330E-04   3.73281E-10   1.96464E+05  -2.94832E+04  -3.70657E+04  -7.08704E+04  -1.49352E+05
   5.27626E-04   9.98823E-01   4.56312E-05   6.03555E-04   3.71814E-10   1.95444E+05  -2.94827E+04  -3.70651E+04  -7.08698E+04  -1.49352E+05
   4.27626E-04   9.98926E-01   4.53502E-05   6.00793E-04   3.70354E-10   1.94204E+05  -2.94821E+04  -3.70645E+04  -7.08692E+04  -1.49351E+05
   3.27626E-04   9.99029E-01   4.50710E-05   5.98044E-04   3.68899E-10   1.92626E+05  -2.94815E+04  -3.70639E+04  -7.08686E+04  -1.49351E+05
   2.27626E-04   9.99132E-01   4.47935E-05   5.95308E-04   3.67449E-10   1.90460E+05  -2.94809E+04  -3.70633E+04  -7.08680E+04  -1.49350E+05
   1.27626E-04   9.99235E-01   4.45179E-05   5.92587E-04   3.66004E-10   1.87005E+05  -2.94803E+04  -3.70627E+04  -7.08674E+04  -1.49350E+05
   2.76265E-05   9.99338E-01   4.42439E-05   5.89884E-04   3.64558E-10   1.77827E+05  -2.94797E+04  -3.70621E+04  -7.08667E+04  -1.49349E+05
   1.00000E-06   9.99366E-01   4.41714E-05   5.89184E-04   3.64152E-10   1.57879E+05  -2.94795E+04  -3.70619E+04  -7.08663E+04  -1.49349E+05
