
 Phase Region for:
     FCC_A1#1                      
 col-1=X(C), col-2=X(CU), col-3=X(FE), col-4=X(MN), col-5=X(SI), col-6=MU(C), col-7=MU(CU), col-8=MU(FE), col-9=MU(MN), col-10=MU(SI),
   9.72763E-03   4.19355E-03   9.28954E-01   1.56494E-03   5.55602E-02   3.34967E+03  -2.82512E+04  -2.46682E+04  -7.62067E+04  -1.36089E+05
   1.07276E-02   4.18932E-03   9.28016E-01   1.56336E-03   5.55041E-02   4.01579E+03  -2.81789E+04  -2.46822E+04  -7.62559E+04  -1.35982E+05
   1.17276E-02   4.18508E-03   9.27078E-01   1.56178E-03   5.54480E-02   4.62959E+03  -2.81069E+04  -2.46963E+04  -7.63053E+04  -1.35875E+05
   1.27276E-02   4.18085E-03   9.26139E-01   1.56020E-03   5.53919E-02   5.19968E+03  -2.80351E+04  -2.47104E+04  -7.63548E+04  -1.35767E+05
   1.37276E-02   4.17661E-03   9.25201E-01   1.55862E-03   5.53358E-02   5.73270E+03  -2.79636E+04  -2.47247E+04  -7.64045E+04  -1.35660E+05
   1.47276E-02   4.17238E-03   9.24263E-01   1.55704E-03   5.52797E-02   6.23388E+03  -2.78923E+04  -2.47391E+04  -7.64543E+04  -1.35553E+05
   1.57276E-02   4.16814E-03   9.23325E-01   1.55546E-03   5.52236E-02   6.70744E+03  -2.78213E+04  -2.47536E+04  -7.65043E+04  -1.35445E+05
   1.67276E-02   4.16391E-03   9.22387E-01   1.55388E-03   5.51675E-02   7.15680E+03  -2.77505E+04  -2.47681E+04  -7.65544E+04  -1.35338E+05
   1.77276E-02   4.15967E-03   9.21449E-01   1.55230E-03   5.51114E-02   7.58479E+03  -2.76800E+04  -2.47828E+04  -7.66047E+04  -1.35230E+05
   1.87276E-02   4.15544E-03   9.20511E-01   1.55071E-03   5.50553E-02   7.99379E+03  -2.76098E+04  -2.47976E+04  -7.66551E+04  -1.35122E+05
   1.97276E-02   4.15120E-03   9.19573E-01   1.54913E-03   5.49992E-02   8.38577E+03  -2.75398E+04  -2.48124E+04  -7.67057E+04  -1.35014E+05
   2.07276E-02   4.14697E-03   9.18635E-01   1.54755E-03   5.49431E-02   8.76245E+03  -2.74700E+04  -2.48274E+04  -7.67565E+04  -1.34906E+05
   2.17276E-02   4.14273E-03   9.17697E-01   1.54597E-03   5.48869E-02   9.12529E+03  -2.74006E+04  -2.48425E+04  -7.68074E+04  -1.34798E+05
   2.27276E-02   4.13850E-03   9.16759E-01   1.54439E-03   5.48308E-02   9.47553E+03  -2.73314E+04  -2.48577E+04  -7.68585E+04  -1.34690E+05
   2.37276E-02   4.13426E-03   9.15821E-01   1.54281E-03   5.47747E-02   9.81429E+03  -2.72624E+04  -2.48729E+04  -7.69098E+04  -1.34582E+05
   2.47276E-02   4.13003E-03   9.14882E-01   1.54123E-03   5.47186E-02   1.01425E+04  -2.71938E+04  -2.48883E+04  -7.69612E+04  -1.34474E+05
   2.57276E-02   4.12579E-03   9.13944E-01   1.53965E-03   5.46625E-02   1.04611E+04  -2.71254E+04  -2.49038E+04  -7.70128E+04  -1.34366E+05
   2.67276E-02   4.12156E-03   9.13006E-01   1.53807E-03   5.46064E-02   1.07707E+04  -2.70573E+04  -2.49194E+04  -7.70645E+04  -1.34257E+05
   2.77276E-02   4.11733E-03   9.12068E-01   1.53649E-03   5.45503E-02   1.10721E+04  -2.69894E+04  -2.49351E+04  -7.71164E+04  -1.34149E+05
   2.87276E-02   4.11309E-03   9.11130E-01   1.53491E-03   5.44942E-02   1.13658E+04  -2.69219E+04  -2.49509E+04  -7.71685E+04  -1.34041E+05
   2.97276E-02   4.10886E-03   9.10192E-01   1.53333E-03   5.44381E-02   1.16524E+04  -2.68546E+04  -2.49668E+04  -7.72207E+04  -1.33932E+05
   3.07276E-02   4.10462E-03   9.09254E-01   1.53175E-03   5.43820E-02   1.19324E+04  -2.67876E+04  -2.49828E+04  -7.72731E+04  -1.33823E+05
   3.17276E-02   4.10039E-03   9.08316E-01   1.53017E-03   5.43259E-02   1.22061E+04  -2.67209E+04  -2.49989E+04  -7.73257E+04  -1.33715E+05
   3.27276E-02   4.09615E-03   9.07378E-01   1.52859E-03   5.42698E-02   1.24740E+04  -2.66545E+04  -2.50151E+04  -7.73784E+04  -1.33606E+05
   3.37276E-02   4.09192E-03   9.06440E-01   1.52701E-03   5.42137E-02   1.27365E+04  -2.65884E+04  -2.50315E+04  -7.74313E+04  -1.33497E+05
   3.47276E-02   4.08768E-03   9.05502E-01   1.52543E-03   5.41576E-02   1.29939E+04  -2.65226E+04  -2.50479E+04  -7.74844E+04  -1.33388E+05
   3.57276E-02   4.08345E-03   9.04564E-01   1.52385E-03   5.41015E-02   1.32465E+04  -2.64571E+04  -2.50645E+04  -7.75377E+04  -1.33279E+05
   3.67276E-02   4.07921E-03   9.03626E-01   1.52227E-03   5.40454E-02   1.34945E+04  -2.63918E+04  -2.50811E+04  -7.75911E+04  -1.33170E+05
   3.77276E-02   4.07498E-03   9.02687E-01   1.52069E-03   5.39893E-02   1.37382E+04  -2.63269E+04  -2.50979E+04  -7.76447E+04  -1.33061E+05
   3.87276E-02   4.07074E-03   9.01749E-01   1.51911E-03   5.39331E-02   1.39779E+04  -2.62623E+04  -2.51148E+04  -7.76984E+04  -1.32952E+05
   3.97276E-02   4.06651E-03   9.00811E-01   1.51753E-03   5.38770E-02   1.42138E+04  -2.61979E+04  -2.51318E+04  -7.77524E+04  -1.32843E+05
   4.07276E-02   4.06227E-03   8.99873E-01   1.51595E-03   5.38209E-02   1.44460E+04  -2.61339E+04  -2.51489E+04  -7.78065E+04  -1.32733E+05
   4.17276E-02   4.05804E-03   8.98935E-01   1.51437E-03   5.37648E-02   1.46747E+04  -2.60702E+04  -2.51661E+04  -7.78607E+04  -1.32624E+05
   4.27276E-02   4.05380E-03   8.97997E-01   1.51279E-03   5.37087E-02   1.49002E+04  -2.60068E+04  -2.51835E+04  -7.79152E+04  -1.32514E+05
   4.37276E-02   4.04957E-03   8.97059E-01   1.51121E-03   5.36526E-02   1.51225E+04  -2.59437E+04  -2.52009E+04  -7.79698E+04  -1.32405E+05
   4.47276E-02   4.04533E-03   8.96121E-01   1.50963E-03   5.35965E-02   1.53419E+04  -2.58810E+04  -2.52185E+04  -7.80246E+04  -1.32295E+05
   4.57276E-02   4.04110E-03   8.95183E-01   1.50805E-03   5.35404E-02   1.55585E+04  -2.58185E+04  -2.52362E+04  -7.80796E+04  -1.32186E+05
   4.67276E-02   4.03687E-03   8.94245E-01   1.50647E-03   5.34843E-02   1.57723E+04  -2.57564E+04  -2.52540E+04  -7.81348E+04  -1.32076E+05
   4.77276E-02   4.03263E-03   8.93307E-01   1.50489E-03   5.34282E-02   1.59836E+04  -2.56946E+04  -2.52719E+04  -7.81901E+04  -1.31966E+05
   4.87276E-02   4.02840E-03   8.92369E-01   1.50331E-03   5.33721E-02   1.61924E+04  -2.56331E+04  -2.52899E+04  -7.82457E+04  -1.31856E+05
   4.97276E-02   4.02416E-03   8.91431E-01   1.50173E-03   5.33160E-02   1.63989E+04  -2.55720E+04  -2.53081E+04  -7.83014E+04  -1.31746E+05
   5.07276E-02   4.01993E-03   8.90492E-01   1.50014E-03   5.32599E-02   1.66031E+04  -2.55112E+04  -2.53264E+04  -7.83573E+04  -1.31636E+05
   5.17276E-02   4.01569E-03   8.89554E-01   1.49856E-03   5.32038E-02   1.68051E+04  -2.54507E+04  -2.53447E+04  -7.84133E+04  -1.31526E+05
   5.27276E-02   4.01146E-03   8.88616E-01   1.49698E-03   5.31477E-02   1.70051E+04  -2.53906E+04  -2.53633E+04  -7.84696E+04  -1.31416E+05
   5.37276E-02   4.00722E-03   8.87678E-01   1.49540E-03   5.30916E-02   1.72031E+04  -2.53308E+04  -2.53819E+04  -7.85260E+04  -1.31306E+05
   5.47276E-02   4.00299E-03   8.86740E-01   1.49382E-03   5.30354E-02   1.73992E+04  -2.52713E+04  -2.54006E+04  -7.85827E+04  -1.31196E+05
   5.57276E-02   3.99875E-03   8.85802E-01   1.49224E-03   5.29793E-02   1.75930E+04  -2.52121E+04  -2.54195E+04  -7.86390E+04  -1.31085E+05
   5.67276E-02   3.99452E-03   8.84864E-01   1.49066E-03   5.29232E-02   1.77854E+04  -2.51534E+04  -2.54385E+04  -7.86958E+04  -1.30975E+05
   5.77276E-02   3.99028E-03   8.83926E-01   1.48908E-03   5.28671E-02   1.79761E+04  -2.50949E+04  -2.54576E+04  -7.87528E+04  -1.30865E+05
   5.87276E-02   3.98605E-03   8.82988E-01   1.48750E-03   5.28110E-02   1.81652E+04  -2.50368E+04  -2.54768E+04  -7.88100E+04  -1.30754E+05
   5.97276E-02   3.98181E-03   8.82050E-01   1.48592E-03   5.27549E-02   1.83526E+04  -2.49791E+04  -2.54962E+04  -7.88673E+04  -1.30643E+05
   6.07276E-02   3.97758E-03   8.81112E-01   1.48434E-03   5.26988E-02   1.85385E+04  -2.49217E+04  -2.55157E+04  -7.89248E+04  -1.30533E+05
   6.17276E-02   3.97334E-03   8.80174E-01   1.48276E-03   5.26427E-02   1.87230E+04  -2.48647E+04  -2.55353E+04  -7.89824E+04  -1.30422E+05
   6.27276E-02   3.96911E-03   8.79235E-01   1.48118E-03   5.25866E-02   1.89060E+04  -2.48081E+04  -2.55550E+04  -7.90402E+04  -1.30311E+05
   6.37276E-02   3.96487E-03   8.78297E-01   1.47960E-03   5.25305E-02   1.90876E+04  -2.47517E+04  -2.55749E+04  -7.90981E+04  -1.30200E+05
   6.47276E-02   3.96064E-03   8.77359E-01   1.47802E-03   5.24744E-02   1.92679E+04  -2.46958E+04  -2.55948E+04  -7.91561E+04  -1.30089E+05
   6.57276E-02   3.95641E-03   8.76421E-01   1.47644E-03   5.24183E-02   1.94469E+04  -2.46402E+04  -2.56149E+04  -7.92143E+04  -1.29978E+05
   6.67276E-02   3.95217E-03   8.75483E-01   1.47486E-03   5.23622E-02   1.96246E+04  -2.45850E+04  -2.56352E+04  -7.92726E+04  -1.29867E+05
   6.77276E-02   3.94794E-03   8.74545E-01   1.47328E-03   5.23061E-02   1.98012E+04  -2.45302E+04  -2.56555E+04  -7.93311E+04  -1.29756E+05
   6.87276E-02   3.94370E-03   8.73607E-01   1.47170E-03   5.22500E-02   1.99765E+04  -2.44757E+04  -2.56760E+04  -7.93896E+04  -1.29645E+05
   6.97276E-02   3.93947E-03   8.72669E-01   1.47012E-03   5.21939E-02   2.01507E+04  -2.44216E+04  -2.56966E+04  -7.94483E+04  -1.29534E+05
   7.07276E-02   3.93523E-03   8.71731E-01   1.46854E-03   5.21378E-02   2.03238E+04  -2.43679E+04  -2.57174E+04  -7.95071E+04  -1.29423E+05
   7.17276E-02   3.93100E-03   8.70793E-01   1.46696E-03   5.20816E-02   2.04958E+04  -2.43146E+04  -2.57382E+04  -7.95660E+04  -1.29311E+05
   7.27276E-02   3.92676E-03   8.69855E-01   1.46538E-03   5.20255E-02   2.06667E+04  -2.42616E+04  -2.57592E+04  -7.96250E+04  -1.29200E+05
   7.37276E-02   3.92253E-03   8.68917E-01   1.46380E-03   5.19694E-02   2.08366E+04  -2.42090E+04  -2.57803E+04  -7.96841E+04  -1.29088E+05
   7.47276E-02   3.91829E-03   8.67979E-01   1.46222E-03   5.19133E-02   2.10056E+04  -2.41568E+04  -2.58016E+04  -7.97433E+04  -1.28976E+05
   7.57276E-02   3.91406E-03   8.67040E-01   1.46064E-03   5.18572E-02   2.11735E+04  -2.41050E+04  -2.58230E+04  -7.98025E+04  -1.28865E+05
   7.67276E-02   3.90982E-03   8.66102E-01   1.45906E-03   5.18011E-02   2.13405E+04  -2.40535E+04  -2.58445E+04  -7.98619E+04  -1.28753E+05
   7.77276E-02   3.90559E-03   8.65164E-01   1.45748E-03   5.17450E-02   2.15066E+04  -2.40025E+04  -2.58661E+04  -7.99213E+04  -1.28641E+05
   7.87276E-02   3.90135E-03   8.64226E-01   1.45590E-03   5.16889E-02   2.16718E+04  -2.39518E+04  -2.58879E+04  -7.99808E+04  -1.28529E+05
   7.97276E-02   3.89712E-03   8.63288E-01   1.45432E-03   5.16328E-02   2.18361E+04  -2.39016E+04  -2.59098E+04  -8.00403E+04  -1.28417E+05
   8.07276E-02   3.89288E-03   8.62350E-01   1.45274E-03   5.15767E-02   2.19995E+04  -2.38517E+04  -2.59318E+04  -8.01000E+04  -1.28305E+05
   8.17276E-02   3.88865E-03   8.61412E-01   1.45116E-03   5.15206E-02   2.21621E+04  -2.38022E+04  -2.59540E+04  -8.01596E+04  -1.28193E+05
   8.27276E-02   3.88441E-03   8.60474E-01   1.44957E-03   5.14645E-02   2.23239E+04  -2.37531E+04  -2.59762E+04  -8.02193E+04  -1.28081E+05
   8.37276E-02   3.88018E-03   8.59536E-01   1.44799E-03   5.14084E-02   2.24849E+04  -2.37045E+04  -2.59986E+04  -8.02791E+04  -1.27969E+05
   8.47276E-02   3.87594E-03   8.58598E-01   1.44641E-03   5.13523E-02   2.26451E+04  -2.36562E+04  -2.60212E+04  -8.03389E+04  -1.27856E+05
   8.57276E-02   3.87171E-03   8.57660E-01   1.44483E-03   5.12962E-02   2.28045E+04  -2.36083E+04  -2.60439E+04  -8.03987E+04  -1.27744E+05
   8.67276E-02   3.86748E-03   8.56722E-01   1.44325E-03   5.12401E-02   2.29632E+04  -2.35608E+04  -2.60667E+04  -8.04585E+04  -1.27631E+05
   8.77276E-02   3.86324E-03   8.55784E-01   1.44167E-03   5.11840E-02   2.31211E+04  -2.35137E+04  -2.60896E+04  -8.05183E+04  -1.27519E+05
   8.87276E-02   3.85901E-03   8.54845E-01   1.44009E-03   5.11278E-02   2.32783E+04  -2.34670E+04  -2.61127E+04  -8.05782E+04  -1.27406E+05
   8.97276E-02   3.85477E-03   8.53907E-01   1.43851E-03   5.10717E-02   2.34348E+04  -2.34208E+04  -2.61359E+04  -8.06380E+04  -1.27293E+05
   9.07276E-02   3.85054E-03   8.52969E-01   1.43693E-03   5.10156E-02   2.35906E+04  -2.33749E+04  -2.61592E+04  -8.06978E+04  -1.27180E+05
   9.17276E-02   3.84630E-03   8.52031E-01   1.43535E-03   5.09595E-02   2.37457E+04  -2.33294E+04  -2.61827E+04  -8.07576E+04  -1.27067E+05
   9.27276E-02   3.84207E-03   8.51093E-01   1.43377E-03   5.09034E-02   2.39002E+04  -2.32844E+04  -2.62062E+04  -8.08174E+04  -1.26954E+05
   9.37276E-02   3.83783E-03   8.50155E-01   1.43219E-03   5.08473E-02   2.40539E+04  -2.32398E+04  -2.62300E+04  -8.08772E+04  -1.26841E+05
   9.47276E-02   3.83360E-03   8.49217E-01   1.43061E-03   5.07912E-02   2.42070E+04  -2.31955E+04  -2.62538E+04  -8.09369E+04  -1.26728E+05
   9.57276E-02   3.82936E-03   8.48279E-01   1.42903E-03   5.07351E-02   2.43595E+04  -2.31517E+04  -2.62778E+04  -8.09965E+04  -1.26615E+05
   9.67276E-02   3.82513E-03   8.47341E-01   1.42745E-03   5.06790E-02   2.45113E+04  -2.31083E+04  -2.63019E+04  -8.10561E+04  -1.26501E+05
   9.77276E-02   3.82089E-03   8.46403E-01   1.42587E-03   5.06229E-02   2.46626E+04  -2.30653E+04  -2.63262E+04  -8.11157E+04  -1.26388E+05
   9.87276E-02   3.81666E-03   8.45465E-01   1.42429E-03   5.05668E-02   2.48132E+04  -2.30228E+04  -2.63505E+04  -8.11751E+04  -1.26274E+05
   9.97276E-02   3.81242E-03   8.44527E-01   1.42271E-03   5.05107E-02   2.49632E+04  -2.29806E+04  -2.63750E+04  -8.12345E+04  -1.26160E+05
   1.00728E-01   3.80819E-03   8.43588E-01   1.42113E-03   5.04546E-02   2.51126E+04  -2.29389E+04  -2.63997E+04  -8.12938E+04  -1.26046E+05
   1.01728E-01   3.80395E-03   8.42650E-01   1.41955E-03   5.03985E-02   2.52614E+04  -2.28976E+04  -2.64245E+04  -8.13530E+04  -1.25932E+05
   1.02728E-01   3.79972E-03   8.41712E-01   1.41797E-03   5.03424E-02   2.54096E+04  -2.28567E+04  -2.64494E+04  -8.14121E+04  -1.25818E+05
   1.03728E-01   3.79548E-03   8.40774E-01   1.41639E-03   5.02863E-02   2.55573E+04  -2.28162E+04  -2.64744E+04  -8.14711E+04  -1.25704E+05
   1.04728E-01   3.79125E-03   8.39836E-01   1.41481E-03   5.02301E-02   2.57044E+04  -2.27762E+04  -2.64996E+04  -8.15300E+04  -1.25590E+05
   1.05728E-01   3.78702E-03   8.38898E-01   1.41323E-03   5.01740E-02   2.58509E+04  -2.27365E+04  -2.65248E+04  -8.15887E+04  -1.25475E+05
   1.06728E-01   3.78278E-03   8.37960E-01   1.41165E-03   5.01179E-02   2.59969E+04  -2.26973E+04  -2.65503E+04  -8.16473E+04  -1.25361E+05
   1.07728E-01   3.77855E-03   8.37022E-01   1.41007E-03   5.00618E-02   2.61424E+04  -2.26585E+04  -2.65758E+04  -8.17058E+04  -1.25246E+05
   1.08728E-01   3.77431E-03   8.36084E-01   1.40849E-03   5.00057E-02   2.62873E+04  -2.26202E+04  -2.66015E+04  -8.17641E+04  -1.25131E+05
   1.09728E-01   3.77008E-03   8.35146E-01   1.40691E-03   4.99496E-02   2.64317E+04  -2.25823E+04  -2.66273E+04  -8.18223E+04  -1.25017E+05
   1.10728E-01   3.76584E-03   8.34208E-01   1.40533E-03   4.98935E-02   2.65756E+04  -2.25447E+04  -2.66533E+04  -8.18802E+04  -1.24901E+05
   1.11728E-01   3.76161E-03   8.33270E-01   1.40375E-03   4.98374E-02   2.67189E+04  -2.25077E+04  -2.66794E+04  -8.19380E+04  -1.24786E+05
   1.12728E-01   3.75737E-03   8.32332E-01   1.40217E-03   4.97813E-02   2.68618E+04  -2.24710E+04  -2.67056E+04  -8.19957E+04  -1.24671E+05
   1.13728E-01   3.75314E-03   8.31393E-01   1.40059E-03   4.97252E-02   2.70041E+04  -2.24348E+04  -2.67319E+04  -8.20531E+04  -1.24556E+05
   1.14728E-01   3.74890E-03   8.30455E-01   1.39900E-03   4.96691E-02   2.71460E+04  -2.23990E+04  -2.67584E+04  -8.21103E+04  -1.24440E+05
   1.15728E-01   3.74467E-03   8.29517E-01   1.39742E-03   4.96130E-02   2.72873E+04  -2.23636E+04  -2.67850E+04  -8.21673E+04  -1.24324E+05
   1.16728E-01   3.74043E-03   8.28579E-01   1.39584E-03   4.95569E-02   2.74282E+04  -2.23287E+04  -2.68118E+04  -8.22241E+04  -1.24208E+05
   1.17728E-01   3.73620E-03   8.27641E-01   1.39426E-03   4.95008E-02   2.75686E+04  -2.22942E+04  -2.68386E+04  -8.22806E+04  -1.24092E+05
   1.18728E-01   3.73196E-03   8.26703E-01   1.39268E-03   4.94447E-02   2.77085E+04  -2.22601E+04  -2.68656E+04  -8.23370E+04  -1.23976E+05
   1.19728E-01   3.72773E-03   8.25765E-01   1.39110E-03   4.93886E-02   2.78479E+04  -2.22265E+04  -2.68928E+04  -8.23930E+04  -1.23860E+05
   1.20728E-01   3.72349E-03   8.24827E-01   1.38952E-03   4.93325E-02   2.79869E+04  -2.21932E+04  -2.69200E+04  -8.24489E+04  -1.23743E+05
   1.21728E-01   3.71926E-03   8.23889E-01   1.38794E-03   4.92763E-02   2.81254E+04  -2.21605E+04  -2.69474E+04  -8.25044E+04  -1.23627E+05
   1.22728E-01   3.71502E-03   8.22951E-01   1.38636E-03   4.92202E-02   2.82634E+04  -2.21281E+04  -2.69750E+04  -8.25597E+04  -1.23510E+05
   1.23728E-01   3.71079E-03   8.22013E-01   1.38478E-03   4.91641E-02   2.84010E+04  -2.20962E+04  -2.70026E+04  -8.26148E+04  -1.23393E+05
   1.24728E-01   3.70656E-03   8.21075E-01   1.38320E-03   4.91080E-02   2.85382E+04  -2.20647E+04  -2.70304E+04  -8.26695E+04  -1.23276E+05
   1.25728E-01   3.70232E-03   8.20137E-01   1.38162E-03   4.90519E-02   2.86749E+04  -2.20337E+04  -2.70583E+04  -8.27239E+04  -1.23159E+05
   1.26728E-01   3.69809E-03   8.19198E-01   1.38004E-03   4.89958E-02   2.88112E+04  -2.20031E+04  -2.70864E+04  -8.27781E+04  -1.23041E+05
   1.27728E-01   3.69385E-03   8.18260E-01   1.37846E-03   4.89397E-02   2.89471E+04  -2.19729E+04  -2.71146E+04  -8.28319E+04  -1.22924E+05
   1.28728E-01   3.68962E-03   8.17322E-01   1.37688E-03   4.88836E-02   2.90825E+04  -2.19432E+04  -2.71429E+04  -8.28854E+04  -1.22806E+05
   1.29728E-01   3.68538E-03   8.16384E-01   1.37530E-03   4.88275E-02   2.92175E+04  -2.19139E+04  -2.71714E+04  -8.29386E+04  -1.22688E+05
   1.30728E-01   3.68115E-03   8.15446E-01   1.37372E-03   4.87714E-02   2.93521E+04  -2.18850E+04  -2.72000E+04  -8.29915E+04  -1.22570E+05
   1.31728E-01   3.67691E-03   8.14508E-01   1.37214E-03   4.87153E-02   2.94863E+04  -2.18566E+04  -2.72287E+04  -8.30440E+04  -1.22451E+05
   1.32728E-01   3.67268E-03   8.13570E-01   1.37056E-03   4.86592E-02   2.96201E+04  -2.18286E+04  -2.72575E+04  -8.30962E+04  -1.22333E+05
   1.33728E-01   3.66844E-03   8.12632E-01   1.36898E-03   4.86031E-02   2.97535E+04  -2.18011E+04  -2.72865E+04  -8.31480E+04  -1.22214E+05
   1.34728E-01   3.66421E-03   8.11694E-01   1.36740E-03   4.85470E-02   2.98864E+04  -2.17740E+04  -2.73157E+04  -8.31995E+04  -1.22095E+05
   1.35728E-01   3.65997E-03   8.10756E-01   1.36582E-03   4.84909E-02   3.00190E+04  -2.17473E+04  -2.73449E+04  -8.32506E+04  -1.21976E+05
   1.36728E-01   3.65574E-03   8.09818E-01   1.36424E-03   4.84348E-02   3.01513E+04  -2.17211E+04  -2.73743E+04  -8.33013E+04  -1.21857E+05
   1.37728E-01   3.65150E-03   8.08880E-01   1.36266E-03   4.83787E-02   3.02831E+04  -2.16953E+04  -2.74039E+04  -8.33516E+04  -1.21737E+05
   1.38728E-01   3.64727E-03   8.07941E-01   1.36108E-03   4.83225E-02   3.04146E+04  -2.16699E+04  -2.74335E+04  -8.34015E+04  -1.21617E+05
   1.39728E-01   3.64303E-03   8.07003E-01   1.35950E-03   4.82664E-02   3.05457E+04  -2.16451E+04  -2.74633E+04  -8.34511E+04  -1.21498E+05
   1.40728E-01   3.63880E-03   8.06065E-01   1.35792E-03   4.82103E-02   3.06764E+04  -2.16206E+04  -2.74933E+04  -8.35002E+04  -1.21377E+05
   1.41728E-01   3.63456E-03   8.05127E-01   1.35634E-03   4.81542E-02   3.08068E+04  -2.15966E+04  -2.75234E+04  -8.35489E+04  -1.21257E+05
   1.42728E-01   3.63033E-03   8.04189E-01   1.35476E-03   4.80981E-02   3.09368E+04  -2.15730E+04  -2.75536E+04  -8.35972E+04  -1.21136E+05
   1.43728E-01   3.62609E-03   8.03251E-01   1.35318E-03   4.80420E-02   3.10665E+04  -2.15499E+04  -2.75840E+04  -8.36450E+04  -1.21016E+05
   1.44728E-01   3.62186E-03   8.02313E-01   1.35160E-03   4.79859E-02   3.11959E+04  -2.15273E+04  -2.76145E+04  -8.36925E+04  -1.20895E+05
   1.45728E-01   3.61763E-03   8.01375E-01   1.35002E-03   4.79298E-02   3.13249E+04  -2.15050E+04  -2.76451E+04  -8.37394E+04  -1.20773E+05
   1.46728E-01   3.61339E-03   8.00437E-01   1.34844E-03   4.78737E-02   3.14535E+04  -2.14833E+04  -2.76759E+04  -8.37860E+04  -1.20652E+05
   1.47728E-01   3.60916E-03   7.99499E-01   1.34685E-03   4.78176E-02   3.15819E+04  -2.14619E+04  -2.77068E+04  -8.38320E+04  -1.20530E+05
   1.48728E-01   3.60492E-03   7.98561E-01   1.34527E-03   4.77615E-02   3.17099E+04  -2.14411E+04  -2.77379E+04  -8.38776E+04  -1.20408E+05
   1.49728E-01   3.60069E-03   7.97623E-01   1.34369E-03   4.77054E-02   3.18376E+04  -2.14207E+04  -2.77691E+04  -8.39227E+04  -1.20286E+05
   1.50728E-01   3.59645E-03   7.96685E-01   1.34211E-03   4.76493E-02   3.19650E+04  -2.14007E+04  -2.78004E+04  -8.39674E+04  -1.20163E+05
   1.51728E-01   3.59222E-03   7.95746E-01   1.34053E-03   4.75932E-02   3.20921E+04  -2.13812E+04  -2.78319E+04  -8.40115E+04  -1.20041E+05
   1.52728E-01   3.58798E-03   7.94808E-01   1.33895E-03   4.75371E-02   3.22189E+04  -2.13621E+04  -2.78635E+04  -8.40551E+04  -1.19918E+05
   1.53728E-01   3.58375E-03   7.93870E-01   1.33737E-03   4.74810E-02   3.23453E+04  -2.13435E+04  -2.78953E+04  -8.40983E+04  -1.19794E+05
   1.54728E-01   3.57951E-03   7.92932E-01   1.33579E-03   4.74248E-02   3.24715E+04  -2.13253E+04  -2.79272E+04  -8.41409E+04  -1.19671E+05
   1.55728E-01   3.57528E-03   7.91994E-01   1.33421E-03   4.73687E-02   3.25974E+04  -2.13076E+04  -2.79593E+04  -8.41830E+04  -1.19547E+05
   1.56728E-01   3.57104E-03   7.91056E-01   1.33263E-03   4.73126E-02   3.27231E+04  -2.12903E+04  -2.79915E+04  -8.42245E+04  -1.19423E+05
   1.57728E-01   3.56681E-03   7.90118E-01   1.33105E-03   4.72565E-02   3.28484E+04  -2.12735E+04  -2.80239E+04  -8.42655E+04  -1.19299E+05
   1.58728E-01   3.56257E-03   7.89180E-01   1.32947E-03   4.72004E-02   3.29735E+04  -2.12572E+04  -2.80564E+04  -8.43059E+04  -1.19174E+05
   1.59728E-01   3.55834E-03   7.88242E-01   1.32789E-03   4.71443E-02   3.30982E+04  -2.12413E+04  -2.80891E+04  -8.43458E+04  -1.19049E+05
   1.60728E-01   3.55410E-03   7.87304E-01   1.32631E-03   4.70882E-02   3.32228E+04  -2.12259E+04  -2.81219E+04  -8.43851E+04  -1.18924E+05
   1.61728E-01   3.54987E-03   7.86366E-01   1.32473E-03   4.70321E-02   3.33470E+04  -2.12109E+04  -2.81549E+04  -8.44237E+04  -1.18799E+05
   1.62728E-01   3.54563E-03   7.85428E-01   1.32315E-03   4.69760E-02   3.34710E+04  -2.11963E+04  -2.81880E+04  -8.44618E+04  -1.18673E+05
   1.63728E-01   3.54140E-03   7.84490E-01   1.32157E-03   4.69199E-02   3.35947E+04  -2.11823E+04  -2.82212E+04  -8.44992E+04  -1.18547E+05
   1.64728E-01   3.53717E-03   7.83551E-01   1.31999E-03   4.68638E-02   3.37182E+04  -2.11686E+04  -2.82547E+04  -8.45360E+04  -1.18420E+05
   1.65728E-01   3.53293E-03   7.82613E-01   1.31841E-03   4.68077E-02   3.38414E+04  -2.11554E+04  -2.82882E+04  -8.45722E+04  -1.18294E+05
   1.66728E-01   3.52870E-03   7.81675E-01   1.31683E-03   4.67516E-02   3.39643E+04  -2.11427E+04  -2.83220E+04  -8.46077E+04  -1.18167E+05
   1.67728E-01   3.52446E-03   7.80737E-01   1.31525E-03   4.66955E-02   3.40870E+04  -2.11304E+04  -2.83558E+04  -8.46424E+04  -1.18040E+05
   1.68728E-01   3.52023E-03   7.79799E-01   1.31367E-03   4.66394E-02   3.42094E+04  -2.11186E+04  -2.83898E+04  -8.46765E+04  -1.17912E+05
   1.69728E-01   3.51599E-03   7.78861E-01   1.31209E-03   4.65833E-02   3.43316E+04  -2.11072E+04  -2.84240E+04  -8.47098E+04  -1.17784E+05
   1.70728E-01   3.51176E-03   7.77923E-01   1.31051E-03   4.65272E-02   3.44534E+04  -2.10962E+04  -2.84583E+04  -8.47424E+04  -1.17656E+05
   1.71728E-01   3.50752E-03   7.76985E-01   1.30893E-03   4.64710E-02   3.45751E+04  -2.10857E+04  -2.84928E+04  -8.47742E+04  -1.17527E+05
   1.72728E-01   3.50329E-03   7.76047E-01   1.30735E-03   4.64149E-02   3.46964E+04  -2.10756E+04  -2.85274E+04  -8.48051E+04  -1.17398E+05
   1.73728E-01   3.49905E-03   7.75109E-01   1.30577E-03   4.63588E-02   3.48175E+04  -2.10659E+04  -2.85622E+04  -8.48352E+04  -1.17269E+05
   1.74728E-01   3.49482E-03   7.74171E-01   1.30419E-03   4.63027E-02   3.49383E+04  -2.10567E+04  -2.85971E+04  -8.48645E+04  -1.17139E+05
   1.75728E-01   3.49058E-03   7.73233E-01   1.30261E-03   4.62466E-02   3.50588E+04  -2.10478E+04  -2.86322E+04  -8.48928E+04  -1.17009E+05
   1.76728E-01   3.48635E-03   7.72294E-01   1.30103E-03   4.61905E-02   3.51790E+04  -2.10394E+04  -2.86674E+04  -8.49202E+04  -1.16878E+05
   1.77728E-01   3.48211E-03   7.71356E-01   1.29945E-03   4.61344E-02   3.52988E+04  -2.10314E+04  -2.87028E+04  -8.49465E+04  -1.16747E+05
   1.78728E-01   3.47788E-03   7.70418E-01   1.29787E-03   4.60783E-02   3.54184E+04  -2.10237E+04  -2.87383E+04  -8.49718E+04  -1.16616E+05
   1.79728E-01   3.47364E-03   7.69480E-01   1.29628E-03   4.60222E-02   3.55376E+04  -2.10165E+04  -2.87739E+04  -8.49961E+04  -1.16484E+05
   1.80728E-01   3.46941E-03   7.68542E-01   1.29470E-03   4.59661E-02   3.56565E+04  -2.10096E+04  -2.88097E+04  -8.50191E+04  -1.16351E+05
   1.81728E-01   3.46517E-03   7.67604E-01   1.29312E-03   4.59100E-02   3.57750E+04  -2.10030E+04  -2.88456E+04  -8.50410E+04  -1.16218E+05
   1.82728E-01   3.46094E-03   7.66666E-01   1.29154E-03   4.58539E-02   3.58931E+04  -2.09968E+04  -2.88816E+04  -8.50616E+04  -1.16085E+05
   1.83728E-01   3.45671E-03   7.65728E-01   1.28996E-03   4.57978E-02   3.60107E+04  -2.09909E+04  -2.89177E+04  -8.50808E+04  -1.15951E+05
   1.84728E-01   3.45247E-03   7.64790E-01   1.28838E-03   4.57417E-02   3.61280E+04  -2.09853E+04  -2.89540E+04  -8.50985E+04  -1.15817E+05
   1.85728E-01   3.44824E-03   7.63852E-01   1.28680E-03   4.56856E-02   3.62447E+04  -2.09800E+04  -2.89903E+04  -8.51148E+04  -1.15682E+05
   1.86728E-01   3.44400E-03   7.62914E-01   1.28522E-03   4.56295E-02   3.63609E+04  -2.09750E+04  -2.90268E+04  -8.51294E+04  -1.15546E+05
   1.87728E-01   3.43977E-03   7.61976E-01   1.28364E-03   4.55734E-02   3.64766E+04  -2.09702E+04  -2.90634E+04  -8.51423E+04  -1.15410E+05
   1.88728E-01   3.43553E-03   7.61038E-01   1.28206E-03   4.55172E-02   3.65917E+04  -2.09656E+04  -2.91000E+04  -8.51534E+04  -1.15273E+05
   1.89728E-01   3.43130E-03   7.60099E-01   1.28048E-03   4.54611E-02   3.67062E+04  -2.09611E+04  -2.91367E+04  -8.51625E+04  -1.15136E+05
   1.90728E-01   3.42706E-03   7.59161E-01   1.27890E-03   4.54050E-02   3.68200E+04  -2.09568E+04  -2.91735E+04  -8.51695E+04  -1.14997E+05
   1.91728E-01   3.42283E-03   7.58223E-01   1.27732E-03   4.53489E-02   3.69330E+04  -2.09526E+04  -2.92103E+04  -8.51743E+04  -1.14858E+05
   1.92728E-01   3.41859E-03   7.57285E-01   1.27574E-03   4.52928E-02   3.70453E+04  -2.09485E+04  -2.92472E+04  -8.51766E+04  -1.14718E+05
   1.93728E-01   3.41436E-03   7.56347E-01   1.27416E-03   4.52367E-02   3.71566E+04  -2.09444E+04  -2.92840E+04  -8.51763E+04  -1.14577E+05
   1.94728E-01   3.41012E-03   7.55409E-01   1.27258E-03   4.51806E-02   3.72671E+04  -2.09402E+04  -2.93209E+04  -8.51733E+04  -1.14436E+05
   1.95728E-01   3.40589E-03   7.54471E-01   1.27100E-03   4.51245E-02   3.73765E+04  -2.09359E+04  -2.93578E+04  -8.51673E+04  -1.14293E+05
   1.96728E-01   3.40165E-03   7.53533E-01   1.26942E-03   4.50684E-02   3.74848E+04  -2.09314E+04  -2.93946E+04  -8.51580E+04  -1.14149E+05
   1.97728E-01   3.39742E-03   7.52595E-01   1.26784E-03   4.50123E-02   3.75900E+04  -2.09258E+04  -2.94310E+04  -8.51417E+04  -1.14003E+05
   1.98728E-01   3.39318E-03   7.51657E-01   1.26626E-03   4.49562E-02   3.76109E+04  -2.08757E+04  -2.94484E+04  -8.49593E+04  -1.13812E+05
   1.99728E-01   3.38895E-03   7.50719E-01   1.26468E-03   4.49001E-02   3.76410E+04  -2.08302E+04  -2.94681E+04  -8.47918E+04  -1.13625E+05
   2.00728E-01   3.38471E-03   7.49781E-01   1.26310E-03   4.48440E-02   3.76797E+04  -2.07889E+04  -2.94898E+04  -8.46383E+04  -1.13441E+05
   2.01728E-01   3.38048E-03   7.48843E-01   1.26152E-03   4.47879E-02   3.77265E+04  -2.07516E+04  -2.95136E+04  -8.44980E+04  -1.13260E+05
   2.02728E-01   3.37625E-03   7.47904E-01   1.25994E-03   4.47318E-02   3.77809E+04  -2.07184E+04  -2.95394E+04  -8.43703E+04  -1.13082E+05
   2.03728E-01   3.37201E-03   7.46966E-01   1.25836E-03   4.46757E-02   3.78425E+04  -2.06889E+04  -2.95669E+04  -8.42543E+04  -1.12907E+05
   2.04728E-01   3.36778E-03   7.46028E-01   1.25678E-03   4.46195E-02   3.79109E+04  -2.06630E+04  -2.95962E+04  -8.41495E+04  -1.12734E+05
   2.05728E-01   3.36354E-03   7.45090E-01   1.25520E-03   4.45634E-02   3.79858E+04  -2.06407E+04  -2.96273E+04  -8.40552E+04  -1.12564E+05
   2.06728E-01   3.35931E-03   7.44152E-01   1.25362E-03   4.45073E-02   3.80666E+04  -2.06219E+04  -2.96599E+04  -8.39709E+04  -1.12397E+05
   2.07728E-01   3.35507E-03   7.43214E-01   1.25204E-03   4.44512E-02   3.81532E+04  -2.06063E+04  -2.96941E+04  -8.38961E+04  -1.12232E+05
   2.08728E-01   3.35084E-03   7.42276E-01   1.25046E-03   4.43951E-02   3.82452E+04  -2.05940E+04  -2.97298E+04  -8.38304E+04  -1.12068E+05
   2.09728E-01   3.34660E-03   7.41338E-01   1.24888E-03   4.43390E-02   3.83424E+04  -2.05847E+04  -2.97670E+04  -8.37732E+04  -1.11908E+05
   2.10728E-01   3.34237E-03   7.40400E-01   1.24730E-03   4.42829E-02   3.84445E+04  -2.05786E+04  -2.98056E+04  -8.37242E+04  -1.11749E+05
   2.11728E-01   3.33813E-03   7.39462E-01   1.24571E-03   4.42268E-02   3.85512E+04  -2.05754E+04  -2.98455E+04  -8.36830E+04  -1.11592E+05
   2.12728E-01   3.33390E-03   7.38524E-01   1.24413E-03   4.41707E-02   3.86623E+04  -2.05751E+04  -2.98868E+04  -8.36492E+04  -1.11436E+05
   2.13728E-01   3.32966E-03   7.37586E-01   1.24255E-03   4.41146E-02   3.87777E+04  -2.05776E+04  -2.99293E+04  -8.36225E+04  -1.11283E+05
   2.14728E-01   3.32543E-03   7.36647E-01   1.24097E-03   4.40585E-02   3.88970E+04  -2.05829E+04  -2.99731E+04  -8.36026E+04  -1.11132E+05
   2.15728E-01   3.32119E-03   7.35709E-01   1.23939E-03   4.40024E-02   3.90202E+04  -2.05910E+04  -3.00180E+04  -8.35892E+04  -1.10982E+05
   2.16728E-01   3.31696E-03   7.34771E-01   1.23781E-03   4.39463E-02   3.91471E+04  -2.06017E+04  -3.00642E+04  -8.35821E+04  -1.10833E+05
   2.17728E-01   3.31272E-03   7.33833E-01   1.23623E-03   4.38902E-02   3.92774E+04  -2.06150E+04  -3.01114E+04  -8.35809E+04  -1.10686E+05
   2.18728E-01   3.30849E-03   7.32895E-01   1.23465E-03   4.38341E-02   3.94110E+04  -2.06308E+04  -3.01598E+04  -8.35854E+04  -1.10541E+05
   2.19728E-01   3.30425E-03   7.31957E-01   1.23307E-03   4.37780E-02   3.95479E+04  -2.06493E+04  -3.02093E+04  -8.35955E+04  -1.10397E+05
   2.20728E-01   3.30002E-03   7.31019E-01   1.23149E-03   4.37219E-02   3.96878E+04  -2.06701E+04  -3.02598E+04  -8.36108E+04  -1.10255E+05
   2.21728E-01   3.29578E-03   7.30081E-01   1.22991E-03   4.36657E-02   3.98306E+04  -2.06935E+04  -3.03114E+04  -8.36312E+04  -1.10114E+05
   2.22728E-01   3.29155E-03   7.29143E-01   1.22833E-03   4.36096E-02   3.99762E+04  -2.07193E+04  -3.03639E+04  -8.36566E+04  -1.09974E+05
   2.23728E-01   3.28732E-03   7.28205E-01   1.22675E-03   4.35535E-02   4.01245E+04  -2.07474E+04  -3.04174E+04  -8.36866E+04  -1.09836E+05
   2.24728E-01   3.28308E-03   7.27267E-01   1.22517E-03   4.34974E-02   4.02754E+04  -2.07779E+04  -3.04720E+04  -8.37212E+04  -1.09698E+05
   2.25728E-01   3.27885E-03   7.26329E-01   1.22359E-03   4.34413E-02   4.04288E+04  -2.08108E+04  -3.05274E+04  -8.37603E+04  -1.09563E+05
   2.26728E-01   3.27461E-03   7.25391E-01   1.22201E-03   4.33852E-02   4.05846E+04  -2.08459E+04  -3.05838E+04  -8.38035E+04  -1.09428E+05
   2.27728E-01   3.27038E-03   7.24452E-01   1.22043E-03   4.33291E-02   4.07427E+04  -2.08834E+04  -3.06411E+04  -8.38509E+04  -1.09294E+05
   2.28728E-01   3.26614E-03   7.23514E-01   1.21885E-03   4.32730E-02   4.09030E+04  -2.09231E+04  -3.06993E+04  -8.39022E+04  -1.09162E+05
   2.29728E-01   3.26191E-03   7.22576E-01   1.21727E-03   4.32169E-02   4.10654E+04  -2.09650E+04  -3.07583E+04  -8.39574E+04  -1.09030E+05
   2.30728E-01   3.25767E-03   7.21638E-01   1.21569E-03   4.31608E-02   4.12299E+04  -2.10092E+04  -3.08183E+04  -8.40163E+04  -1.08900E+05
   2.31728E-01   3.25344E-03   7.20700E-01   1.21411E-03   4.31047E-02   4.13964E+04  -2.10556E+04  -3.08791E+04  -8.40789E+04  -1.08771E+05
   2.32728E-01   3.24920E-03   7.19762E-01   1.21253E-03   4.30486E-02   4.15648E+04  -2.11042E+04  -3.09407E+04  -8.41449E+04  -1.08643E+05
   2.33728E-01   3.24497E-03   7.18824E-01   1.21095E-03   4.29925E-02   4.17350E+04  -2.11550E+04  -3.10032E+04  -8.42144E+04  -1.08515E+05
   2.34728E-01   3.24073E-03   7.17886E-01   1.20937E-03   4.29364E-02   4.19070E+04  -2.12079E+04  -3.10664E+04  -8.42871E+04  -1.08389E+05
   2.35728E-01   3.23650E-03   7.16948E-01   1.20779E-03   4.28803E-02   4.20807E+04  -2.12630E+04  -3.11305E+04  -8.43631E+04  -1.08264E+05
   2.36728E-01   3.23226E-03   7.16010E-01   1.20621E-03   4.28242E-02   4.22562E+04  -2.13202E+04  -3.11954E+04  -8.44421E+04  -1.08140E+05
   2.37728E-01   3.22803E-03   7.15072E-01   1.20463E-03   4.27681E-02   4.24332E+04  -2.13796E+04  -3.12610E+04  -8.45243E+04  -1.08017E+05
   2.38728E-01   3.22379E-03   7.14134E-01   1.20305E-03   4.27119E-02   4.26118E+04  -2.14411E+04  -3.13275E+04  -8.46093E+04  -1.07894E+05
   2.39728E-01   3.21956E-03   7.13196E-01   1.20147E-03   4.26558E-02   4.27919E+04  -2.15047E+04  -3.13947E+04  -8.46973E+04  -1.07773E+05
   2.40728E-01   3.21532E-03   7.12257E-01   1.19989E-03   4.25997E-02   4.29734E+04  -2.15705E+04  -3.14626E+04  -8.47881E+04  -1.07652E+05
   2.41728E-01   3.21109E-03   7.11319E-01   1.19831E-03   4.25436E-02   4.31564E+04  -2.16383E+04  -3.15313E+04  -8.48816E+04  -1.07533E+05
   2.42728E-01   3.20686E-03   7.10381E-01   1.19673E-03   4.24875E-02   4.33408E+04  -2.17083E+04  -3.16008E+04  -8.49777E+04  -1.07414E+05
   2.43728E-01   3.20262E-03   7.09443E-01   1.19514E-03   4.24314E-02   4.35265E+04  -2.17803E+04  -3.16710E+04  -8.50765E+04  -1.07296E+05
   2.44728E-01   3.19839E-03   7.08505E-01   1.19356E-03   4.23753E-02   4.37135E+04  -2.18544E+04  -3.17419E+04  -8.51779E+04  -1.07179E+05
   2.45728E-01   3.19415E-03   7.07567E-01   1.19198E-03   4.23192E-02   4.39018E+04  -2.19307E+04  -3.18135E+04  -8.52817E+04  -1.07063E+05
   2.46728E-01   3.18992E-03   7.06629E-01   1.19040E-03   4.22631E-02   4.40912E+04  -2.20090E+04  -3.18859E+04  -8.53880E+04  -1.06947E+05
   2.47728E-01   3.18568E-03   7.05691E-01   1.18882E-03   4.22070E-02   4.42819E+04  -2.20894E+04  -3.19589E+04  -8.54966E+04  -1.06833E+05
   2.48728E-01   3.18145E-03   7.04753E-01   1.18724E-03   4.21509E-02   4.44738E+04  -2.21719E+04  -3.20327E+04  -8.56076E+04  -1.06719E+05
   2.49728E-01   3.17721E-03   7.03815E-01   1.18566E-03   4.20948E-02   4.46668E+04  -2.22564E+04  -3.21072E+04  -8.57209E+04  -1.06606E+05
   2.50728E-01   3.17298E-03   7.02877E-01   1.18408E-03   4.20387E-02   4.48608E+04  -2.23431E+04  -3.21823E+04  -8.58364E+04  -1.06494E+05
   2.51728E-01   3.16874E-03   7.01939E-01   1.18250E-03   4.19826E-02   4.50560E+04  -2.24318E+04  -3.22582E+04  -8.59541E+04  -1.06382E+05
   2.52728E-01   3.16451E-03   7.01000E-01   1.18092E-03   4.19265E-02   4.52522E+04  -2.25226E+04  -3.23348E+04  -8.60740E+04  -1.06272E+05
   2.53728E-01   3.16027E-03   7.00062E-01   1.17934E-03   4.18704E-02   4.54494E+04  -2.26155E+04  -3.24120E+04  -8.61960E+04  -1.06162E+05
   2.54728E-01   3.15604E-03   6.99124E-01   1.17776E-03   4.18142E-02   4.56475E+04  -2.27105E+04  -3.24899E+04  -8.63200E+04  -1.06053E+05
   2.55728E-01   3.15180E-03   6.98186E-01   1.17618E-03   4.17581E-02   4.58467E+04  -2.28076E+04  -3.25685E+04  -8.64461E+04  -1.05944E+05
   2.56728E-01   3.14757E-03   6.97248E-01   1.17460E-03   4.17020E-02   4.60468E+04  -2.29068E+04  -3.26477E+04  -8.65742E+04  -1.05837E+05
   2.57728E-01   3.14333E-03   6.96310E-01   1.17302E-03   4.16459E-02   4.62478E+04  -2.30080E+04  -3.27276E+04  -8.67042E+04  -1.05730E+05
   2.58728E-01   3.13910E-03   6.95372E-01   1.17144E-03   4.15898E-02   4.64497E+04  -2.31114E+04  -3.28082E+04  -8.68362E+04  -1.05624E+05
   2.59728E-01   3.13486E-03   6.94434E-01   1.16986E-03   4.15337E-02   4.66525E+04  -2.32168E+04  -3.28895E+04  -8.69701E+04  -1.05519E+05
   2.60728E-01   3.13063E-03   6.93496E-01   1.16828E-03   4.14776E-02   4.68562E+04  -2.33244E+04  -3.29714E+04  -8.71059E+04  -1.05414E+05
   2.61728E-01   3.12640E-03   6.92558E-01   1.16670E-03   4.14215E-02   4.70607E+04  -2.34341E+04  -3.30540E+04  -8.72435E+04  -1.05310E+05
   2.62728E-01   3.12216E-03   6.91620E-01   1.16512E-03   4.13654E-02   4.72660E+04  -2.35459E+04  -3.31372E+04  -8.73829E+04  -1.05207E+05
   2.63728E-01   3.11793E-03   6.90682E-01   1.16354E-03   4.13093E-02   4.74721E+04  -2.36598E+04  -3.32211E+04  -8.75241E+04  -1.05104E+05
   2.64728E-01   3.11369E-03   6.89744E-01   1.16196E-03   4.12532E-02   4.76790E+04  -2.37758E+04  -3.33056E+04  -8.76670E+04  -1.05003E+05
   2.65728E-01   3.10946E-03   6.88805E-01   1.16038E-03   4.11971E-02   4.78867E+04  -2.38939E+04  -3.33908E+04  -8.78117E+04  -1.04902E+05
   2.66728E-01   3.10522E-03   6.87867E-01   1.15880E-03   4.11410E-02   4.80951E+04  -2.40142E+04  -3.34766E+04  -8.79581E+04  -1.04801E+05
   2.67728E-01   3.10099E-03   6.86929E-01   1.15722E-03   4.10849E-02   4.83043E+04  -2.41367E+04  -3.35631E+04  -8.81062E+04  -1.04702E+05
   2.68728E-01   3.09675E-03   6.85991E-01   1.15564E-03   4.10288E-02   4.85142E+04  -2.42612E+04  -3.36502E+04  -8.82559E+04  -1.04603E+05
   2.69728E-01   3.09252E-03   6.85053E-01   1.15406E-03   4.09727E-02   4.87247E+04  -2.43880E+04  -3.37379E+04  -8.84073E+04  -1.04504E+05
   2.70728E-01   3.08828E-03   6.84115E-01   1.15248E-03   4.09166E-02   4.89360E+04  -2.45169E+04  -3.38263E+04  -8.85604E+04  -1.04407E+05
   2.71728E-01   3.08405E-03   6.83177E-01   1.15090E-03   4.08604E-02   4.91480E+04  -2.46479E+04  -3.39153E+04  -8.87150E+04  -1.04310E+05
   2.72728E-01   3.07981E-03   6.82239E-01   1.14932E-03   4.08043E-02   4.93606E+04  -2.47811E+04  -3.40050E+04  -8.88712E+04  -1.04214E+05
   2.73728E-01   3.07558E-03   6.81301E-01   1.14774E-03   4.07482E-02   4.95739E+04  -2.49166E+04  -3.40953E+04  -8.90290E+04  -1.04118E+05
   2.74728E-01   3.07134E-03   6.80363E-01   1.14616E-03   4.06921E-02   4.97878E+04  -2.50542E+04  -3.41863E+04  -8.91883E+04  -1.04024E+05
   2.75728E-01   3.06711E-03   6.79425E-01   1.14457E-03   4.06360E-02   5.00024E+04  -2.51940E+04  -3.42779E+04  -8.93492E+04  -1.03930E+05
   2.76728E-01   3.06287E-03   6.78487E-01   1.14299E-03   4.05799E-02   5.02176E+04  -2.53360E+04  -3.43701E+04  -8.95116E+04  -1.03836E+05
   2.77728E-01   3.05864E-03   6.77549E-01   1.14141E-03   4.05238E-02   5.04334E+04  -2.54802E+04  -3.44629E+04  -8.96755E+04  -1.03744E+05
   2.78728E-01   3.05440E-03   6.76610E-01   1.13983E-03   4.04677E-02   5.06498E+04  -2.56266E+04  -3.45564E+04  -8.98408E+04  -1.03651E+05
   2.79728E-01   3.05017E-03   6.75672E-01   1.13825E-03   4.04116E-02   5.08668E+04  -2.57753E+04  -3.46505E+04  -9.00077E+04  -1.03560E+05
   2.80728E-01   3.04593E-03   6.74734E-01   1.13667E-03   4.03555E-02   5.10843E+04  -2.59262E+04  -3.47453E+04  -9.01760E+04  -1.03469E+05
   2.81728E-01   3.04170E-03   6.73796E-01   1.13509E-03   4.02994E-02   5.13025E+04  -2.60794E+04  -3.48407E+04  -9.03457E+04  -1.03379E+05
   2.82728E-01   3.03747E-03   6.72858E-01   1.13351E-03   4.02433E-02   5.15212E+04  -2.62348E+04  -3.49367E+04  -9.05169E+04  -1.03290E+05
   2.83728E-01   3.03323E-03   6.71920E-01   1.13193E-03   4.01872E-02   5.17404E+04  -2.63925E+04  -3.50333E+04  -9.06895E+04  -1.03202E+05
   2.84728E-01   3.02900E-03   6.70982E-01   1.13035E-03   4.01311E-02   5.19602E+04  -2.65525E+04  -3.51306E+04  -9.08635E+04  -1.03114E+05
   2.85728E-01   3.02476E-03   6.70044E-01   1.12877E-03   4.00750E-02   5.21805E+04  -2.67148E+04  -3.52285E+04  -9.10389E+04  -1.03026E+05
   2.86728E-01   3.02053E-03   6.69106E-01   1.12719E-03   4.00189E-02   5.24014E+04  -2.68794E+04  -3.53271E+04  -9.12157E+04  -1.02940E+05
   2.87728E-01   3.01629E-03   6.68168E-01   1.12561E-03   3.99628E-02   5.26228E+04  -2.70463E+04  -3.54263E+04  -9.13939E+04  -1.02854E+05
   2.88728E-01   3.01206E-03   6.67230E-01   1.12403E-03   3.99066E-02   5.28447E+04  -2.72155E+04  -3.55261E+04  -9.15734E+04  -1.02768E+05
   2.89728E-01   3.00782E-03   6.66292E-01   1.12245E-03   3.98505E-02   5.30671E+04  -2.73870E+04  -3.56265E+04  -9.17543E+04  -1.02684E+05
   2.90728E-01   3.00359E-03   6.65353E-01   1.12087E-03   3.97944E-02   5.32900E+04  -2.75609E+04  -3.57276E+04  -9.19365E+04  -1.02600E+05
   2.91728E-01   2.99935E-03   6.64415E-01   1.11929E-03   3.97383E-02   5.35133E+04  -2.77371E+04  -3.58293E+04  -9.21201E+04  -1.02517E+05
   2.92728E-01   2.99512E-03   6.63477E-01   1.11771E-03   3.96822E-02   5.37372E+04  -2.79157E+04  -3.59317E+04  -9.23049E+04  -1.02434E+05
   2.93728E-01   2.99088E-03   6.62539E-01   1.11613E-03   3.96261E-02   5.39615E+04  -2.80967E+04  -3.60347E+04  -9.24911E+04  -1.02352E+05
   2.94728E-01   2.98665E-03   6.61601E-01   1.11455E-03   3.95700E-02   5.41864E+04  -2.82801E+04  -3.61383E+04  -9.26787E+04  -1.02271E+05
   2.95728E-01   2.98241E-03   6.60663E-01   1.11297E-03   3.95139E-02   5.44116E+04  -2.84659E+04  -3.62426E+04  -9.28675E+04  -1.02191E+05
   2.96728E-01   2.97818E-03   6.59725E-01   1.11139E-03   3.94578E-02   5.46374E+04  -2.86541E+04  -3.63474E+04  -9.30576E+04  -1.02111E+05
   2.97728E-01   2.97394E-03   6.58787E-01   1.10981E-03   3.94017E-02   5.48636E+04  -2.88447E+04  -3.64530E+04  -9.32490E+04  -1.02032E+05
   2.98728E-01   2.96971E-03   6.57849E-01   1.10823E-03   3.93456E-02   5.50902E+04  -2.90378E+04  -3.65591E+04  -9.34416E+04  -1.01953E+05
   2.99728E-01   2.96547E-03   6.56911E-01   1.10665E-03   3.92895E-02   5.53173E+04  -2.92333E+04  -3.66660E+04  -9.36356E+04  -1.01875E+05
   2.99990E-01   2.96436E-03   6.56665E-01   1.10623E-03   3.92748E-02   5.53770E+04  -2.92850E+04  -3.66941E+04  -9.36867E+04  -1.01855E+05

 Phase Region for:
     FCC_A1#1                      
 col-1=X(C), col-2=X(CU), col-3=X(FE), col-4=X(MN), col-5=X(SI), col-6=MU(C), col-7=MU(CU), col-8=MU(FE), col-9=MU(MN), col-10=MU(SI),
   9.72763E-03   4.19355E-03   9.28954E-01   1.56494E-03   5.55602E-02   3.34967E+03  -2.82512E+04  -2.46682E+04  -7.62067E+04  -1.36089E+05
   8.72763E-03   4.19779E-03   9.29892E-01   1.56652E-03   5.56163E-02   2.61982E+03  -2.83237E+04  -2.46543E+04  -7.61577E+04  -1.36196E+05
   7.72763E-03   4.20202E-03   9.30830E-01   1.56810E-03   5.56724E-02   1.81068E+03  -2.83965E+04  -2.46405E+04  -7.61088E+04  -1.36303E+05
   6.72763E-03   4.20626E-03   9.31768E-01   1.56968E-03   5.57285E-02   9.00148E+02  -2.84695E+04  -2.46268E+04  -7.60600E+04  -1.36410E+05
   5.72763E-03   4.21049E-03   9.32706E-01   1.57126E-03   5.57846E-02  -1.44559E+02  -2.85427E+04  -2.46132E+04  -7.60115E+04  -1.36517E+05
   4.72763E-03   4.21472E-03   9.33644E-01   1.57284E-03   5.58407E-02  -1.37524E+03  -2.86162E+04  -2.45997E+04  -7.59630E+04  -1.36624E+05
   3.72763E-03   4.21896E-03   9.34582E-01   1.57442E-03   5.58969E-02  -2.88099E+03  -2.86899E+04  -2.45863E+04  -7.59147E+04  -1.36730E+05
   2.72763E-03   4.22319E-03   9.35520E-01   1.57600E-03   5.59530E-02  -4.83566E+03  -2.87638E+04  -2.45730E+04  -7.58666E+04  -1.36837E+05
   1.72763E-03   4.22743E-03   9.36458E-01   1.57758E-03   5.60091E-02  -7.65806E+03  -2.88380E+04  -2.45597E+04  -7.58186E+04  -1.36943E+05
   7.27626E-04   4.23166E-03   9.37396E-01   1.57916E-03   5.60652E-02  -1.29337E+04  -2.89124E+04  -2.45466E+04  -7.57707E+04  -1.37050E+05
   1.00000E-05   4.23470E-03   9.38070E-01   1.58029E-03   5.61054E-02  -3.87658E+04  -2.89659E+04  -2.45372E+04  -7.57365E+04  -1.37126E+05

 Phase Region for:
     FCC_A1#2                      
 col-1=X(C), col-2=X(CU), col-3=X(FE), col-4=X(MN), col-5=X(SI), col-6=MU(C), col-7=MU(CU), col-8=MU(FE), col-9=MU(MN), col-10=MU(SI),
   9.72763E-03   9.89301E-01   5.96010E-04   3.75553E-04   3.81672E-09   2.10705E+05  -2.95261E+04  -2.51338E+04  -7.63474E+04  -1.37673E+05
   1.07276E-02   9.88244E-01   6.34786E-04   3.93424E-04   3.97629E-09   2.11041E+05  -2.95296E+04  -2.51373E+04  -7.63510E+04  -1.37677E+05
   1.17276E-02   9.87184E-01   6.76166E-04   4.12165E-04   4.14310E-09   2.11323E+05  -2.95328E+04  -2.51406E+04  -7.63542E+04  -1.37680E+05
   1.27276E-02   9.86120E-01   7.20332E-04   4.31820E-04   4.31756E-09   2.11559E+05  -2.95357E+04  -2.51435E+04  -7.63572E+04  -1.37683E+05
   1.37276E-02   9.85052E-01   7.67481E-04   4.52433E-04   4.50006E-09   2.11756E+05  -2.95383E+04  -2.51462E+04  -7.63599E+04  -1.37685E+05
   1.47276E-02   9.83980E-01   8.17822E-04   4.74054E-04   4.69105E-09   2.11919E+05  -2.95407E+04  -2.51486E+04  -7.63623E+04  -1.37688E+05
   1.57276E-02   9.82904E-01   8.71582E-04   4.96731E-04   4.89098E-09   2.12052E+05  -2.95427E+04  -2.51506E+04  -7.63643E+04  -1.37690E+05
   1.67276E-02   9.81823E-01   9.29004E-04   5.20519E-04   5.10035E-09   2.12159E+05  -2.95445E+04  -2.51524E+04  -7.63661E+04  -1.37692E+05
   1.77276E-02   9.80737E-01   9.90349E-04   5.45474E-04   5.31970E-09   2.12242E+05  -2.95460E+04  -2.51539E+04  -7.63676E+04  -1.37693E+05
   1.87276E-02   9.79645E-01   1.05590E-03   5.71654E-04   5.54960E-09   2.12303E+05  -2.95471E+04  -2.51550E+04  -7.63687E+04  -1.37694E+05
   1.97276E-02   9.78547E-01   1.12596E-03   5.99121E-04   5.79066E-09   2.12345E+05  -2.95479E+04  -2.51558E+04  -7.63696E+04  -1.37695E+05
   2.07276E-02   9.77444E-01   1.20086E-03   6.27940E-04   6.04355E-09   2.12368E+05  -2.95484E+04  -2.51563E+04  -7.63701E+04  -1.37695E+05
   2.17276E-02   9.76333E-01   1.28094E-03   6.58181E-04   6.30899E-09   2.12375E+05  -2.95485E+04  -2.51565E+04  -7.63702E+04  -1.37696E+05
   2.27276E-02   9.75216E-01   1.36660E-03   6.89915E-04   6.58773E-09   2.12366E+05  -2.95483E+04  -2.51563E+04  -7.63700E+04  -1.37695E+05
   2.37276E-02   9.74091E-01   1.45824E-03   7.23220E-04   6.88063E-09   2.12342E+05  -2.95477E+04  -2.51557E+04  -7.63694E+04  -1.37695E+05
   2.47276E-02   9.72958E-01   1.55631E-03   7.58175E-04   7.18858E-09   2.12304E+05  -2.95468E+04  -2.51547E+04  -7.63685E+04  -1.37694E+05
   2.57276E-02   9.71816E-01   1.66130E-03   7.94865E-04   7.51256E-09   2.12252E+05  -2.95455E+04  -2.51534E+04  -7.63671E+04  -1.37693E+05
   2.67276E-02   9.70665E-01   1.77371E-03   8.33381E-04   7.85365E-09   2.12188E+05  -2.95437E+04  -2.51516E+04  -7.63654E+04  -1.37691E+05
   2.77276E-02   9.69504E-01   1.89412E-03   8.73816E-04   8.21302E-09   2.12111E+05  -2.95416E+04  -2.51495E+04  -7.63632E+04  -1.37689E+05
   2.87276E-02   9.68333E-01   2.02315E-03   9.16271E-04   8.59193E-09   2.12022E+05  -2.95390E+04  -2.51469E+04  -7.63606E+04  -1.37686E+05
   2.97276E-02   9.67150E-01   2.16145E-03   9.60851E-04   8.99180E-09   2.11921E+05  -2.95360E+04  -2.51438E+04  -7.63575E+04  -1.37683E+05
   3.07276E-02   9.65955E-01   2.30976E-03   1.00767E-03   9.41415E-09   2.11809E+05  -2.95324E+04  -2.51403E+04  -7.63540E+04  -1.37680E+05
   3.17276E-02   9.64747E-01   2.46886E-03   1.05684E-03   9.86067E-09   2.11685E+05  -2.95284E+04  -2.51363E+04  -7.63500E+04  -1.37676E+05
   3.27276E-02   9.63524E-01   2.63962E-03   1.10849E-03   1.03332E-08   2.11549E+05  -2.95239E+04  -2.51317E+04  -7.63454E+04  -1.37671E+05
   3.37276E-02   9.62287E-01   2.82298E-03   1.16275E-03   1.08339E-08   2.11402E+05  -2.95189E+04  -2.51267E+04  -7.63403E+04  -1.37666E+05
   3.47276E-02   9.61033E-01   3.01995E-03   1.21976E-03   1.13650E-08   2.11243E+05  -2.95132E+04  -2.51210E+04  -7.63347E+04  -1.37660E+05
   3.57276E-02   9.59761E-01   3.23168E-03   1.27968E-03   1.19290E-08   2.11072E+05  -2.95070E+04  -2.51147E+04  -7.63284E+04  -1.37654E+05
   3.67276E-02   9.58470E-01   3.45940E-03   1.34265E-03   1.25288E-08   2.10889E+05  -2.95001E+04  -2.51078E+04  -7.63215E+04  -1.37647E+05
   3.77276E-02   9.57159E-01   3.70446E-03   1.40885E-03   1.31677E-08   2.10694E+05  -2.94926E+04  -2.51003E+04  -7.63139E+04  -1.37640E+05
   3.87276E-02   9.55826E-01   3.96836E-03   1.47846E-03   1.38492E-08   2.10485E+05  -2.94843E+04  -2.50920E+04  -7.63056E+04  -1.37631E+05
   3.97276E-02   9.54468E-01   4.25275E-03   1.55166E-03   1.45773E-08   2.10264E+05  -2.94752E+04  -2.50829E+04  -7.62965E+04  -1.37622E+05
   4.07276E-02   9.53084E-01   4.55947E-03   1.62867E-03   1.53567E-08   2.10029E+05  -2.94654E+04  -2.50730E+04  -7.62866E+04  -1.37613E+05
   4.17276E-02   9.51672E-01   4.89054E-03   1.70969E-03   1.61927E-08   2.09780E+05  -2.94547E+04  -2.50622E+04  -7.62758E+04  -1.37602E+05
   4.27276E-02   9.50229E-01   5.24822E-03   1.79496E-03   1.70912E-08   2.09515E+05  -2.94430E+04  -2.50505E+04  -7.62641E+04  -1.37590E+05
   4.37276E-02   9.48753E-01   5.63504E-03   1.88474E-03   1.80592E-08   2.09235E+05  -2.94303E+04  -2.50378E+04  -7.62514E+04  -1.37578E+05
   4.47276E-02   9.47239E-01   6.05381E-03   1.97929E-03   1.91046E-08   2.08937E+05  -2.94166E+04  -2.50240E+04  -7.62375E+04  -1.37564E+05
   4.57276E-02   9.45686E-01   6.50773E-03   2.07891E-03   2.02367E-08   2.08621E+05  -2.94016E+04  -2.50090E+04  -7.62225E+04  -1.37549E+05
   4.67276E-02   9.44088E-01   7.00037E-03   2.18391E-03   2.14664E-08   2.08286E+05  -2.93854E+04  -2.49927E+04  -7.62062E+04  -1.37533E+05
   4.77276E-02   9.42442E-01   7.53582E-03   2.29464E-03   2.28063E-08   2.07931E+05  -2.93677E+04  -2.49750E+04  -7.61885E+04  -1.37515E+05
   4.87276E-02   9.40742E-01   8.11871E-03   2.41147E-03   2.42716E-08   2.07552E+05  -2.93486E+04  -2.49558E+04  -7.61692E+04  -1.37496E+05
   4.97276E-02   9.38983E-01   8.75438E-03   2.53483E-03   2.58805E-08   2.07149E+05  -2.93277E+04  -2.49349E+04  -7.61483E+04  -1.37475E+05
   5.07276E-02   9.37158E-01   9.44898E-03   2.66516E-03   2.76545E-08   2.06720E+05  -2.93050E+04  -2.49121E+04  -7.61255E+04  -1.37452E+05
   5.17276E-02   9.35260E-01   1.02096E-02   2.80299E-03   2.96201E-08   2.06261E+05  -2.92802E+04  -2.48872E+04  -7.61006E+04  -1.37428E+05
   5.27276E-02   9.33279E-01   1.10448E-02   2.94888E-03   3.18099E-08   2.05769E+05  -2.92531E+04  -2.48601E+04  -7.60734E+04  -1.37400E+05
   5.37276E-02   9.31205E-01   1.19643E-02   3.10349E-03   3.42642E-08   2.05241E+05  -2.92234E+04  -2.48303E+04  -7.60436E+04  -1.37371E+05
   5.47276E-02   9.29025E-01   1.29800E-02   3.26756E-03   3.70340E-08   2.04672E+05  -2.91908E+04  -2.47976E+04  -7.60109E+04  -1.37338E+05
   5.57276E-02   9.26724E-01   1.41064E-02   3.44197E-03   4.01843E-08   2.04056E+05  -2.91548E+04  -2.47615E+04  -7.59748E+04  -1.37302E+05
   5.67276E-02   9.24284E-01   1.53610E-02   3.62775E-03   4.38001E-08   2.03388E+05  -2.91150E+04  -2.47216E+04  -7.59348E+04  -1.37262E+05
   5.77276E-02   9.21680E-01   1.67658E-02   3.82613E-03   4.79938E-08   2.02659E+05  -2.90707E+04  -2.46773E+04  -7.58904E+04  -1.37218E+05
   5.87276E-02   9.18885E-01   1.83490E-02   4.03864E-03   5.29187E-08   2.01859E+05  -2.90212E+04  -2.46276E+04  -7.58407E+04  -1.37169E+05
   5.97276E-02   9.15858E-01   2.01472E-02   4.26721E-03   5.87895E-08   2.00973E+05  -2.89654E+04  -2.45717E+04  -7.57848E+04  -1.37113E+05
   6.07276E-02   9.12548E-01   2.22099E-02   4.51439E-03   6.59175E-08   1.99983E+05  -2.89020E+04  -2.45081E+04  -7.57211E+04  -1.37050E+05
   6.17276E-02   9.08882E-01   2.46064E-02   4.78365E-03   7.47752E-08   1.98864E+05  -2.88290E+04  -2.44350E+04  -7.56479E+04  -1.36977E+05
   6.27276E-02   9.04753E-01   2.74393E-02   5.08005E-03   8.61223E-08   1.97577E+05  -2.87436E+04  -2.43494E+04  -7.55622E+04  -1.36891E+05
   6.37276E-02   8.99989E-01   3.08714E-02   5.41151E-03   1.01283E-07   1.96062E+05  -2.86413E+04  -2.42469E+04  -7.54597E+04  -1.36789E+05
   6.47276E-02   8.94289E-01   3.51914E-02   5.79194E-03   1.22853E-07   1.94214E+05  -2.85144E+04  -2.41197E+04  -7.53324E+04  -1.36662E+05
   6.57276E-02   8.87054E-01   4.09688E-02   6.24950E-03   1.56781E-07   1.91822E+05  -2.83475E+04  -2.39524E+04  -7.51650E+04  -1.36496E+05
   6.67276E-02   8.76185E-01   5.02078E-02   6.87898E-03   2.25776E-07   1.88153E+05  -2.80871E+04  -2.36915E+04  -7.49039E+04  -1.36235E+05

 Phase Region for:
     FCC_A1#2                      
 col-1=X(C), col-2=X(CU), col-3=X(FE), col-4=X(MN), col-5=X(SI), col-6=MU(C), col-7=MU(CU), col-8=MU(FE), col-9=MU(MN), col-10=MU(SI),
   9.72763E-03   9.89301E-01   5.96010E-04   3.75553E-04   3.81672E-09   2.10705E+05  -2.95261E+04  -2.51338E+04  -7.63474E+04  -1.37673E+05
   8.72763E-03   9.90354E-01   5.59669E-04   3.58510E-04   3.66405E-09   2.10304E+05  -2.95224E+04  -2.51300E+04  -7.63436E+04  -1.37670E+05
   7.72763E-03   9.91405E-01   5.25605E-04   3.42257E-04   3.51795E-09   2.09821E+05  -2.95184E+04  -2.51260E+04  -7.63395E+04  -1.37666E+05
   6.72763E-03   9.92452E-01   4.93671E-04   3.26757E-04   3.37808E-09   2.09236E+05  -2.95141E+04  -2.51216E+04  -7.63352E+04  -1.37661E+05
   5.72763E-03   9.93497E-01   4.63728E-04   3.11974E-04   3.24415E-09   2.08514E+05  -2.95096E+04  -2.51170E+04  -7.63305E+04  -1.37657E+05
   4.72763E-03   9.94539E-01   4.35651E-04   2.97874E-04   3.11588E-09   2.07606E+05  -2.95049E+04  -2.51121E+04  -7.63256E+04  -1.37652E+05
   3.72763E-03   9.95579E-01   4.09319E-04   2.84427E-04   2.99301E-09   2.06420E+05  -2.94999E+04  -2.51069E+04  -7.63203E+04  -1.37647E+05
   2.72763E-03   9.96616E-01   3.84622E-04   2.71603E-04   2.87527E-09   2.04785E+05  -2.94946E+04  -2.51015E+04  -7.63147E+04  -1.37642E+05
   1.72763E-03   9.97652E-01   3.61459E-04   2.59375E-04   2.76241E-09   2.02280E+05  -2.94891E+04  -2.50956E+04  -7.63087E+04  -1.37637E+05
   7.27626E-04   9.98685E-01   3.39746E-04   2.47730E-04   2.65419E-09   1.97321E+05  -2.94834E+04  -2.50892E+04  -7.63020E+04  -1.37631E+05
   1.00000E-05   9.99425E-01   3.25167E-04   2.39881E-04   2.57883E-09   1.71715E+05  -2.94792E+04  -2.50812E+04  -7.62926E+04  -1.37628E+05
