
 Phase Region for:
     BCC_A2                        
 col-1=X(C), col-2=X(CU), col-3=X(FE), col-4=X(MN), col-5=X(SI), col-6=MU(C), col-7=MU(CU), col-8=MU(FE), col-9=MU(MN), col-10=MU(SI),
   2.88620E-02   4.11252E-03   9.11004E-01   1.53470E-03   5.44867E-02   3.67706E+04  -3.60830E+04  -3.54444E+04  -8.28028E+04  -1.43109E+05
   9.99900E-03   4.19240E-03   9.28699E-01   1.56451E-03   5.55450E-02   2.84675E+04  -3.60087E+04  -3.51594E+04  -8.15570E+04  -1.45210E+05

 Phase Region for:
     BCC_A2                        
 col-1=X(C), col-2=X(CU), col-3=X(FE), col-4=X(MN), col-5=X(SI), col-6=MU(C), col-7=MU(CU), col-8=MU(FE), col-9=MU(MN), col-10=MU(SI),
   2.88620E-02   4.11252E-03   9.11004E-01   1.53470E-03   5.44867E-02   3.67706E+04  -3.60830E+04  -3.54444E+04  -8.28028E+04  -1.43109E+05
   2.87620E-02   4.11295E-03   9.11098E-01   1.53486E-03   5.44923E-02   3.67421E+04  -3.60825E+04  -3.54428E+04  -8.27960E+04  -1.43121E+05
   2.86620E-02   4.11337E-03   9.11192E-01   1.53502E-03   5.44979E-02   3.67135E+04  -3.60821E+04  -3.54412E+04  -8.27892E+04  -1.43132E+05
   2.85620E-02   4.11379E-03   9.11286E-01   1.53517E-03   5.45035E-02   3.66849E+04  -3.60816E+04  -3.54397E+04  -8.27824E+04  -1.43143E+05
   2.84620E-02   4.11422E-03   9.11379E-01   1.53533E-03   5.45091E-02   3.66562E+04  -3.60811E+04  -3.54381E+04  -8.27757E+04  -1.43155E+05
   2.83620E-02   4.11464E-03   9.11473E-01   1.53549E-03   5.45147E-02   3.66273E+04  -3.60806E+04  -3.54365E+04  -8.27689E+04  -1.43166E+05
   2.82620E-02   4.11506E-03   9.11567E-01   1.53565E-03   5.45203E-02   3.65984E+04  -3.60802E+04  -3.54350E+04  -8.27621E+04  -1.43177E+05
   2.81620E-02   4.11549E-03   9.11661E-01   1.53581E-03   5.45259E-02   3.65694E+04  -3.60797E+04  -3.54334E+04  -8.27554E+04  -1.43188E+05
   2.80620E-02   4.11591E-03   9.11755E-01   1.53596E-03   5.45315E-02   3.65403E+04  -3.60792E+04  -3.54319E+04  -8.27486E+04  -1.43200E+05
   2.79620E-02   4.11633E-03   9.11848E-01   1.53612E-03   5.45372E-02   3.65111E+04  -3.60788E+04  -3.54303E+04  -8.27418E+04  -1.43211E+05
   2.78620E-02   4.11676E-03   9.11942E-01   1.53628E-03   5.45428E-02   3.64818E+04  -3.60783E+04  -3.54287E+04  -8.27351E+04  -1.43222E+05
   2.77620E-02   4.11718E-03   9.12036E-01   1.53644E-03   5.45484E-02   3.64525E+04  -3.60778E+04  -3.54272E+04  -8.27283E+04  -1.43234E+05
   2.76620E-02   4.11760E-03   9.12130E-01   1.53660E-03   5.45540E-02   3.64230E+04  -3.60774E+04  -3.54256E+04  -8.27216E+04  -1.43245E+05
   2.75620E-02   4.11803E-03   9.12224E-01   1.53675E-03   5.45596E-02   3.63934E+04  -3.60769E+04  -3.54241E+04  -8.27148E+04  -1.43256E+05
   2.74620E-02   4.11845E-03   9.12317E-01   1.53691E-03   5.45652E-02   3.63638E+04  -3.60764E+04  -3.54225E+04  -8.27080E+04  -1.43267E+05
   2.73620E-02   4.11887E-03   9.12411E-01   1.53707E-03   5.45708E-02   3.63340E+04  -3.60760E+04  -3.54210E+04  -8.27013E+04  -1.43279E+05
   2.72620E-02   4.11930E-03   9.12505E-01   1.53723E-03   5.45764E-02   3.63042E+04  -3.60755E+04  -3.54194E+04  -8.26945E+04  -1.43290E+05
   2.71620E-02   4.11972E-03   9.12599E-01   1.53739E-03   5.45820E-02   3.62742E+04  -3.60750E+04  -3.54179E+04  -8.26878E+04  -1.43301E+05
   2.70620E-02   4.12014E-03   9.12693E-01   1.53754E-03   5.45877E-02   3.62442E+04  -3.60746E+04  -3.54163E+04  -8.26811E+04  -1.43313E+05
   2.69620E-02   4.12057E-03   9.12786E-01   1.53770E-03   5.45933E-02   3.62141E+04  -3.60741E+04  -3.54148E+04  -8.26743E+04  -1.43324E+05
   2.68620E-02   4.12099E-03   9.12880E-01   1.53786E-03   5.45989E-02   3.61838E+04  -3.60737E+04  -3.54132E+04  -8.26676E+04  -1.43335E+05
   2.67620E-02   4.12141E-03   9.12974E-01   1.53802E-03   5.46045E-02   3.61535E+04  -3.60732E+04  -3.54116E+04  -8.26608E+04  -1.43346E+05
   2.66620E-02   4.12184E-03   9.13068E-01   1.53818E-03   5.46101E-02   3.61230E+04  -3.60728E+04  -3.54101E+04  -8.26541E+04  -1.43358E+05
   2.65620E-02   4.12226E-03   9.13162E-01   1.53833E-03   5.46157E-02   3.60925E+04  -3.60723E+04  -3.54085E+04  -8.26473E+04  -1.43369E+05
   2.64620E-02   4.12268E-03   9.13255E-01   1.53849E-03   5.46213E-02   3.60619E+04  -3.60718E+04  -3.54070E+04  -8.26406E+04  -1.43380E+05
   2.63620E-02   4.12311E-03   9.13349E-01   1.53865E-03   5.46269E-02   3.60311E+04  -3.60714E+04  -3.54054E+04  -8.26339E+04  -1.43391E+05
   2.62620E-02   4.12353E-03   9.13443E-01   1.53881E-03   5.46325E-02   3.60003E+04  -3.60709E+04  -3.54039E+04  -8.26271E+04  -1.43403E+05
   2.61620E-02   4.12396E-03   9.13537E-01   1.53897E-03   5.46382E-02   3.59693E+04  -3.60705E+04  -3.54023E+04  -8.26204E+04  -1.43414E+05
   2.60620E-02   4.12438E-03   9.13631E-01   1.53912E-03   5.46438E-02   3.59382E+04  -3.60700E+04  -3.54008E+04  -8.26137E+04  -1.43425E+05
   2.59620E-02   4.12480E-03   9.13725E-01   1.53928E-03   5.46494E-02   3.59071E+04  -3.60696E+04  -3.53993E+04  -8.26070E+04  -1.43436E+05
   2.58620E-02   4.12523E-03   9.13818E-01   1.53944E-03   5.46550E-02   3.58758E+04  -3.60691E+04  -3.53977E+04  -8.26002E+04  -1.43448E+05
   2.57620E-02   4.12565E-03   9.13912E-01   1.53960E-03   5.46606E-02   3.58444E+04  -3.60687E+04  -3.53962E+04  -8.25935E+04  -1.43459E+05
   2.56620E-02   4.12607E-03   9.14006E-01   1.53976E-03   5.46662E-02   3.58129E+04  -3.60682E+04  -3.53946E+04  -8.25868E+04  -1.43470E+05
   2.55620E-02   4.12650E-03   9.14100E-01   1.53991E-03   5.46718E-02   3.57813E+04  -3.60678E+04  -3.53931E+04  -8.25801E+04  -1.43481E+05
   2.54620E-02   4.12692E-03   9.14194E-01   1.54007E-03   5.46774E-02   3.57496E+04  -3.60673E+04  -3.53915E+04  -8.25734E+04  -1.43493E+05
   2.53620E-02   4.12734E-03   9.14287E-01   1.54023E-03   5.46830E-02   3.57178E+04  -3.60669E+04  -3.53900E+04  -8.25666E+04  -1.43504E+05
   2.52620E-02   4.12777E-03   9.14381E-01   1.54039E-03   5.46886E-02   3.56858E+04  -3.60664E+04  -3.53884E+04  -8.25599E+04  -1.43515E+05
   2.51620E-02   4.12819E-03   9.14475E-01   1.54055E-03   5.46943E-02   3.56538E+04  -3.60660E+04  -3.53869E+04  -8.25532E+04  -1.43526E+05
   2.50620E-02   4.12861E-03   9.14569E-01   1.54070E-03   5.46999E-02   3.56216E+04  -3.60656E+04  -3.53854E+04  -8.25465E+04  -1.43538E+05
   2.49620E-02   4.12904E-03   9.14663E-01   1.54086E-03   5.47055E-02   3.55894E+04  -3.60651E+04  -3.53838E+04  -8.25398E+04  -1.43549E+05
   2.48620E-02   4.12946E-03   9.14756E-01   1.54102E-03   5.47111E-02   3.55570E+04  -3.60647E+04  -3.53823E+04  -8.25331E+04  -1.43560E+05
   2.47620E-02   4.12988E-03   9.14850E-01   1.54118E-03   5.47167E-02   3.55244E+04  -3.60642E+04  -3.53807E+04  -8.25264E+04  -1.43571E+05
   2.46620E-02   4.13031E-03   9.14944E-01   1.54134E-03   5.47223E-02   3.54918E+04  -3.60638E+04  -3.53792E+04  -8.25197E+04  -1.43583E+05
   2.45620E-02   4.13073E-03   9.15038E-01   1.54149E-03   5.47279E-02   3.54591E+04  -3.60634E+04  -3.53777E+04  -8.25130E+04  -1.43594E+05
   2.44620E-02   4.13115E-03   9.15132E-01   1.54165E-03   5.47335E-02   3.54262E+04  -3.60629E+04  -3.53761E+04  -8.25063E+04  -1.43605E+05
   2.43620E-02   4.13158E-03   9.15225E-01   1.54181E-03   5.47391E-02   3.53932E+04  -3.60625E+04  -3.53746E+04  -8.24996E+04  -1.43616E+05
   2.42620E-02   4.13200E-03   9.15319E-01   1.54197E-03   5.47448E-02   3.53601E+04  -3.60620E+04  -3.53730E+04  -8.24929E+04  -1.43628E+05
   2.41620E-02   4.13242E-03   9.15413E-01   1.54213E-03   5.47504E-02   3.53269E+04  -3.60616E+04  -3.53715E+04  -8.24862E+04  -1.43639E+05
   2.40620E-02   4.13285E-03   9.15507E-01   1.54228E-03   5.47560E-02   3.52935E+04  -3.60612E+04  -3.53700E+04  -8.24795E+04  -1.43650E+05
   2.39620E-02   4.13327E-03   9.15601E-01   1.54244E-03   5.47616E-02   3.52600E+04  -3.60607E+04  -3.53684E+04  -8.24728E+04  -1.43661E+05
   2.38620E-02   4.13370E-03   9.15694E-01   1.54260E-03   5.47672E-02   3.52264E+04  -3.60603E+04  -3.53669E+04  -8.24662E+04  -1.43672E+05
   2.37620E-02   4.13412E-03   9.15788E-01   1.54276E-03   5.47728E-02   3.51927E+04  -3.60599E+04  -3.53654E+04  -8.24595E+04  -1.43684E+05
   2.36620E-02   4.13454E-03   9.15882E-01   1.54292E-03   5.47784E-02   3.51588E+04  -3.60595E+04  -3.53638E+04  -8.24528E+04  -1.43695E+05
   2.35620E-02   4.13497E-03   9.15976E-01   1.54307E-03   5.47840E-02   3.51248E+04  -3.60590E+04  -3.53623E+04  -8.24461E+04  -1.43706E+05
   2.34620E-02   4.13539E-03   9.16070E-01   1.54323E-03   5.47896E-02   3.50907E+04  -3.60586E+04  -3.53608E+04  -8.24394E+04  -1.43717E+05
   2.33620E-02   4.13581E-03   9.16164E-01   1.54339E-03   5.47952E-02   3.50565E+04  -3.60582E+04  -3.53592E+04  -8.24328E+04  -1.43728E+05
   2.32620E-02   4.13624E-03   9.16257E-01   1.54355E-03   5.48009E-02   3.50221E+04  -3.60577E+04  -3.53577E+04  -8.24261E+04  -1.43740E+05
   2.31620E-02   4.13666E-03   9.16351E-01   1.54371E-03   5.48065E-02   3.49876E+04  -3.60573E+04  -3.53562E+04  -8.24194E+04  -1.43751E+05
   2.30620E-02   4.13708E-03   9.16445E-01   1.54387E-03   5.48121E-02   3.49529E+04  -3.60569E+04  -3.53546E+04  -8.24127E+04  -1.43762E+05
   2.29620E-02   4.13751E-03   9.16539E-01   1.54402E-03   5.48177E-02   3.49181E+04  -3.60565E+04  -3.53531E+04  -8.24061E+04  -1.43773E+05
   2.28620E-02   4.13793E-03   9.16633E-01   1.54418E-03   5.48233E-02   3.48832E+04  -3.60560E+04  -3.53516E+04  -8.23994E+04  -1.43785E+05
   2.27620E-02   4.13835E-03   9.16726E-01   1.54434E-03   5.48289E-02   3.48481E+04  -3.60556E+04  -3.53500E+04  -8.23927E+04  -1.43796E+05
   2.26620E-02   4.13878E-03   9.16820E-01   1.54450E-03   5.48345E-02   3.48129E+04  -3.60552E+04  -3.53485E+04  -8.23861E+04  -1.43807E+05
   2.25620E-02   4.13920E-03   9.16914E-01   1.54466E-03   5.48401E-02   3.47776E+04  -3.60548E+04  -3.53470E+04  -8.23794E+04  -1.43818E+05
   2.24620E-02   4.13962E-03   9.17008E-01   1.54481E-03   5.48457E-02   3.47421E+04  -3.60544E+04  -3.53455E+04  -8.23727E+04  -1.43829E+05
   2.23620E-02   4.14005E-03   9.17102E-01   1.54497E-03   5.48514E-02   3.47065E+04  -3.60539E+04  -3.53439E+04  -8.23661E+04  -1.43840E+05
   2.22620E-02   4.14047E-03   9.17195E-01   1.54513E-03   5.48570E-02   3.46707E+04  -3.60535E+04  -3.53424E+04  -8.23594E+04  -1.43852E+05
   2.21620E-02   4.14089E-03   9.17289E-01   1.54529E-03   5.48626E-02   3.46348E+04  -3.60531E+04  -3.53409E+04  -8.23528E+04  -1.43863E+05
   2.20620E-02   4.14132E-03   9.17383E-01   1.54545E-03   5.48682E-02   3.45987E+04  -3.60527E+04  -3.53394E+04  -8.23461E+04  -1.43874E+05
   2.19620E-02   4.14174E-03   9.17477E-01   1.54560E-03   5.48738E-02   3.45625E+04  -3.60523E+04  -3.53378E+04  -8.23395E+04  -1.43885E+05
   2.18620E-02   4.14216E-03   9.17571E-01   1.54576E-03   5.48794E-02   3.45261E+04  -3.60519E+04  -3.53363E+04  -8.23328E+04  -1.43896E+05
   2.17620E-02   4.14259E-03   9.17664E-01   1.54592E-03   5.48850E-02   3.44896E+04  -3.60514E+04  -3.53348E+04  -8.23262E+04  -1.43908E+05
   2.16620E-02   4.14301E-03   9.17758E-01   1.54608E-03   5.48906E-02   3.44529E+04  -3.60510E+04  -3.53333E+04  -8.23195E+04  -1.43919E+05
   2.15620E-02   4.14344E-03   9.17852E-01   1.54624E-03   5.48962E-02   3.44161E+04  -3.60506E+04  -3.53317E+04  -8.23129E+04  -1.43930E+05
   2.14620E-02   4.14386E-03   9.17946E-01   1.54639E-03   5.49018E-02   3.43791E+04  -3.60502E+04  -3.53302E+04  -8.23062E+04  -1.43941E+05
   2.13620E-02   4.14428E-03   9.18040E-01   1.54655E-03   5.49075E-02   3.43420E+04  -3.60498E+04  -3.53287E+04  -8.22996E+04  -1.43952E+05
   2.12620E-02   4.14471E-03   9.18134E-01   1.54671E-03   5.49131E-02   3.43047E+04  -3.60494E+04  -3.53272E+04  -8.22930E+04  -1.43963E+05
   2.11620E-02   4.14513E-03   9.18227E-01   1.54687E-03   5.49187E-02   3.42672E+04  -3.60490E+04  -3.53256E+04  -8.22863E+04  -1.43975E+05
   2.10620E-02   4.14555E-03   9.18321E-01   1.54703E-03   5.49243E-02   3.42296E+04  -3.60486E+04  -3.53241E+04  -8.22797E+04  -1.43986E+05
   2.09620E-02   4.14598E-03   9.18415E-01   1.54718E-03   5.49299E-02   3.41919E+04  -3.60482E+04  -3.53226E+04  -8.22731E+04  -1.43997E+05
   2.08620E-02   4.14640E-03   9.18509E-01   1.54734E-03   5.49355E-02   3.41539E+04  -3.60478E+04  -3.53211E+04  -8.22664E+04  -1.44008E+05
   2.07620E-02   4.14682E-03   9.18603E-01   1.54750E-03   5.49411E-02   3.41158E+04  -3.60474E+04  -3.53196E+04  -8.22598E+04  -1.44019E+05
   2.06620E-02   4.14725E-03   9.18696E-01   1.54766E-03   5.49467E-02   3.40775E+04  -3.60469E+04  -3.53181E+04  -8.22532E+04  -1.44030E+05
   2.05620E-02   4.14767E-03   9.18790E-01   1.54782E-03   5.49523E-02   3.40391E+04  -3.60465E+04  -3.53165E+04  -8.22466E+04  -1.44042E+05
   2.04620E-02   4.14809E-03   9.18884E-01   1.54797E-03   5.49580E-02   3.40005E+04  -3.60461E+04  -3.53150E+04  -8.22399E+04  -1.44053E+05
   2.03620E-02   4.14852E-03   9.18978E-01   1.54813E-03   5.49636E-02   3.39617E+04  -3.60457E+04  -3.53135E+04  -8.22333E+04  -1.44064E+05
   2.02620E-02   4.14894E-03   9.19072E-01   1.54829E-03   5.49692E-02   3.39227E+04  -3.60453E+04  -3.53120E+04  -8.22267E+04  -1.44075E+05
   2.01620E-02   4.14936E-03   9.19165E-01   1.54845E-03   5.49748E-02   3.38836E+04  -3.60449E+04  -3.53105E+04  -8.22201E+04  -1.44086E+05
   2.00620E-02   4.14979E-03   9.19259E-01   1.54861E-03   5.49804E-02   3.38442E+04  -3.60445E+04  -3.53090E+04  -8.22135E+04  -1.44097E+05
   1.99620E-02   4.15021E-03   9.19353E-01   1.54876E-03   5.49860E-02   3.38047E+04  -3.60441E+04  -3.53074E+04  -8.22068E+04  -1.44109E+05
   1.98620E-02   4.15063E-03   9.19447E-01   1.54892E-03   5.49916E-02   3.37650E+04  -3.60437E+04  -3.53059E+04  -8.22002E+04  -1.44120E+05
   1.97620E-02   4.15106E-03   9.19541E-01   1.54908E-03   5.49972E-02   3.37252E+04  -3.60433E+04  -3.53044E+04  -8.21936E+04  -1.44131E+05
   1.96620E-02   4.15148E-03   9.19634E-01   1.54924E-03   5.50028E-02   3.36851E+04  -3.60430E+04  -3.53029E+04  -8.21870E+04  -1.44142E+05
   1.95620E-02   4.15190E-03   9.19728E-01   1.54940E-03   5.50085E-02   3.36449E+04  -3.60426E+04  -3.53014E+04  -8.21804E+04  -1.44153E+05
   1.94620E-02   4.15233E-03   9.19822E-01   1.54955E-03   5.50141E-02   3.36045E+04  -3.60422E+04  -3.52999E+04  -8.21738E+04  -1.44164E+05
   1.93620E-02   4.15275E-03   9.19916E-01   1.54971E-03   5.50197E-02   3.35638E+04  -3.60418E+04  -3.52984E+04  -8.21672E+04  -1.44175E+05
   1.92620E-02   4.15318E-03   9.20010E-01   1.54987E-03   5.50253E-02   3.35230E+04  -3.60414E+04  -3.52969E+04  -8.21606E+04  -1.44187E+05
   1.91620E-02   4.15360E-03   9.20103E-01   1.55003E-03   5.50309E-02   3.34820E+04  -3.60410E+04  -3.52954E+04  -8.21540E+04  -1.44198E+05
   1.90620E-02   4.15402E-03   9.20197E-01   1.55019E-03   5.50365E-02   3.34408E+04  -3.60406E+04  -3.52938E+04  -8.21474E+04  -1.44209E+05
   1.89620E-02   4.15445E-03   9.20291E-01   1.55034E-03   5.50421E-02   3.33994E+04  -3.60402E+04  -3.52923E+04  -8.21408E+04  -1.44220E+05
   1.88620E-02   4.15487E-03   9.20385E-01   1.55050E-03   5.50477E-02   3.33578E+04  -3.60398E+04  -3.52908E+04  -8.21342E+04  -1.44231E+05
   1.87620E-02   4.15529E-03   9.20479E-01   1.55066E-03   5.50533E-02   3.33160E+04  -3.60394E+04  -3.52893E+04  -8.21276E+04  -1.44242E+05
   1.86620E-02   4.15572E-03   9.20573E-01   1.55082E-03   5.50589E-02   3.32740E+04  -3.60390E+04  -3.52878E+04  -8.21210E+04  -1.44253E+05
   1.85620E-02   4.15614E-03   9.20666E-01   1.55098E-03   5.50646E-02   3.32318E+04  -3.60387E+04  -3.52863E+04  -8.21144E+04  -1.44264E+05
   1.84620E-02   4.15656E-03   9.20760E-01   1.55113E-03   5.50702E-02   3.31893E+04  -3.60383E+04  -3.52848E+04  -8.21079E+04  -1.44276E+05
   1.83620E-02   4.15699E-03   9.20854E-01   1.55129E-03   5.50758E-02   3.31467E+04  -3.60379E+04  -3.52833E+04  -8.21013E+04  -1.44287E+05
   1.82620E-02   4.15741E-03   9.20948E-01   1.55145E-03   5.50814E-02   3.31038E+04  -3.60375E+04  -3.52818E+04  -8.20947E+04  -1.44298E+05
   1.81620E-02   4.15783E-03   9.21042E-01   1.55161E-03   5.50870E-02   3.30608E+04  -3.60371E+04  -3.52803E+04  -8.20881E+04  -1.44309E+05
   1.80620E-02   4.15826E-03   9.21135E-01   1.55177E-03   5.50926E-02   3.30175E+04  -3.60367E+04  -3.52788E+04  -8.20815E+04  -1.44320E+05
   1.79620E-02   4.15868E-03   9.21229E-01   1.55192E-03   5.50982E-02   3.29740E+04  -3.60364E+04  -3.52773E+04  -8.20749E+04  -1.44331E+05
   1.78620E-02   4.15910E-03   9.21323E-01   1.55208E-03   5.51038E-02   3.29302E+04  -3.60360E+04  -3.52758E+04  -8.20684E+04  -1.44342E+05
   1.77620E-02   4.15953E-03   9.21417E-01   1.55224E-03   5.51094E-02   3.28863E+04  -3.60356E+04  -3.52743E+04  -8.20618E+04  -1.44353E+05
   1.76620E-02   4.15995E-03   9.21511E-01   1.55240E-03   5.51151E-02   3.28421E+04  -3.60352E+04  -3.52728E+04  -8.20552E+04  -1.44364E+05
   1.75620E-02   4.16037E-03   9.21604E-01   1.55256E-03   5.51207E-02   3.27976E+04  -3.60348E+04  -3.52713E+04  -8.20487E+04  -1.44376E+05
   1.74620E-02   4.16080E-03   9.21698E-01   1.55271E-03   5.51263E-02   3.27530E+04  -3.60345E+04  -3.52698E+04  -8.20421E+04  -1.44387E+05
   1.73620E-02   4.16122E-03   9.21792E-01   1.55287E-03   5.51319E-02   3.27081E+04  -3.60341E+04  -3.52683E+04  -8.20355E+04  -1.44398E+05
   1.72620E-02   4.16164E-03   9.21886E-01   1.55303E-03   5.51375E-02   3.26629E+04  -3.60337E+04  -3.52668E+04  -8.20290E+04  -1.44409E+05
   1.71620E-02   4.16207E-03   9.21980E-01   1.55319E-03   5.51431E-02   3.26175E+04  -3.60333E+04  -3.52653E+04  -8.20224E+04  -1.44420E+05
   1.70620E-02   4.16249E-03   9.22073E-01   1.55335E-03   5.51487E-02   3.25719E+04  -3.60330E+04  -3.52638E+04  -8.20158E+04  -1.44431E+05
   1.69620E-02   4.16292E-03   9.22167E-01   1.55350E-03   5.51543E-02   3.25260E+04  -3.60326E+04  -3.52623E+04  -8.20093E+04  -1.44442E+05
   1.68620E-02   4.16334E-03   9.22261E-01   1.55366E-03   5.51599E-02   3.24799E+04  -3.60322E+04  -3.52608E+04  -8.20027E+04  -1.44453E+05
   1.67620E-02   4.16376E-03   9.22355E-01   1.55382E-03   5.51655E-02   3.24335E+04  -3.60319E+04  -3.52593E+04  -8.19962E+04  -1.44464E+05
   1.66620E-02   4.16419E-03   9.22449E-01   1.55398E-03   5.51712E-02   3.23869E+04  -3.60315E+04  -3.52578E+04  -8.19896E+04  -1.44475E+05
   1.65620E-02   4.16461E-03   9.22542E-01   1.55414E-03   5.51768E-02   3.23399E+04  -3.60311E+04  -3.52563E+04  -8.19831E+04  -1.44487E+05
   1.64620E-02   4.16503E-03   9.22636E-01   1.55430E-03   5.51824E-02   3.22928E+04  -3.60307E+04  -3.52548E+04  -8.19765E+04  -1.44498E+05
   1.63620E-02   4.16546E-03   9.22730E-01   1.55445E-03   5.51880E-02   3.22453E+04  -3.60304E+04  -3.52533E+04  -8.19700E+04  -1.44509E+05
   1.62620E-02   4.16588E-03   9.22824E-01   1.55461E-03   5.51936E-02   3.21976E+04  -3.60300E+04  -3.52518E+04  -8.19634E+04  -1.44520E+05
   1.61620E-02   4.16630E-03   9.22918E-01   1.55477E-03   5.51992E-02   3.21497E+04  -3.60296E+04  -3.52503E+04  -8.19569E+04  -1.44531E+05
   1.60620E-02   4.16673E-03   9.23012E-01   1.55493E-03   5.52048E-02   3.21014E+04  -3.60293E+04  -3.52488E+04  -8.19503E+04  -1.44542E+05
   1.59620E-02   4.16715E-03   9.23105E-01   1.55509E-03   5.52104E-02   3.20529E+04  -3.60289E+04  -3.52473E+04  -8.19438E+04  -1.44553E+05
   1.58620E-02   4.16757E-03   9.23199E-01   1.55524E-03   5.52160E-02   3.20040E+04  -3.60286E+04  -3.52459E+04  -8.19372E+04  -1.44564E+05
   1.57620E-02   4.16800E-03   9.23293E-01   1.55540E-03   5.52217E-02   3.19549E+04  -3.60282E+04  -3.52444E+04  -8.19307E+04  -1.44575E+05
   1.56620E-02   4.16842E-03   9.23387E-01   1.55556E-03   5.52273E-02   3.19055E+04  -3.60278E+04  -3.52429E+04  -8.19242E+04  -1.44586E+05
   1.55620E-02   4.16884E-03   9.23481E-01   1.55572E-03   5.52329E-02   3.18558E+04  -3.60275E+04  -3.52414E+04  -8.19176E+04  -1.44597E+05
   1.54620E-02   4.16927E-03   9.23574E-01   1.55588E-03   5.52385E-02   3.18058E+04  -3.60271E+04  -3.52399E+04  -8.19111E+04  -1.44608E+05
   1.53620E-02   4.16969E-03   9.23668E-01   1.55603E-03   5.52441E-02   3.17555E+04  -3.60267E+04  -3.52384E+04  -8.19046E+04  -1.44619E+05
   1.52620E-02   4.17011E-03   9.23762E-01   1.55619E-03   5.52497E-02   3.17049E+04  -3.60264E+04  -3.52369E+04  -8.18980E+04  -1.44631E+05
   1.51620E-02   4.17054E-03   9.23856E-01   1.55635E-03   5.52553E-02   3.16540E+04  -3.60260E+04  -3.52354E+04  -8.18915E+04  -1.44642E+05
   1.50620E-02   4.17096E-03   9.23950E-01   1.55651E-03   5.52609E-02   3.16028E+04  -3.60257E+04  -3.52339E+04  -8.18850E+04  -1.44653E+05
   1.49620E-02   4.17138E-03   9.24043E-01   1.55667E-03   5.52665E-02   3.15512E+04  -3.60253E+04  -3.52325E+04  -8.18785E+04  -1.44664E+05
   1.48620E-02   4.17181E-03   9.24137E-01   1.55682E-03   5.52721E-02   3.14993E+04  -3.60250E+04  -3.52310E+04  -8.18720E+04  -1.44675E+05
   1.47620E-02   4.17223E-03   9.24231E-01   1.55698E-03   5.52778E-02   3.14471E+04  -3.60246E+04  -3.52295E+04  -8.18654E+04  -1.44686E+05
   1.46620E-02   4.17265E-03   9.24325E-01   1.55714E-03   5.52834E-02   3.13946E+04  -3.60243E+04  -3.52280E+04  -8.18589E+04  -1.44697E+05
   1.45620E-02   4.17308E-03   9.24419E-01   1.55730E-03   5.52890E-02   3.13417E+04  -3.60239E+04  -3.52265E+04  -8.18524E+04  -1.44708E+05
   1.44620E-02   4.17350E-03   9.24512E-01   1.55746E-03   5.52946E-02   3.12885E+04  -3.60236E+04  -3.52250E+04  -8.18459E+04  -1.44719E+05
   1.43620E-02   4.17393E-03   9.24606E-01   1.55761E-03   5.53002E-02   3.12349E+04  -3.60232E+04  -3.52236E+04  -8.18394E+04  -1.44730E+05
   1.42620E-02   4.17435E-03   9.24700E-01   1.55777E-03   5.53058E-02   3.11810E+04  -3.60229E+04  -3.52221E+04  -8.18329E+04  -1.44741E+05
   1.41620E-02   4.17477E-03   9.24794E-01   1.55793E-03   5.53114E-02   3.11267E+04  -3.60225E+04  -3.52206E+04  -8.18264E+04  -1.44752E+05
   1.40620E-02   4.17520E-03   9.24888E-01   1.55809E-03   5.53170E-02   3.10721E+04  -3.60222E+04  -3.52191E+04  -8.18198E+04  -1.44763E+05
   1.39620E-02   4.17562E-03   9.24981E-01   1.55825E-03   5.53226E-02   3.10171E+04  -3.60218E+04  -3.52176E+04  -8.18133E+04  -1.44774E+05
   1.38620E-02   4.17604E-03   9.25075E-01   1.55840E-03   5.53283E-02   3.09617E+04  -3.60215E+04  -3.52161E+04  -8.18068E+04  -1.44785E+05
   1.37620E-02   4.17647E-03   9.25169E-01   1.55856E-03   5.53339E-02   3.09060E+04  -3.60211E+04  -3.52147E+04  -8.18003E+04  -1.44796E+05
   1.36620E-02   4.17689E-03   9.25263E-01   1.55872E-03   5.53395E-02   3.08499E+04  -3.60208E+04  -3.52132E+04  -8.17938E+04  -1.44807E+05
   1.35620E-02   4.17731E-03   9.25357E-01   1.55888E-03   5.53451E-02   3.07933E+04  -3.60204E+04  -3.52117E+04  -8.17873E+04  -1.44818E+05
   1.34620E-02   4.17774E-03   9.25451E-01   1.55904E-03   5.53507E-02   3.07364E+04  -3.60201E+04  -3.52102E+04  -8.17808E+04  -1.44829E+05
   1.33620E-02   4.17816E-03   9.25544E-01   1.55919E-03   5.53563E-02   3.06791E+04  -3.60197E+04  -3.52087E+04  -8.17744E+04  -1.44840E+05
   1.32620E-02   4.17858E-03   9.25638E-01   1.55935E-03   5.53619E-02   3.06214E+04  -3.60194E+04  -3.52073E+04  -8.17679E+04  -1.44851E+05
   1.31620E-02   4.17901E-03   9.25732E-01   1.55951E-03   5.53675E-02   3.05633E+04  -3.60191E+04  -3.52058E+04  -8.17614E+04  -1.44863E+05
   1.30620E-02   4.17943E-03   9.25826E-01   1.55967E-03   5.53731E-02   3.05047E+04  -3.60187E+04  -3.52043E+04  -8.17549E+04  -1.44874E+05
   1.29620E-02   4.17985E-03   9.25920E-01   1.55983E-03   5.53788E-02   3.04457E+04  -3.60184E+04  -3.52028E+04  -8.17484E+04  -1.44885E+05
   1.28620E-02   4.18028E-03   9.26013E-01   1.55998E-03   5.53844E-02   3.03863E+04  -3.60180E+04  -3.52014E+04  -8.17419E+04  -1.44896E+05
   1.27620E-02   4.18070E-03   9.26107E-01   1.56014E-03   5.53900E-02   3.03265E+04  -3.60177E+04  -3.51999E+04  -8.17354E+04  -1.44907E+05
   1.26620E-02   4.18112E-03   9.26201E-01   1.56030E-03   5.53956E-02   3.02662E+04  -3.60174E+04  -3.51984E+04  -8.17289E+04  -1.44918E+05
   1.25620E-02   4.18155E-03   9.26295E-01   1.56046E-03   5.54012E-02   3.02054E+04  -3.60170E+04  -3.51969E+04  -8.17225E+04  -1.44929E+05
   1.24620E-02   4.18197E-03   9.26389E-01   1.56062E-03   5.54068E-02   3.01442E+04  -3.60167E+04  -3.51955E+04  -8.17160E+04  -1.44940E+05
   1.23620E-02   4.18239E-03   9.26482E-01   1.56077E-03   5.54124E-02   3.00826E+04  -3.60164E+04  -3.51940E+04  -8.17095E+04  -1.44951E+05
   1.22620E-02   4.18282E-03   9.26576E-01   1.56093E-03   5.54180E-02   3.00204E+04  -3.60160E+04  -3.51925E+04  -8.17030E+04  -1.44962E+05
   1.21620E-02   4.18324E-03   9.26670E-01   1.56109E-03   5.54236E-02   2.99578E+04  -3.60157E+04  -3.51911E+04  -8.16966E+04  -1.44973E+05
   1.20620E-02   4.18367E-03   9.26764E-01   1.56125E-03   5.54292E-02   2.98947E+04  -3.60154E+04  -3.51896E+04  -8.16901E+04  -1.44984E+05
   1.19620E-02   4.18409E-03   9.26858E-01   1.56141E-03   5.54349E-02   2.98311E+04  -3.60150E+04  -3.51881E+04  -8.16836E+04  -1.44995E+05
   1.18620E-02   4.18451E-03   9.26951E-01   1.56156E-03   5.54405E-02   2.97669E+04  -3.60147E+04  -3.51866E+04  -8.16772E+04  -1.45006E+05
   1.17620E-02   4.18494E-03   9.27045E-01   1.56172E-03   5.54461E-02   2.97023E+04  -3.60144E+04  -3.51852E+04  -8.16707E+04  -1.45017E+05
   1.16620E-02   4.18536E-03   9.27139E-01   1.56188E-03   5.54517E-02   2.96372E+04  -3.60140E+04  -3.51837E+04  -8.16642E+04  -1.45028E+05
   1.15620E-02   4.18578E-03   9.27233E-01   1.56204E-03   5.54573E-02   2.95715E+04  -3.60137E+04  -3.51822E+04  -8.16578E+04  -1.45039E+05
   1.14620E-02   4.18621E-03   9.27327E-01   1.56220E-03   5.54629E-02   2.95052E+04  -3.60134E+04  -3.51808E+04  -8.16513E+04  -1.45050E+05
   1.13620E-02   4.18663E-03   9.27420E-01   1.56235E-03   5.54685E-02   2.94384E+04  -3.60131E+04  -3.51793E+04  -8.16448E+04  -1.45061E+05
   1.12620E-02   4.18705E-03   9.27514E-01   1.56251E-03   5.54741E-02   2.93711E+04  -3.60127E+04  -3.51778E+04  -8.16384E+04  -1.45072E+05
   1.11620E-02   4.18748E-03   9.27608E-01   1.56267E-03   5.54797E-02   2.93032E+04  -3.60124E+04  -3.51764E+04  -8.16319E+04  -1.45083E+05
   1.10620E-02   4.18790E-03   9.27702E-01   1.56283E-03   5.54854E-02   2.92347E+04  -3.60121E+04  -3.51749E+04  -8.16255E+04  -1.45094E+05
   1.09620E-02   4.18832E-03   9.27796E-01   1.56299E-03   5.54910E-02   2.91656E+04  -3.60118E+04  -3.51734E+04  -8.16190E+04  -1.45105E+05
   1.08620E-02   4.18875E-03   9.27890E-01   1.56314E-03   5.54966E-02   2.90959E+04  -3.60114E+04  -3.51720E+04  -8.16126E+04  -1.45116E+05
   1.07620E-02   4.18917E-03   9.27983E-01   1.56330E-03   5.55022E-02   2.90255E+04  -3.60111E+04  -3.51705E+04  -8.16061E+04  -1.45127E+05
   1.06620E-02   4.18959E-03   9.28077E-01   1.56346E-03   5.55078E-02   2.89546E+04  -3.60108E+04  -3.51690E+04  -8.15997E+04  -1.45138E+05
   1.05620E-02   4.19002E-03   9.28171E-01   1.56362E-03   5.55134E-02   2.88830E+04  -3.60105E+04  -3.51676E+04  -8.15932E+04  -1.45149E+05
   1.04620E-02   4.19044E-03   9.28265E-01   1.56378E-03   5.55190E-02   2.88108E+04  -3.60102E+04  -3.51661E+04  -8.15868E+04  -1.45160E+05
   1.03620E-02   4.19086E-03   9.28359E-01   1.56393E-03   5.55246E-02   2.87379E+04  -3.60098E+04  -3.51647E+04  -8.15804E+04  -1.45171E+05
   1.02620E-02   4.19129E-03   9.28452E-01   1.56409E-03   5.55302E-02   2.86643E+04  -3.60095E+04  -3.51632E+04  -8.15739E+04  -1.45182E+05
   1.01620E-02   4.19171E-03   9.28546E-01   1.56425E-03   5.55358E-02   2.85901E+04  -3.60092E+04  -3.51617E+04  -8.15675E+04  -1.45193E+05
   1.00620E-02   4.19213E-03   9.28640E-01   1.56441E-03   5.55415E-02   2.85151E+04  -3.60089E+04  -3.51603E+04  -8.15610E+04  -1.45204E+05
   9.96201E-03   4.19256E-03   9.28734E-01   1.56457E-03   5.55471E-02   2.84394E+04  -3.60086E+04  -3.51588E+04  -8.15546E+04  -1.45214E+05
   9.86201E-03   4.19298E-03   9.28828E-01   1.56473E-03   5.55527E-02   2.83630E+04  -3.60083E+04  -3.51574E+04  -8.15482E+04  -1.45225E+05
   9.76201E-03   4.19341E-03   9.28921E-01   1.56488E-03   5.55583E-02   2.82859E+04  -3.60080E+04  -3.51559E+04  -8.15418E+04  -1.45236E+05
   9.66201E-03   4.19383E-03   9.29015E-01   1.56504E-03   5.55639E-02   2.82080E+04  -3.60076E+04  -3.51544E+04  -8.15353E+04  -1.45247E+05
   9.56201E-03   4.19425E-03   9.29109E-01   1.56520E-03   5.55695E-02   2.81293E+04  -3.60073E+04  -3.51530E+04  -8.15289E+04  -1.45258E+05
   9.46201E-03   4.19468E-03   9.29203E-01   1.56536E-03   5.55751E-02   2.80498E+04  -3.60070E+04  -3.51515E+04  -8.15225E+04  -1.45269E+05
   9.36201E-03   4.19510E-03   9.29297E-01   1.56552E-03   5.55807E-02   2.79695E+04  -3.60067E+04  -3.51501E+04  -8.15160E+04  -1.45280E+05
   9.26201E-03   4.19552E-03   9.29390E-01   1.56567E-03   5.55863E-02   2.78884E+04  -3.60064E+04  -3.51486E+04  -8.15096E+04  -1.45291E+05
   9.16201E-03   4.19595E-03   9.29484E-01   1.56583E-03   5.55920E-02   2.78064E+04  -3.60061E+04  -3.51472E+04  -8.15032E+04  -1.45302E+05
   9.06201E-03   4.19637E-03   9.29578E-01   1.56599E-03   5.55976E-02   2.77236E+04  -3.60058E+04  -3.51457E+04  -8.14968E+04  -1.45313E+05
   8.96201E-03   4.19679E-03   9.29672E-01   1.56615E-03   5.56032E-02   2.76398E+04  -3.60055E+04  -3.51442E+04  -8.14904E+04  -1.45324E+05
   8.86201E-03   4.19722E-03   9.29766E-01   1.56631E-03   5.56088E-02   2.75552E+04  -3.60052E+04  -3.51428E+04  -8.14840E+04  -1.45335E+05
   8.76201E-03   4.19764E-03   9.29859E-01   1.56646E-03   5.56144E-02   2.74697E+04  -3.60049E+04  -3.51413E+04  -8.14775E+04  -1.45346E+05
   8.66201E-03   4.19806E-03   9.29953E-01   1.56662E-03   5.56200E-02   2.73832E+04  -3.60046E+04  -3.51399E+04  -8.14711E+04  -1.45357E+05
   8.56201E-03   4.19849E-03   9.30047E-01   1.56678E-03   5.56256E-02   2.72957E+04  -3.60043E+04  -3.51384E+04  -8.14647E+04  -1.45368E+05
   8.46201E-03   4.19891E-03   9.30141E-01   1.56694E-03   5.56312E-02   2.72073E+04  -3.60040E+04  -3.51370E+04  -8.14583E+04  -1.45379E+05
   8.36201E-03   4.19933E-03   9.30235E-01   1.56710E-03   5.56368E-02   2.71178E+04  -3.60037E+04  -3.51355E+04  -8.14519E+04  -1.45390E+05
   8.26201E-03   4.19976E-03   9.30329E-01   1.56725E-03   5.56424E-02   2.70273E+04  -3.60034E+04  -3.51341E+04  -8.14455E+04  -1.45401E+05
   8.16201E-03   4.20018E-03   9.30422E-01   1.56741E-03   5.56481E-02   2.69358E+04  -3.60031E+04  -3.51326E+04  -8.14391E+04  -1.45412E+05
   8.06201E-03   4.20060E-03   9.30516E-01   1.56757E-03   5.56537E-02   2.68431E+04  -3.60028E+04  -3.51312E+04  -8.14327E+04  -1.45423E+05
   7.96201E-03   4.20103E-03   9.30610E-01   1.56773E-03   5.56593E-02   2.67493E+04  -3.60025E+04  -3.51297E+04  -8.14263E+04  -1.45434E+05
   7.86201E-03   4.20145E-03   9.30704E-01   1.56789E-03   5.56649E-02   2.66544E+04  -3.60022E+04  -3.51283E+04  -8.14199E+04  -1.45445E+05
   7.76201E-03   4.20187E-03   9.30798E-01   1.56804E-03   5.56705E-02   2.65584E+04  -3.60019E+04  -3.51268E+04  -8.14135E+04  -1.45455E+05
   7.66201E-03   4.20230E-03   9.30891E-01   1.56820E-03   5.56761E-02   2.64611E+04  -3.60016E+04  -3.51254E+04  -8.14071E+04  -1.45466E+05
   7.56201E-03   4.20272E-03   9.30985E-01   1.56836E-03   5.56817E-02   2.63625E+04  -3.60013E+04  -3.51239E+04  -8.14007E+04  -1.45477E+05
   7.46201E-03   4.20315E-03   9.31079E-01   1.56852E-03   5.56873E-02   2.62627E+04  -3.60010E+04  -3.51225E+04  -8.13943E+04  -1.45488E+05
   7.36201E-03   4.20357E-03   9.31173E-01   1.56868E-03   5.56929E-02   2.61616E+04  -3.60007E+04  -3.51210E+04  -8.13880E+04  -1.45499E+05
   7.26201E-03   4.20399E-03   9.31267E-01   1.56883E-03   5.56986E-02   2.60592E+04  -3.60004E+04  -3.51196E+04  -8.13816E+04  -1.45510E+05
   7.16201E-03   4.20442E-03   9.31360E-01   1.56899E-03   5.57042E-02   2.59554E+04  -3.60001E+04  -3.51182E+04  -8.13752E+04  -1.45521E+05
   7.06201E-03   4.20484E-03   9.31454E-01   1.56915E-03   5.57098E-02   2.58502E+04  -3.59998E+04  -3.51167E+04  -8.13688E+04  -1.45532E+05
   6.96201E-03   4.20526E-03   9.31548E-01   1.56931E-03   5.57154E-02   2.57435E+04  -3.59995E+04  -3.51153E+04  -8.13624E+04  -1.45543E+05
   6.86201E-03   4.20569E-03   9.31642E-01   1.56947E-03   5.57210E-02   2.56353E+04  -3.59992E+04  -3.51138E+04  -8.13560E+04  -1.45554E+05
   6.76201E-03   4.20611E-03   9.31736E-01   1.56962E-03   5.57266E-02   2.55256E+04  -3.59989E+04  -3.51124E+04  -8.13497E+04  -1.45565E+05
   6.66201E-03   4.20653E-03   9.31829E-01   1.56978E-03   5.57322E-02   2.54143E+04  -3.59987E+04  -3.51109E+04  -8.13433E+04  -1.45576E+05
   6.56201E-03   4.20696E-03   9.31923E-01   1.56994E-03   5.57378E-02   2.53013E+04  -3.59984E+04  -3.51095E+04  -8.13369E+04  -1.45587E+05
   6.46201E-03   4.20738E-03   9.32017E-01   1.57010E-03   5.57434E-02   2.51867E+04  -3.59981E+04  -3.51081E+04  -8.13306E+04  -1.45597E+05
   6.36201E-03   4.20780E-03   9.32111E-01   1.57026E-03   5.57490E-02   2.50703E+04  -3.59978E+04  -3.51066E+04  -8.13242E+04  -1.45608E+05
   6.26201E-03   4.20823E-03   9.32205E-01   1.57041E-03   5.57547E-02   2.49522E+04  -3.59975E+04  -3.51052E+04  -8.13178E+04  -1.45619E+05
   6.16201E-03   4.20865E-03   9.32298E-01   1.57057E-03   5.57603E-02   2.48322E+04  -3.59972E+04  -3.51037E+04  -8.13114E+04  -1.45630E+05
   6.06201E-03   4.20907E-03   9.32392E-01   1.57073E-03   5.57659E-02   2.47102E+04  -3.59969E+04  -3.51023E+04  -8.13051E+04  -1.45641E+05
   5.96201E-03   4.20950E-03   9.32486E-01   1.57089E-03   5.57715E-02   2.45863E+04  -3.59967E+04  -3.51009E+04  -8.12987E+04  -1.45652E+05
   5.86201E-03   4.20992E-03   9.32580E-01   1.57105E-03   5.57771E-02   2.44604E+04  -3.59964E+04  -3.50994E+04  -8.12924E+04  -1.45663E+05
   5.76201E-03   4.21034E-03   9.32674E-01   1.57120E-03   5.57827E-02   2.43323E+04  -3.59961E+04  -3.50980E+04  -8.12860E+04  -1.45674E+05
   5.66201E-03   4.21077E-03   9.32768E-01   1.57136E-03   5.57883E-02   2.42021E+04  -3.59958E+04  -3.50965E+04  -8.12796E+04  -1.45685E+05
   5.56201E-03   4.21119E-03   9.32861E-01   1.57152E-03   5.57939E-02   2.40696E+04  -3.59955E+04  -3.50951E+04  -8.12733E+04  -1.45696E+05
   5.46201E-03   4.21161E-03   9.32955E-01   1.57168E-03   5.57995E-02   2.39347E+04  -3.59953E+04  -3.50937E+04  -8.12669E+04  -1.45706E+05
   5.36201E-03   4.21204E-03   9.33049E-01   1.57184E-03   5.58052E-02   2.37974E+04  -3.59950E+04  -3.50922E+04  -8.12606E+04  -1.45717E+05
   5.26201E-03   4.21246E-03   9.33143E-01   1.57199E-03   5.58108E-02   2.36576E+04  -3.59947E+04  -3.50908E+04  -8.12542E+04  -1.45728E+05
   5.16201E-03   4.21289E-03   9.33237E-01   1.57215E-03   5.58164E-02   2.35152E+04  -3.59944E+04  -3.50894E+04  -8.12479E+04  -1.45739E+05
   5.06201E-03   4.21331E-03   9.33330E-01   1.57231E-03   5.58220E-02   2.33701E+04  -3.59942E+04  -3.50879E+04  -8.12415E+04  -1.45750E+05
   4.96201E-03   4.21373E-03   9.33424E-01   1.57247E-03   5.58276E-02   2.32221E+04  -3.59939E+04  -3.50865E+04  -8.12352E+04  -1.45761E+05
   4.86201E-03   4.21416E-03   9.33518E-01   1.57263E-03   5.58332E-02   2.30711E+04  -3.59936E+04  -3.50851E+04  -8.12288E+04  -1.45772E+05
   4.76201E-03   4.21458E-03   9.33612E-01   1.57278E-03   5.58388E-02   2.29171E+04  -3.59933E+04  -3.50836E+04  -8.12225E+04  -1.45783E+05
   4.66201E-03   4.21500E-03   9.33706E-01   1.57294E-03   5.58444E-02   2.27599E+04  -3.59931E+04  -3.50822E+04  -8.12162E+04  -1.45794E+05
   4.56201E-03   4.21543E-03   9.33799E-01   1.57310E-03   5.58500E-02   2.25994E+04  -3.59928E+04  -3.50808E+04  -8.12098E+04  -1.45804E+05
   4.46201E-03   4.21585E-03   9.33893E-01   1.57326E-03   5.58557E-02   2.24353E+04  -3.59925E+04  -3.50793E+04  -8.12035E+04  -1.45815E+05
   4.36201E-03   4.21627E-03   9.33987E-01   1.57342E-03   5.58613E-02   2.22676E+04  -3.59923E+04  -3.50779E+04  -8.11971E+04  -1.45826E+05
   4.26201E-03   4.21670E-03   9.34081E-01   1.57357E-03   5.58669E-02   2.20961E+04  -3.59920E+04  -3.50765E+04  -8.11908E+04  -1.45837E+05
   4.16201E-03   4.21712E-03   9.34175E-01   1.57373E-03   5.58725E-02   2.19206E+04  -3.59917E+04  -3.50750E+04  -8.11845E+04  -1.45848E+05
   4.06201E-03   4.21754E-03   9.34268E-01   1.57389E-03   5.58781E-02   2.17409E+04  -3.59914E+04  -3.50736E+04  -8.11781E+04  -1.45859E+05
   3.96201E-03   4.21797E-03   9.34362E-01   1.57405E-03   5.58837E-02   2.15568E+04  -3.59912E+04  -3.50722E+04  -8.11718E+04  -1.45870E+05
   3.86201E-03   4.21839E-03   9.34456E-01   1.57421E-03   5.58893E-02   2.13681E+04  -3.59909E+04  -3.50708E+04  -8.11655E+04  -1.45881E+05
   3.76201E-03   4.21881E-03   9.34550E-01   1.57437E-03   5.58949E-02   2.11745E+04  -3.59906E+04  -3.50693E+04  -8.11592E+04  -1.45891E+05
   3.66201E-03   4.21924E-03   9.34644E-01   1.57452E-03   5.59005E-02   2.09758E+04  -3.59904E+04  -3.50679E+04  -8.11528E+04  -1.45902E+05
   3.56201E-03   4.21966E-03   9.34737E-01   1.57468E-03   5.59061E-02   2.07717E+04  -3.59901E+04  -3.50665E+04  -8.11465E+04  -1.45913E+05
   3.46201E-03   4.22008E-03   9.34831E-01   1.57484E-03   5.59118E-02   2.05618E+04  -3.59899E+04  -3.50650E+04  -8.11402E+04  -1.45924E+05
   3.36201E-03   4.22051E-03   9.34925E-01   1.57500E-03   5.59174E-02   2.03459E+04  -3.59896E+04  -3.50636E+04  -8.11339E+04  -1.45935E+05
   3.26201E-03   4.22093E-03   9.35019E-01   1.57516E-03   5.59230E-02   2.01236E+04  -3.59893E+04  -3.50622E+04  -8.11276E+04  -1.45946E+05
   3.16201E-03   4.22135E-03   9.35113E-01   1.57531E-03   5.59286E-02   1.98944E+04  -3.59891E+04  -3.50608E+04  -8.11213E+04  -1.45957E+05
   3.06201E-03   4.22178E-03   9.35207E-01   1.57547E-03   5.59342E-02   1.96580E+04  -3.59888E+04  -3.50593E+04  -8.11149E+04  -1.45967E+05
   2.96201E-03   4.22220E-03   9.35300E-01   1.57563E-03   5.59398E-02   1.94138E+04  -3.59886E+04  -3.50579E+04  -8.11086E+04  -1.45978E+05
   2.86201E-03   4.22262E-03   9.35394E-01   1.57579E-03   5.59454E-02   1.91614E+04  -3.59883E+04  -3.50565E+04  -8.11023E+04  -1.45989E+05
   2.76201E-03   4.22305E-03   9.35488E-01   1.57595E-03   5.59510E-02   1.89000E+04  -3.59880E+04  -3.50551E+04  -8.10960E+04  -1.46000E+05
   2.66201E-03   4.22347E-03   9.35582E-01   1.57610E-03   5.59566E-02   1.86292E+04  -3.59878E+04  -3.50537E+04  -8.10897E+04  -1.46011E+05
   2.56201E-03   4.22390E-03   9.35676E-01   1.57626E-03   5.59623E-02   1.83481E+04  -3.59875E+04  -3.50522E+04  -8.10834E+04  -1.46022E+05
   2.46201E-03   4.22432E-03   9.35769E-01   1.57642E-03   5.59679E-02   1.80559E+04  -3.59873E+04  -3.50508E+04  -8.10771E+04  -1.46032E+05
   2.36201E-03   4.22474E-03   9.35863E-01   1.57658E-03   5.59735E-02   1.77518E+04  -3.59870E+04  -3.50494E+04  -8.10708E+04  -1.46043E+05
   2.26201E-03   4.22517E-03   9.35957E-01   1.57674E-03   5.59791E-02   1.74346E+04  -3.59868E+04  -3.50480E+04  -8.10645E+04  -1.46054E+05
   2.16201E-03   4.22559E-03   9.36051E-01   1.57689E-03   5.59847E-02   1.71032E+04  -3.59865E+04  -3.50466E+04  -8.10582E+04  -1.46065E+05
   2.06201E-03   4.22601E-03   9.36145E-01   1.57705E-03   5.59903E-02   1.67563E+04  -3.59863E+04  -3.50451E+04  -8.10519E+04  -1.46076E+05
   1.96201E-03   4.22644E-03   9.36238E-01   1.57721E-03   5.59959E-02   1.63923E+04  -3.59860E+04  -3.50437E+04  -8.10456E+04  -1.46087E+05
   1.86201E-03   4.22686E-03   9.36332E-01   1.57737E-03   5.60015E-02   1.60094E+04  -3.59858E+04  -3.50423E+04  -8.10393E+04  -1.46097E+05
   1.76201E-03   4.22728E-03   9.36426E-01   1.57753E-03   5.60071E-02   1.56055E+04  -3.59855E+04  -3.50409E+04  -8.10330E+04  -1.46108E+05
   1.66201E-03   4.22771E-03   9.36520E-01   1.57768E-03   5.60127E-02   1.51782E+04  -3.59853E+04  -3.50395E+04  -8.10267E+04  -1.46119E+05
   1.56201E-03   4.22813E-03   9.36614E-01   1.57784E-03   5.60184E-02   1.47246E+04  -3.59850E+04  -3.50380E+04  -8.10205E+04  -1.46130E+05
   1.46201E-03   4.22855E-03   9.36707E-01   1.57800E-03   5.60240E-02   1.42412E+04  -3.59848E+04  -3.50366E+04  -8.10142E+04  -1.46141E+05
   1.36201E-03   4.22898E-03   9.36801E-01   1.57816E-03   5.60296E-02   1.37237E+04  -3.59845E+04  -3.50352E+04  -8.10079E+04  -1.46152E+05
   1.26201E-03   4.22940E-03   9.36895E-01   1.57832E-03   5.60352E-02   1.31670E+04  -3.59843E+04  -3.50338E+04  -8.10016E+04  -1.46162E+05
   1.16201E-03   4.22982E-03   9.36989E-01   1.57847E-03   5.60408E-02   1.25645E+04  -3.59840E+04  -3.50324E+04  -8.09953E+04  -1.46173E+05
   1.06201E-03   4.23025E-03   9.37083E-01   1.57863E-03   5.60464E-02   1.19081E+04  -3.59838E+04  -3.50310E+04  -8.09890E+04  -1.46184E+05
   9.62012E-04   4.23067E-03   9.37177E-01   1.57879E-03   5.60520E-02   1.11871E+04  -3.59835E+04  -3.50296E+04  -8.09828E+04  -1.46195E+05
   8.62012E-04   4.23109E-03   9.37270E-01   1.57895E-03   5.60576E-02   1.03871E+04  -3.59833E+04  -3.50281E+04  -8.09765E+04  -1.46206E+05
   7.62012E-04   4.23152E-03   9.37364E-01   1.57911E-03   5.60632E-02   9.48882E+03  -3.59831E+04  -3.50267E+04  -8.09702E+04  -1.46217E+05
   6.62012E-04   4.23194E-03   9.37458E-01   1.57926E-03   5.60689E-02   8.46441E+03  -3.59828E+04  -3.50253E+04  -8.09639E+04  -1.46227E+05
   5.62012E-04   4.23236E-03   9.37552E-01   1.57942E-03   5.60745E-02   7.27243E+03  -3.59826E+04  -3.50239E+04  -8.09577E+04  -1.46238E+05
   4.62012E-04   4.23279E-03   9.37646E-01   1.57958E-03   5.60801E-02   5.84689E+03  -3.59823E+04  -3.50225E+04  -8.09514E+04  -1.46249E+05
   3.62012E-04   4.23321E-03   9.37739E-01   1.57974E-03   5.60857E-02   4.07301E+03  -3.59821E+04  -3.50211E+04  -8.09451E+04  -1.46260E+05
   2.62012E-04   4.23364E-03   9.37833E-01   1.57990E-03   5.60913E-02   1.72290E+03  -3.59819E+04  -3.50197E+04  -8.09389E+04  -1.46271E+05
   1.62012E-04   4.23406E-03   9.37927E-01   1.58005E-03   5.60969E-02  -1.77015E+03  -3.59816E+04  -3.50183E+04  -8.09326E+04  -1.46281E+05
   6.20121E-05   4.23448E-03   9.38021E-01   1.58021E-03   5.61025E-02  -8.74516E+03  -3.59814E+04  -3.50169E+04  -8.09263E+04  -1.46292E+05
   1.00000E-06   4.23474E-03   9.38078E-01   1.58031E-03   5.61059E-02  -3.87107E+04  -3.59812E+04  -3.50160E+04  -8.09225E+04  -1.46299E+05
