
 Phase Region for:
     FCC_A1                        
 col-1=X(C), col-2=X(CU), col-3=X(FE), col-4=X(MN), col-5=X(SI), col-6=MU(C), col-7=MU(CU), col-8=MU(FE), col-9=MU(MN), col-10=MU(SI),
   9.72763E-03   4.19355E-03   9.28954E-01   1.56494E-03   5.55602E-02  -7.69648E+03  -4.39393E+04  -3.42309E+04  -9.43794E+04  -1.43674E+05
   1.07276E-02   4.18932E-03   9.28016E-01   1.56336E-03   5.55041E-02  -6.90577E+03  -4.38678E+04  -3.42463E+04  -9.44259E+04  -1.43566E+05
   1.17276E-02   4.18508E-03   9.27078E-01   1.56178E-03   5.54480E-02  -6.17826E+03  -4.37966E+04  -3.42617E+04  -9.44726E+04  -1.43459E+05
   1.27276E-02   4.18085E-03   9.26139E-01   1.56020E-03   5.53919E-02  -5.50356E+03  -4.37257E+04  -3.42773E+04  -9.45194E+04  -1.43352E+05
   1.37276E-02   4.17661E-03   9.25201E-01   1.55862E-03   5.53358E-02  -4.87365E+03  -4.36550E+04  -3.42930E+04  -9.45664E+04  -1.43244E+05
   1.47276E-02   4.17238E-03   9.24263E-01   1.55704E-03   5.52797E-02  -4.28221E+03  -4.35845E+04  -3.43087E+04  -9.46135E+04  -1.43137E+05
   1.57276E-02   4.16814E-03   9.23325E-01   1.55546E-03   5.52236E-02  -3.72415E+03  -4.35143E+04  -3.43246E+04  -9.46608E+04  -1.43029E+05
   1.67276E-02   4.16391E-03   9.22387E-01   1.55388E-03   5.51675E-02  -3.19533E+03  -4.34444E+04  -3.43406E+04  -9.47082E+04  -1.42921E+05
   1.77276E-02   4.15967E-03   9.21449E-01   1.55230E-03   5.51114E-02  -2.69233E+03  -4.33747E+04  -3.43566E+04  -9.47558E+04  -1.42814E+05
   1.87276E-02   4.15544E-03   9.20511E-01   1.55071E-03   5.50553E-02  -2.21231E+03  -4.33053E+04  -3.43728E+04  -9.48036E+04  -1.42706E+05
   1.97276E-02   4.15120E-03   9.19573E-01   1.54913E-03   5.49992E-02  -1.75285E+03  -4.32362E+04  -3.43891E+04  -9.48515E+04  -1.42598E+05
   2.07276E-02   4.14697E-03   9.18635E-01   1.54755E-03   5.49431E-02  -1.31190E+03  -4.31673E+04  -3.44055E+04  -9.48996E+04  -1.42490E+05
   2.17276E-02   4.14273E-03   9.17697E-01   1.54597E-03   5.48869E-02  -8.87702E+02  -4.30987E+04  -3.44220E+04  -9.49478E+04  -1.42382E+05
   2.27276E-02   4.13850E-03   9.16759E-01   1.54439E-03   5.48308E-02  -4.78728E+02  -4.30304E+04  -3.44386E+04  -9.49961E+04  -1.42274E+05
   2.37276E-02   4.13426E-03   9.15821E-01   1.54281E-03   5.47747E-02  -8.36514E+01  -4.29623E+04  -3.44553E+04  -9.50447E+04  -1.42166E+05
   2.47276E-02   4.13003E-03   9.14882E-01   1.54123E-03   5.47186E-02   2.98688E+02  -4.28945E+04  -3.44721E+04  -9.50934E+04  -1.42057E+05
   2.57276E-02   4.12579E-03   9.13944E-01   1.53965E-03   5.46625E-02   6.69316E+02  -4.28270E+04  -3.44891E+04  -9.51422E+04  -1.41949E+05
   2.67276E-02   4.12156E-03   9.13006E-01   1.53807E-03   5.46064E-02   1.02914E+03  -4.27598E+04  -3.45061E+04  -9.51912E+04  -1.41841E+05
   2.77276E-02   4.11733E-03   9.12068E-01   1.53649E-03   5.45503E-02   1.37896E+03  -4.26928E+04  -3.45232E+04  -9.52404E+04  -1.41732E+05
   2.87276E-02   4.11309E-03   9.11130E-01   1.53491E-03   5.44942E-02   1.71951E+03  -4.26261E+04  -3.45405E+04  -9.52897E+04  -1.41623E+05
   2.97276E-02   4.10886E-03   9.10192E-01   1.53333E-03   5.44381E-02   2.05143E+03  -4.25598E+04  -3.45579E+04  -9.53392E+04  -1.41515E+05
   3.07276E-02   4.10462E-03   9.09254E-01   1.53175E-03   5.43820E-02   2.37530E+03  -4.24937E+04  -3.45753E+04  -9.53888E+04  -1.41406E+05
   3.17276E-02   4.10039E-03   9.08316E-01   1.53017E-03   5.43259E-02   2.69165E+03  -4.24279E+04  -3.45929E+04  -9.54387E+04  -1.41297E+05
   3.27276E-02   4.09615E-03   9.07378E-01   1.52859E-03   5.42698E-02   3.00096E+03  -4.23623E+04  -3.46106E+04  -9.54886E+04  -1.41189E+05
   3.37276E-02   4.09192E-03   9.06440E-01   1.52701E-03   5.42137E-02   3.30367E+03  -4.22971E+04  -3.46284E+04  -9.55388E+04  -1.41080E+05
   3.47276E-02   4.08768E-03   9.05502E-01   1.52543E-03   5.41576E-02   3.60016E+03  -4.22322E+04  -3.46464E+04  -9.55891E+04  -1.40971E+05
   3.57276E-02   4.08345E-03   9.04564E-01   1.52385E-03   5.41015E-02   3.89081E+03  -4.21676E+04  -3.46644E+04  -9.56396E+04  -1.40862E+05
   3.67276E-02   4.07921E-03   9.03626E-01   1.52227E-03   5.40454E-02   4.17595E+03  -4.21032E+04  -3.46826E+04  -9.56902E+04  -1.40753E+05
   3.77276E-02   4.07498E-03   9.02687E-01   1.52069E-03   5.39893E-02   4.45588E+03  -4.20392E+04  -3.47008E+04  -9.57410E+04  -1.40643E+05
   3.87276E-02   4.07074E-03   9.01749E-01   1.51911E-03   5.39331E-02   4.73089E+03  -4.19755E+04  -3.47192E+04  -9.57920E+04  -1.40534E+05
   3.97276E-02   4.06651E-03   9.00811E-01   1.51753E-03   5.38770E-02   5.00123E+03  -4.19121E+04  -3.47377E+04  -9.58431E+04  -1.40425E+05
   4.07276E-02   4.06227E-03   8.99873E-01   1.51595E-03   5.38209E-02   5.26715E+03  -4.18490E+04  -3.47563E+04  -9.58944E+04  -1.40315E+05
   4.17276E-02   4.05804E-03   8.98935E-01   1.51437E-03   5.37648E-02   5.52888E+03  -4.17862E+04  -3.47751E+04  -9.59459E+04  -1.40206E+05
   4.27276E-02   4.05380E-03   8.97997E-01   1.51279E-03   5.37087E-02   5.78661E+03  -4.17238E+04  -3.47939E+04  -9.59976E+04  -1.40096E+05
   4.37276E-02   4.04957E-03   8.97059E-01   1.51121E-03   5.36526E-02   6.04054E+03  -4.16616E+04  -3.48129E+04  -9.60494E+04  -1.39987E+05
   4.47276E-02   4.04533E-03   8.96121E-01   1.50963E-03   5.35965E-02   6.29086E+03  -4.15998E+04  -3.48320E+04  -9.61014E+04  -1.39877E+05
   4.57276E-02   4.04110E-03   8.95183E-01   1.50805E-03   5.35404E-02   6.53774E+03  -4.15383E+04  -3.48512E+04  -9.61536E+04  -1.39767E+05
   4.67276E-02   4.03687E-03   8.94245E-01   1.50647E-03   5.34843E-02   6.78132E+03  -4.14771E+04  -3.48706E+04  -9.62059E+04  -1.39658E+05
   4.77276E-02   4.03263E-03   8.93307E-01   1.50489E-03   5.34282E-02   7.02176E+03  -4.14163E+04  -3.48900E+04  -9.62585E+04  -1.39548E+05
   4.87276E-02   4.02840E-03   8.92369E-01   1.50331E-03   5.33721E-02   7.25920E+03  -4.13557E+04  -3.49096E+04  -9.63112E+04  -1.39438E+05
   4.97276E-02   4.02416E-03   8.91431E-01   1.50173E-03   5.33160E-02   7.49376E+03  -4.12955E+04  -3.49293E+04  -9.63640E+04  -1.39328E+05
   5.07276E-02   4.01993E-03   8.90492E-01   1.50014E-03   5.32599E-02   7.72557E+03  -4.12357E+04  -3.49492E+04  -9.64171E+04  -1.39218E+05
   5.17276E-02   4.01569E-03   8.89554E-01   1.49856E-03   5.32038E-02   7.95475E+03  -4.11762E+04  -3.49691E+04  -9.64703E+04  -1.39108E+05
   5.27276E-02   4.01146E-03   8.88616E-01   1.49698E-03   5.31477E-02   8.18140E+03  -4.11170E+04  -3.49892E+04  -9.65237E+04  -1.38998E+05
   5.37276E-02   4.00722E-03   8.87678E-01   1.49540E-03   5.30916E-02   8.40562E+03  -4.10582E+04  -3.50094E+04  -9.65773E+04  -1.38887E+05
   5.47276E-02   4.00299E-03   8.86740E-01   1.49382E-03   5.30354E-02   8.62752E+03  -4.09997E+04  -3.50297E+04  -9.66311E+04  -1.38777E+05
   5.57276E-02   3.99875E-03   8.85802E-01   1.49224E-03   5.29793E-02   8.84718E+03  -4.09415E+04  -3.50502E+04  -9.66851E+04  -1.38667E+05
   5.67276E-02   3.99452E-03   8.84864E-01   1.49066E-03   5.29232E-02   9.06469E+03  -4.08838E+04  -3.50708E+04  -9.67392E+04  -1.38556E+05
   5.77276E-02   3.99028E-03   8.83926E-01   1.48908E-03   5.28671E-02   9.28014E+03  -4.08263E+04  -3.50915E+04  -9.67935E+04  -1.38446E+05
   5.87276E-02   3.98605E-03   8.82988E-01   1.48750E-03   5.28110E-02   9.49318E+03  -4.07692E+04  -3.51123E+04  -9.68475E+04  -1.38335E+05
   5.97276E-02   3.98181E-03   8.82050E-01   1.48592E-03   5.27549E-02   9.70462E+03  -4.07125E+04  -3.51333E+04  -9.69021E+04  -1.38225E+05
   6.07276E-02   3.97758E-03   8.81112E-01   1.48434E-03   5.26988E-02   9.91421E+03  -4.06561E+04  -3.51544E+04  -9.69569E+04  -1.38114E+05
   6.17276E-02   3.97334E-03   8.80174E-01   1.48276E-03   5.26427E-02   1.01220E+04  -4.06001E+04  -3.51756E+04  -9.70118E+04  -1.38003E+05
   6.27276E-02   3.96911E-03   8.79235E-01   1.48118E-03   5.25866E-02   1.03281E+04  -4.05445E+04  -3.51970E+04  -9.70668E+04  -1.37892E+05
   6.37276E-02   3.96487E-03   8.78297E-01   1.47960E-03   5.25305E-02   1.05325E+04  -4.04892E+04  -3.52185E+04  -9.71221E+04  -1.37781E+05
   6.47276E-02   3.96064E-03   8.77359E-01   1.47802E-03   5.24744E-02   1.07352E+04  -4.04343E+04  -3.52401E+04  -9.71775E+04  -1.37671E+05
   6.57276E-02   3.95641E-03   8.76421E-01   1.47644E-03   5.24183E-02   1.09365E+04  -4.03798E+04  -3.52619E+04  -9.72330E+04  -1.37560E+05
   6.67276E-02   3.95217E-03   8.75483E-01   1.47486E-03   5.23622E-02   1.11362E+04  -4.03256E+04  -3.52838E+04  -9.72888E+04  -1.37449E+05
   6.77276E-02   3.94794E-03   8.74545E-01   1.47328E-03   5.23061E-02   1.13344E+04  -4.02718E+04  -3.53058E+04  -9.73446E+04  -1.37337E+05
   6.87276E-02   3.94370E-03   8.73607E-01   1.47170E-03   5.22500E-02   1.15313E+04  -4.02184E+04  -3.53279E+04  -9.74007E+04  -1.37226E+05
   6.97276E-02   3.93947E-03   8.72669E-01   1.47012E-03   5.21939E-02   1.17267E+04  -4.01654E+04  -3.53502E+04  -9.74569E+04  -1.37115E+05
   7.07276E-02   3.93523E-03   8.71731E-01   1.46854E-03   5.21378E-02   1.19209E+04  -4.01128E+04  -3.53727E+04  -9.75132E+04  -1.37004E+05
   7.17276E-02   3.93100E-03   8.70793E-01   1.46696E-03   5.20816E-02   1.21137E+04  -4.00605E+04  -3.53952E+04  -9.75697E+04  -1.36892E+05
   7.27276E-02   3.92676E-03   8.69855E-01   1.46538E-03   5.20255E-02   1.23053E+04  -4.00087E+04  -3.54179E+04  -9.76264E+04  -1.36781E+05
   7.37276E-02   3.92253E-03   8.68917E-01   1.46380E-03   5.19694E-02   1.24957E+04  -3.99572E+04  -3.54408E+04  -9.76832E+04  -1.36669E+05
   7.47276E-02   3.91829E-03   8.67979E-01   1.46222E-03   5.19133E-02   1.26849E+04  -3.99061E+04  -3.54638E+04  -9.77401E+04  -1.36558E+05
   7.57276E-02   3.91406E-03   8.67040E-01   1.46064E-03   5.18572E-02   1.28730E+04  -3.98555E+04  -3.54869E+04  -9.77972E+04  -1.36446E+05
   7.67276E-02   3.90982E-03   8.66102E-01   1.45906E-03   5.18011E-02   1.30600E+04  -3.98052E+04  -3.55101E+04  -9.78544E+04  -1.36335E+05
   7.77276E-02   3.90559E-03   8.65164E-01   1.45748E-03   5.17450E-02   1.32459E+04  -3.97553E+04  -3.55335E+04  -9.79118E+04  -1.36223E+05
   7.87276E-02   3.90135E-03   8.64226E-01   1.45590E-03   5.16889E-02   1.34307E+04  -3.97058E+04  -3.55571E+04  -9.79693E+04  -1.36111E+05
   7.97276E-02   3.89712E-03   8.63288E-01   1.45432E-03   5.16328E-02   1.36146E+04  -3.96568E+04  -3.55807E+04  -9.80269E+04  -1.35999E+05
   8.07276E-02   3.89288E-03   8.62350E-01   1.45274E-03   5.15767E-02   1.37974E+04  -3.96081E+04  -3.56045E+04  -9.80847E+04  -1.35887E+05
   8.17276E-02   3.88865E-03   8.61412E-01   1.45116E-03   5.15206E-02   1.39793E+04  -3.95599E+04  -3.56285E+04  -9.81426E+04  -1.35775E+05
   8.27276E-02   3.88441E-03   8.60474E-01   1.44957E-03   5.14645E-02   1.41602E+04  -3.95121E+04  -3.56526E+04  -9.82006E+04  -1.35663E+05
   8.37276E-02   3.88018E-03   8.59536E-01   1.44799E-03   5.14084E-02   1.43403E+04  -3.94647E+04  -3.56768E+04  -9.82588E+04  -1.35551E+05
   8.47276E-02   3.87594E-03   8.58598E-01   1.44641E-03   5.13523E-02   1.45194E+04  -3.94177E+04  -3.57012E+04  -9.83171E+04  -1.35439E+05
   8.57276E-02   3.87171E-03   8.57660E-01   1.44483E-03   5.12962E-02   1.46977E+04  -3.93711E+04  -3.57258E+04  -9.83755E+04  -1.35327E+05
   8.67276E-02   3.86748E-03   8.56722E-01   1.44325E-03   5.12401E-02   1.48751E+04  -3.93249E+04  -3.57504E+04  -9.84340E+04  -1.35215E+05
   8.77276E-02   3.86324E-03   8.55784E-01   1.44167E-03   5.11840E-02   1.50517E+04  -3.92792E+04  -3.57753E+04  -9.84926E+04  -1.35102E+05
   8.87276E-02   3.85901E-03   8.54845E-01   1.44009E-03   5.11278E-02   1.52276E+04  -3.92339E+04  -3.58002E+04  -9.85513E+04  -1.34990E+05
   8.97276E-02   3.85477E-03   8.53907E-01   1.43851E-03   5.10717E-02   1.54026E+04  -3.91891E+04  -3.58253E+04  -9.86102E+04  -1.34877E+05
   9.07276E-02   3.85054E-03   8.52969E-01   1.43693E-03   5.10156E-02   1.55769E+04  -3.91446E+04  -3.58506E+04  -9.86691E+04  -1.34765E+05
   9.17276E-02   3.84630E-03   8.52031E-01   1.43535E-03   5.09595E-02   1.57504E+04  -3.91006E+04  -3.58760E+04  -9.87282E+04  -1.34652E+05
   9.27276E-02   3.84207E-03   8.51093E-01   1.43377E-03   5.09034E-02   1.59232E+04  -3.90571E+04  -3.59015E+04  -9.87873E+04  -1.34540E+05
   9.37276E-02   3.83783E-03   8.50155E-01   1.43219E-03   5.08473E-02   1.60953E+04  -3.90140E+04  -3.59272E+04  -9.88466E+04  -1.34427E+05
   9.47276E-02   3.83360E-03   8.49217E-01   1.43061E-03   5.07912E-02   1.62667E+04  -3.89713E+04  -3.59531E+04  -9.89059E+04  -1.34314E+05
   9.57276E-02   3.82936E-03   8.48279E-01   1.42903E-03   5.07351E-02   1.64374E+04  -3.89291E+04  -3.59791E+04  -9.89654E+04  -1.34201E+05
   9.67276E-02   3.82513E-03   8.47341E-01   1.42745E-03   5.06790E-02   1.66074E+04  -3.88873E+04  -3.60052E+04  -9.90249E+04  -1.34088E+05
   9.77276E-02   3.82089E-03   8.46403E-01   1.42587E-03   5.06229E-02   1.67768E+04  -3.88460E+04  -3.60315E+04  -9.90845E+04  -1.33975E+05
   9.87276E-02   3.81666E-03   8.45465E-01   1.42429E-03   5.05668E-02   1.69456E+04  -3.88051E+04  -3.60580E+04  -9.91442E+04  -1.33862E+05
   9.97276E-02   3.81242E-03   8.44527E-01   1.42271E-03   5.05107E-02   1.71138E+04  -3.87646E+04  -3.60846E+04  -9.92040E+04  -1.33749E+05
   1.00728E-01   3.80819E-03   8.43588E-01   1.42113E-03   5.04546E-02   1.72813E+04  -3.87247E+04  -3.61113E+04  -9.92638E+04  -1.33636E+05
   1.01728E-01   3.80395E-03   8.42650E-01   1.41955E-03   5.03985E-02   1.74483E+04  -3.86852E+04  -3.61382E+04  -9.93237E+04  -1.33522E+05
   1.02728E-01   3.79972E-03   8.41712E-01   1.41797E-03   5.03424E-02   1.76147E+04  -3.86461E+04  -3.61653E+04  -9.93837E+04  -1.33409E+05
   1.03728E-01   3.79548E-03   8.40774E-01   1.41639E-03   5.02863E-02   1.77805E+04  -3.86075E+04  -3.61925E+04  -9.94438E+04  -1.33296E+05
   1.04728E-01   3.79125E-03   8.39836E-01   1.41481E-03   5.02301E-02   1.79457E+04  -3.85694E+04  -3.62198E+04  -9.95039E+04  -1.33182E+05
   1.05728E-01   3.78702E-03   8.38898E-01   1.41323E-03   5.01740E-02   1.81104E+04  -3.85318E+04  -3.62473E+04  -9.95640E+04  -1.33068E+05
   1.06728E-01   3.78278E-03   8.37960E-01   1.41165E-03   5.01179E-02   1.82746E+04  -3.84946E+04  -3.62750E+04  -9.96243E+04  -1.32955E+05
   1.07728E-01   3.77855E-03   8.37022E-01   1.41007E-03   5.00618E-02   1.84383E+04  -3.84579E+04  -3.63028E+04  -9.96846E+04  -1.32841E+05
   1.08728E-01   3.77431E-03   8.36084E-01   1.40849E-03   5.00057E-02   1.86015E+04  -3.84216E+04  -3.63308E+04  -9.97449E+04  -1.32727E+05
   1.09728E-01   3.77008E-03   8.35146E-01   1.40691E-03   4.99496E-02   1.87641E+04  -3.83859E+04  -3.63589E+04  -9.98053E+04  -1.32613E+05
   1.10728E-01   3.76584E-03   8.34208E-01   1.40533E-03   4.98935E-02   1.89263E+04  -3.83506E+04  -3.63872E+04  -9.98657E+04  -1.32499E+05
   1.11728E-01   3.76161E-03   8.33270E-01   1.40375E-03   4.98374E-02   1.90880E+04  -3.83158E+04  -3.64157E+04  -9.99261E+04  -1.32385E+05
   1.12728E-01   3.75737E-03   8.32332E-01   1.40217E-03   4.97813E-02   1.92492E+04  -3.82815E+04  -3.64443E+04  -9.99866E+04  -1.32271E+05
   1.13728E-01   3.75314E-03   8.31393E-01   1.40059E-03   4.97252E-02   1.94100E+04  -3.82477E+04  -3.64730E+04  -1.00047E+05  -1.32157E+05
   1.14728E-01   3.74890E-03   8.30455E-01   1.39900E-03   4.96691E-02   1.95703E+04  -3.82144E+04  -3.65020E+04  -1.00108E+05  -1.32043E+05
   1.15728E-01   3.74467E-03   8.29517E-01   1.39742E-03   4.96130E-02   1.97301E+04  -3.81815E+04  -3.65310E+04  -1.00168E+05  -1.31928E+05
   1.16728E-01   3.74043E-03   8.28579E-01   1.39584E-03   4.95569E-02   1.98896E+04  -3.81492E+04  -3.65603E+04  -1.00229E+05  -1.31814E+05
   1.17728E-01   3.73620E-03   8.27641E-01   1.39426E-03   4.95008E-02   2.00486E+04  -3.81173E+04  -3.65897E+04  -1.00289E+05  -1.31699E+05
   1.18728E-01   3.73196E-03   8.26703E-01   1.39268E-03   4.94447E-02   2.02072E+04  -3.80860E+04  -3.66193E+04  -1.00350E+05  -1.31585E+05
   1.19728E-01   3.72773E-03   8.25765E-01   1.39110E-03   4.93886E-02   2.03654E+04  -3.80551E+04  -3.66490E+04  -1.00411E+05  -1.31470E+05
   1.20728E-01   3.72349E-03   8.24827E-01   1.38952E-03   4.93325E-02   2.05232E+04  -3.80248E+04  -3.66789E+04  -1.00471E+05  -1.31355E+05
   1.21728E-01   3.71926E-03   8.23889E-01   1.38794E-03   4.92763E-02   2.06806E+04  -3.79950E+04  -3.67089E+04  -1.00532E+05  -1.31240E+05
   1.22728E-01   3.71502E-03   8.22951E-01   1.38636E-03   4.92202E-02   2.08377E+04  -3.79656E+04  -3.67391E+04  -1.00593E+05  -1.31125E+05
   1.23728E-01   3.71079E-03   8.22013E-01   1.38478E-03   4.91641E-02   2.09943E+04  -3.79368E+04  -3.67695E+04  -1.00653E+05  -1.31010E+05
   1.24728E-01   3.70656E-03   8.21075E-01   1.38320E-03   4.91080E-02   2.11506E+04  -3.79085E+04  -3.68001E+04  -1.00714E+05  -1.30895E+05
   1.25728E-01   3.70232E-03   8.20137E-01   1.38162E-03   4.90519E-02   2.13065E+04  -3.78807E+04  -3.68308E+04  -1.00775E+05  -1.30780E+05
   1.26728E-01   3.69809E-03   8.19198E-01   1.38004E-03   4.89958E-02   2.14621E+04  -3.78535E+04  -3.68616E+04  -1.00835E+05  -1.30665E+05
   1.27728E-01   3.69385E-03   8.18260E-01   1.37846E-03   4.89397E-02   2.16174E+04  -3.78267E+04  -3.68927E+04  -1.00896E+05  -1.30549E+05
   1.28728E-01   3.68962E-03   8.17322E-01   1.37688E-03   4.88836E-02   2.17723E+04  -3.78005E+04  -3.69239E+04  -1.00957E+05  -1.30434E+05
   1.29728E-01   3.68538E-03   8.16384E-01   1.37530E-03   4.88275E-02   2.19268E+04  -3.77748E+04  -3.69553E+04  -1.01017E+05  -1.30318E+05
   1.30728E-01   3.68115E-03   8.15446E-01   1.37372E-03   4.87714E-02   2.20811E+04  -3.77497E+04  -3.69868E+04  -1.01078E+05  -1.30202E+05
   1.31728E-01   3.67691E-03   8.14508E-01   1.37214E-03   4.87153E-02   2.22350E+04  -3.77251E+04  -3.70186E+04  -1.01138E+05  -1.30087E+05
   1.32728E-01   3.67268E-03   8.13570E-01   1.37056E-03   4.86592E-02   2.23887E+04  -3.77010E+04  -3.70505E+04  -1.01199E+05  -1.29971E+05
   1.33728E-01   3.66844E-03   8.12632E-01   1.36898E-03   4.86031E-02   2.25420E+04  -3.76774E+04  -3.70825E+04  -1.01260E+05  -1.29855E+05
   1.34728E-01   3.66421E-03   8.11694E-01   1.36740E-03   4.85470E-02   2.26950E+04  -3.76544E+04  -3.71148E+04  -1.01320E+05  -1.29739E+05
   1.35728E-01   3.65997E-03   8.10756E-01   1.36582E-03   4.84909E-02   2.28478E+04  -3.76319E+04  -3.71472E+04  -1.01380E+05  -1.29622E+05
   1.36728E-01   3.65574E-03   8.09818E-01   1.36424E-03   4.84348E-02   2.30003E+04  -3.76100E+04  -3.71798E+04  -1.01441E+05  -1.29506E+05
   1.37728E-01   3.65150E-03   8.08880E-01   1.36266E-03   4.83787E-02   2.31525E+04  -3.75886E+04  -3.72125E+04  -1.01501E+05  -1.29390E+05
   1.38728E-01   3.64727E-03   8.07941E-01   1.36108E-03   4.83225E-02   2.33044E+04  -3.75678E+04  -3.72455E+04  -1.01562E+05  -1.29273E+05
   1.39728E-01   3.64303E-03   8.07003E-01   1.35950E-03   4.82664E-02   2.34561E+04  -3.75476E+04  -3.72786E+04  -1.01622E+05  -1.29157E+05
   1.40728E-01   3.63880E-03   8.06065E-01   1.35792E-03   4.82103E-02   2.36075E+04  -3.75279E+04  -3.73119E+04  -1.01682E+05  -1.29040E+05
   1.41728E-01   3.63456E-03   8.05127E-01   1.35634E-03   4.81542E-02   2.37587E+04  -3.75087E+04  -3.73453E+04  -1.01742E+05  -1.28923E+05
   1.42728E-01   3.63033E-03   8.04189E-01   1.35476E-03   4.80981E-02   2.39096E+04  -3.74901E+04  -3.73790E+04  -1.01803E+05  -1.28806E+05
   1.43728E-01   3.62609E-03   8.03251E-01   1.35318E-03   4.80420E-02   2.40603E+04  -3.74721E+04  -3.74128E+04  -1.01863E+05  -1.28689E+05
   1.44728E-01   3.62186E-03   8.02313E-01   1.35160E-03   4.79859E-02   2.42108E+04  -3.74547E+04  -3.74468E+04  -1.01923E+05  -1.28572E+05
   1.45728E-01   3.61763E-03   8.01375E-01   1.35002E-03   4.79298E-02   2.43611E+04  -3.74378E+04  -3.74810E+04  -1.01983E+05  -1.28455E+05
   1.46728E-01   3.61339E-03   8.00437E-01   1.34844E-03   4.78737E-02   2.45111E+04  -3.74215E+04  -3.75154E+04  -1.02043E+05  -1.28338E+05
   1.47728E-01   3.60916E-03   7.99499E-01   1.34685E-03   4.78176E-02   2.46609E+04  -3.74058E+04  -3.75500E+04  -1.02103E+05  -1.28220E+05
   1.48728E-01   3.60492E-03   7.98561E-01   1.34527E-03   4.77615E-02   2.48106E+04  -3.73907E+04  -3.75848E+04  -1.02163E+05  -1.28103E+05
   1.49728E-01   3.60069E-03   7.97623E-01   1.34369E-03   4.77054E-02   2.49600E+04  -3.73762E+04  -3.76197E+04  -1.02222E+05  -1.27985E+05
   1.50728E-01   3.59645E-03   7.96685E-01   1.34211E-03   4.76493E-02   2.51093E+04  -3.73622E+04  -3.76548E+04  -1.02282E+05  -1.27867E+05
   1.51728E-01   3.59222E-03   7.95746E-01   1.34053E-03   4.75932E-02   2.52584E+04  -3.73489E+04  -3.76902E+04  -1.02342E+05  -1.27749E+05
   1.52728E-01   3.58798E-03   7.94808E-01   1.33895E-03   4.75371E-02   2.54073E+04  -3.73361E+04  -3.77257E+04  -1.02401E+05  -1.27631E+05
   1.53728E-01   3.58375E-03   7.93870E-01   1.33737E-03   4.74810E-02   2.55560E+04  -3.73240E+04  -3.77614E+04  -1.02461E+05  -1.27513E+05
   1.54728E-01   3.57951E-03   7.92932E-01   1.33579E-03   4.74248E-02   2.57046E+04  -3.73124E+04  -3.77973E+04  -1.02520E+05  -1.27395E+05
   1.55728E-01   3.57528E-03   7.91994E-01   1.33421E-03   4.73687E-02   2.58530E+04  -3.73015E+04  -3.78334E+04  -1.02580E+05  -1.27277E+05
   1.56728E-01   3.57104E-03   7.91056E-01   1.33263E-03   4.73126E-02   2.60013E+04  -3.72912E+04  -3.78697E+04  -1.02639E+05  -1.27158E+05
   1.57728E-01   3.56681E-03   7.90118E-01   1.33105E-03   4.72565E-02   2.61494E+04  -3.72815E+04  -3.79062E+04  -1.02698E+05  -1.27040E+05
   1.58728E-01   3.56257E-03   7.89180E-01   1.32947E-03   4.72004E-02   2.62975E+04  -3.72724E+04  -3.79429E+04  -1.02758E+05  -1.26921E+05
   1.59728E-01   3.55834E-03   7.88242E-01   1.32789E-03   4.71443E-02   2.64453E+04  -3.72639E+04  -3.79798E+04  -1.02817E+05  -1.26802E+05
   1.60728E-01   3.55410E-03   7.87304E-01   1.32631E-03   4.70882E-02   2.65931E+04  -3.72561E+04  -3.80169E+04  -1.02876E+05  -1.26683E+05
   1.61728E-01   3.54987E-03   7.86366E-01   1.32473E-03   4.70321E-02   2.67407E+04  -3.72489E+04  -3.80542E+04  -1.02935E+05  -1.26564E+05
   1.62728E-01   3.54563E-03   7.85428E-01   1.32315E-03   4.69760E-02   2.68883E+04  -3.72423E+04  -3.80917E+04  -1.02994E+05  -1.26445E+05
   1.63728E-01   3.54140E-03   7.84490E-01   1.32157E-03   4.69199E-02   2.70357E+04  -3.72364E+04  -3.81294E+04  -1.03053E+05  -1.26326E+05
   1.64728E-01   3.53717E-03   7.83551E-01   1.31999E-03   4.68638E-02   2.71831E+04  -3.72311E+04  -3.81673E+04  -1.03112E+05  -1.26206E+05
   1.65728E-01   3.53293E-03   7.82613E-01   1.31841E-03   4.68077E-02   2.73303E+04  -3.72265E+04  -3.82055E+04  -1.03170E+05  -1.26087E+05
   1.66728E-01   3.52870E-03   7.81675E-01   1.31683E-03   4.67516E-02   2.74775E+04  -3.72226E+04  -3.82438E+04  -1.03229E+05  -1.25967E+05
   1.67728E-01   3.52446E-03   7.80737E-01   1.31525E-03   4.66955E-02   2.76246E+04  -3.72192E+04  -3.82824E+04  -1.03288E+05  -1.25848E+05
   1.68728E-01   3.52023E-03   7.79799E-01   1.31367E-03   4.66394E-02   2.77717E+04  -3.72166E+04  -3.83212E+04  -1.03346E+05  -1.25728E+05
   1.69728E-01   3.51599E-03   7.78861E-01   1.31209E-03   4.65833E-02   2.79187E+04  -3.72146E+04  -3.83602E+04  -1.03405E+05  -1.25608E+05
   1.70728E-01   3.51176E-03   7.77923E-01   1.31051E-03   4.65272E-02   2.80656E+04  -3.72133E+04  -3.83994E+04  -1.03463E+05  -1.25488E+05
   1.71728E-01   3.50752E-03   7.76985E-01   1.30893E-03   4.64710E-02   2.82125E+04  -3.72127E+04  -3.84389E+04  -1.03522E+05  -1.25368E+05
   1.72728E-01   3.50329E-03   7.76047E-01   1.30735E-03   4.64149E-02   2.83593E+04  -3.72127E+04  -3.84785E+04  -1.03580E+05  -1.25247E+05
   1.73728E-01   3.49905E-03   7.75109E-01   1.30577E-03   4.63588E-02   2.85062E+04  -3.72135E+04  -3.85184E+04  -1.03638E+05  -1.25127E+05
   1.74728E-01   3.49482E-03   7.74171E-01   1.30419E-03   4.63027E-02   2.86530E+04  -3.72149E+04  -3.85585E+04  -1.03696E+05  -1.25006E+05
   1.75728E-01   3.49058E-03   7.73233E-01   1.30261E-03   4.62466E-02   2.87997E+04  -3.72170E+04  -3.85989E+04  -1.03754E+05  -1.24886E+05
   1.76728E-01   3.48635E-03   7.72294E-01   1.30103E-03   4.61905E-02   2.89465E+04  -3.72199E+04  -3.86395E+04  -1.03812E+05  -1.24765E+05
   1.77728E-01   3.48211E-03   7.71356E-01   1.29945E-03   4.61344E-02   2.90933E+04  -3.72234E+04  -3.86803E+04  -1.03870E+05  -1.24644E+05
   1.78728E-01   3.47788E-03   7.70418E-01   1.29787E-03   4.60783E-02   2.92401E+04  -3.72277E+04  -3.87213E+04  -1.03928E+05  -1.24523E+05
   1.79728E-01   3.47364E-03   7.69480E-01   1.29628E-03   4.60222E-02   2.93868E+04  -3.72326E+04  -3.87626E+04  -1.03986E+05  -1.24402E+05
   1.80728E-01   3.46941E-03   7.68542E-01   1.29470E-03   4.59661E-02   2.95336E+04  -3.72383E+04  -3.88042E+04  -1.04044E+05  -1.24281E+05
   1.81728E-01   3.46517E-03   7.67604E-01   1.29312E-03   4.59100E-02   2.96805E+04  -3.72448E+04  -3.88459E+04  -1.04102E+05  -1.24159E+05
   1.82728E-01   3.46094E-03   7.66666E-01   1.29154E-03   4.58539E-02   2.98273E+04  -3.72519E+04  -3.88880E+04  -1.04160E+05  -1.24038E+05
   1.83728E-01   3.45671E-03   7.65728E-01   1.28996E-03   4.57978E-02   2.99742E+04  -3.72598E+04  -3.89302E+04  -1.04217E+05  -1.23916E+05
   1.84728E-01   3.45247E-03   7.64790E-01   1.28838E-03   4.57417E-02   3.01212E+04  -3.72685E+04  -3.89727E+04  -1.04275E+05  -1.23795E+05
   1.85728E-01   3.44824E-03   7.63852E-01   1.28680E-03   4.56856E-02   3.02682E+04  -3.72779E+04  -3.90155E+04  -1.04332E+05  -1.23673E+05
   1.86728E-01   3.44400E-03   7.62914E-01   1.28522E-03   4.56295E-02   3.04152E+04  -3.72880E+04  -3.90585E+04  -1.04390E+05  -1.23551E+05
   1.87728E-01   3.43977E-03   7.61976E-01   1.28364E-03   4.55734E-02   3.05623E+04  -3.72989E+04  -3.91018E+04  -1.04447E+05  -1.23429E+05
   1.88728E-01   3.43553E-03   7.61038E-01   1.28206E-03   4.55172E-02   3.07095E+04  -3.73106E+04  -3.91453E+04  -1.04505E+05  -1.23307E+05
   1.89728E-01   3.43130E-03   7.60099E-01   1.28048E-03   4.54611E-02   3.08568E+04  -3.73231E+04  -3.91891E+04  -1.04562E+05  -1.23185E+05
   1.90728E-01   3.42706E-03   7.59161E-01   1.27890E-03   4.54050E-02   3.10042E+04  -3.73363E+04  -3.92332E+04  -1.04620E+05  -1.23062E+05
   1.91728E-01   3.42283E-03   7.58223E-01   1.27732E-03   4.53489E-02   3.11516E+04  -3.73504E+04  -3.92775E+04  -1.04677E+05  -1.22940E+05
   1.92728E-01   3.41859E-03   7.57285E-01   1.27574E-03   4.52928E-02   3.12992E+04  -3.73652E+04  -3.93221E+04  -1.04734E+05  -1.22817E+05
   1.93728E-01   3.41436E-03   7.56347E-01   1.27416E-03   4.52367E-02   3.14468E+04  -3.73808E+04  -3.93670E+04  -1.04791E+05  -1.22695E+05
   1.94728E-01   3.41012E-03   7.55409E-01   1.27258E-03   4.51806E-02   3.15946E+04  -3.73972E+04  -3.94121E+04  -1.04849E+05  -1.22572E+05
   1.95728E-01   3.40589E-03   7.54471E-01   1.27100E-03   4.51245E-02   3.17425E+04  -3.74144E+04  -3.94576E+04  -1.04906E+05  -1.22449E+05
   1.96728E-01   3.40165E-03   7.53533E-01   1.26942E-03   4.50684E-02   3.18905E+04  -3.74325E+04  -3.95033E+04  -1.04963E+05  -1.22326E+05
   1.97728E-01   3.39742E-03   7.52595E-01   1.26784E-03   4.50123E-02   3.20386E+04  -3.74514E+04  -3.95492E+04  -1.05020E+05  -1.22203E+05
   1.98728E-01   3.39318E-03   7.51657E-01   1.26626E-03   4.49562E-02   3.21869E+04  -3.74711E+04  -3.95955E+04  -1.05077E+05  -1.22080E+05
   1.99728E-01   3.38895E-03   7.50719E-01   1.26468E-03   4.49001E-02   3.23353E+04  -3.74916E+04  -3.96420E+04  -1.05134E+05  -1.21957E+05
   2.00728E-01   3.38471E-03   7.49781E-01   1.26310E-03   4.48440E-02   3.24839E+04  -3.75130E+04  -3.96889E+04  -1.05191E+05  -1.21833E+05
   2.01728E-01   3.38048E-03   7.48843E-01   1.26152E-03   4.47879E-02   3.26326E+04  -3.75352E+04  -3.97360E+04  -1.05248E+05  -1.21710E+05
   2.02728E-01   3.37625E-03   7.47904E-01   1.25994E-03   4.47318E-02   3.27815E+04  -3.75583E+04  -3.97834E+04  -1.05304E+05  -1.21586E+05
   2.03728E-01   3.37201E-03   7.46966E-01   1.25836E-03   4.46757E-02   3.29306E+04  -3.75822E+04  -3.98312E+04  -1.05361E+05  -1.21462E+05
   2.04728E-01   3.36778E-03   7.46028E-01   1.25678E-03   4.46195E-02   3.30798E+04  -3.76070E+04  -3.98792E+04  -1.05418E+05  -1.21338E+05
   2.05728E-01   3.36354E-03   7.45090E-01   1.25520E-03   4.45634E-02   3.32292E+04  -3.76327E+04  -3.99275E+04  -1.05475E+05  -1.21215E+05
   2.06728E-01   3.35931E-03   7.44152E-01   1.25362E-03   4.45073E-02   3.33788E+04  -3.76592E+04  -3.99761E+04  -1.05531E+05  -1.21091E+05
   2.07728E-01   3.35507E-03   7.43214E-01   1.25204E-03   4.44512E-02   3.35285E+04  -3.76867E+04  -4.00251E+04  -1.05588E+05  -1.20966E+05
   2.08728E-01   3.35084E-03   7.42276E-01   1.25046E-03   4.43951E-02   3.36785E+04  -3.77150E+04  -4.00743E+04  -1.05644E+05  -1.20842E+05
   2.09728E-01   3.34660E-03   7.41338E-01   1.24888E-03   4.43390E-02   3.38286E+04  -3.77442E+04  -4.01239E+04  -1.05701E+05  -1.20718E+05
   2.10728E-01   3.34237E-03   7.40400E-01   1.24730E-03   4.42829E-02   3.39790E+04  -3.77743E+04  -4.01737E+04  -1.05757E+05  -1.20593E+05
   2.11728E-01   3.33813E-03   7.39462E-01   1.24571E-03   4.42268E-02   3.41295E+04  -3.78053E+04  -4.02239E+04  -1.05813E+05  -1.20469E+05
   2.12728E-01   3.33390E-03   7.38524E-01   1.24413E-03   4.41707E-02   3.42803E+04  -3.78372E+04  -4.02745E+04  -1.05869E+05  -1.20344E+05
   2.13728E-01   3.32966E-03   7.37586E-01   1.24255E-03   4.41146E-02   3.44313E+04  -3.78700E+04  -4.03253E+04  -1.05925E+05  -1.20219E+05
   2.14728E-01   3.32543E-03   7.36647E-01   1.24097E-03   4.40585E-02   3.45824E+04  -3.79037E+04  -4.03764E+04  -1.05981E+05  -1.20095E+05
   2.15728E-01   3.32119E-03   7.35709E-01   1.23939E-03   4.40024E-02   3.47338E+04  -3.79384E+04  -4.04279E+04  -1.06037E+05  -1.19970E+05
   2.16728E-01   3.31696E-03   7.34771E-01   1.23781E-03   4.39463E-02   3.48854E+04  -3.79740E+04  -4.04797E+04  -1.06093E+05  -1.19844E+05
   2.17728E-01   3.31272E-03   7.33833E-01   1.23623E-03   4.38902E-02   3.50373E+04  -3.80105E+04  -4.05319E+04  -1.06148E+05  -1.19719E+05
   2.18728E-01   3.30849E-03   7.32895E-01   1.23465E-03   4.38341E-02   3.51893E+04  -3.80480E+04  -4.05844E+04  -1.06203E+05  -1.19594E+05
   2.19728E-01   3.30425E-03   7.31957E-01   1.23307E-03   4.37780E-02   3.53416E+04  -3.80864E+04  -4.06372E+04  -1.06259E+05  -1.19468E+05
   2.20728E-01   3.30002E-03   7.31019E-01   1.23149E-03   4.37219E-02   3.54941E+04  -3.81257E+04  -4.06903E+04  -1.06314E+05  -1.19343E+05
   2.21728E-01   3.29578E-03   7.30081E-01   1.22991E-03   4.36657E-02   3.56468E+04  -3.81660E+04  -4.07438E+04  -1.06369E+05  -1.19217E+05
   2.22728E-01   3.29155E-03   7.29143E-01   1.22833E-03   4.36096E-02   3.57998E+04  -3.82072E+04  -4.07977E+04  -1.06423E+05  -1.19091E+05
   2.23728E-01   3.28732E-03   7.28205E-01   1.22675E-03   4.35535E-02   3.59530E+04  -3.82493E+04  -4.08519E+04  -1.06477E+05  -1.18965E+05
   2.24728E-01   3.28308E-03   7.27267E-01   1.22517E-03   4.34974E-02   3.61064E+04  -3.82925E+04  -4.09064E+04  -1.06532E+05  -1.18839E+05
   2.25728E-01   3.27885E-03   7.26329E-01   1.22359E-03   4.34413E-02   3.62601E+04  -3.83365E+04  -4.09613E+04  -1.06585E+05  -1.18713E+05
   2.26728E-01   3.27461E-03   7.25391E-01   1.22201E-03   4.33852E-02   3.64140E+04  -3.83815E+04  -4.10165E+04  -1.06639E+05  -1.18586E+05
   2.27728E-01   3.27038E-03   7.24452E-01   1.22043E-03   4.33291E-02   3.65681E+04  -3.84275E+04  -4.10721E+04  -1.06692E+05  -1.18460E+05
   2.28728E-01   3.26614E-03   7.23514E-01   1.21885E-03   4.32730E-02   3.67224E+04  -3.84744E+04  -4.11280E+04  -1.06745E+05  -1.18333E+05
   2.29728E-01   3.26191E-03   7.22576E-01   1.21727E-03   4.32169E-02   3.68770E+04  -3.85223E+04  -4.11843E+04  -1.06798E+05  -1.18206E+05
   2.30728E-01   3.25767E-03   7.21638E-01   1.21569E-03   4.31608E-02   3.70318E+04  -3.85712E+04  -4.12410E+04  -1.06850E+05  -1.18079E+05
   2.31728E-01   3.25344E-03   7.20700E-01   1.21411E-03   4.31047E-02   3.71868E+04  -3.86209E+04  -4.12980E+04  -1.06901E+05  -1.17951E+05
   2.32728E-01   3.24920E-03   7.19762E-01   1.21253E-03   4.30486E-02   3.73420E+04  -3.86717E+04  -4.13553E+04  -1.06953E+05  -1.17824E+05
   2.33728E-01   3.24497E-03   7.18824E-01   1.21095E-03   4.29925E-02   3.74975E+04  -3.87233E+04  -4.14131E+04  -1.07003E+05  -1.17696E+05
   2.34728E-01   3.24073E-03   7.17886E-01   1.20937E-03   4.29364E-02   3.76531E+04  -3.87760E+04  -4.14712E+04  -1.07053E+05  -1.17568E+05
   2.35728E-01   3.23650E-03   7.16948E-01   1.20779E-03   4.28803E-02   3.78090E+04  -3.88295E+04  -4.15296E+04  -1.07103E+05  -1.17440E+05
   2.36728E-01   3.23226E-03   7.16010E-01   1.20621E-03   4.28242E-02   3.79651E+04  -3.88840E+04  -4.15884E+04  -1.07152E+05  -1.17311E+05
   2.37728E-01   3.22803E-03   7.15072E-01   1.20463E-03   4.27681E-02   3.81214E+04  -3.89395E+04  -4.16476E+04  -1.07200E+05  -1.17183E+05
   2.38728E-01   3.22379E-03   7.14134E-01   1.20305E-03   4.27119E-02   3.82550E+04  -3.89784E+04  -4.17007E+04  -1.07191E+05  -1.17037E+05
   2.39728E-01   3.21956E-03   7.13196E-01   1.20147E-03   4.26558E-02   3.83718E+04  -3.90048E+04  -4.17494E+04  -1.07138E+05  -1.16877E+05
   2.40728E-01   3.21532E-03   7.12257E-01   1.19989E-03   4.25997E-02   3.84930E+04  -3.90348E+04  -4.17996E+04  -1.07093E+05  -1.16719E+05
   2.41728E-01   3.21109E-03   7.11319E-01   1.19831E-03   4.25436E-02   3.86182E+04  -3.90681E+04  -4.18512E+04  -1.07056E+05  -1.16564E+05
   2.42728E-01   3.20686E-03   7.10381E-01   1.19673E-03   4.24875E-02   3.87474E+04  -3.91049E+04  -4.19043E+04  -1.07026E+05  -1.16411E+05
   2.43728E-01   3.20262E-03   7.09443E-01   1.19514E-03   4.24314E-02   3.88804E+04  -3.91449E+04  -4.19588E+04  -1.07003E+05  -1.16260E+05
   2.44728E-01   3.19839E-03   7.08505E-01   1.19356E-03   4.23753E-02   3.90170E+04  -3.91882E+04  -4.20146E+04  -1.06987E+05  -1.16110E+05
   2.45728E-01   3.19415E-03   7.07567E-01   1.19198E-03   4.23192E-02   3.91571E+04  -3.92346E+04  -4.20717E+04  -1.06978E+05  -1.15963E+05
   2.46728E-01   3.18992E-03   7.06629E-01   1.19040E-03   4.22631E-02   3.93005E+04  -3.92842E+04  -4.21302E+04  -1.06974E+05  -1.15818E+05
   2.47728E-01   3.18568E-03   7.05691E-01   1.18882E-03   4.22070E-02   3.94471E+04  -3.93368E+04  -4.21898E+04  -1.06977E+05  -1.15674E+05
   2.48728E-01   3.18145E-03   7.04753E-01   1.18724E-03   4.21509E-02   3.95967E+04  -3.93925E+04  -4.22507E+04  -1.06986E+05  -1.15532E+05
   2.49728E-01   3.17721E-03   7.03815E-01   1.18566E-03   4.20948E-02   3.97493E+04  -3.94511E+04  -4.23128E+04  -1.07000E+05  -1.15392E+05
   2.50728E-01   3.17298E-03   7.02877E-01   1.18408E-03   4.20387E-02   3.99047E+04  -3.95127E+04  -4.23761E+04  -1.07019E+05  -1.15253E+05
   2.51728E-01   3.16874E-03   7.01939E-01   1.18250E-03   4.19826E-02   4.00628E+04  -3.95772E+04  -4.24405E+04  -1.07044E+05  -1.15116E+05
   2.52728E-01   3.16451E-03   7.01000E-01   1.18092E-03   4.19265E-02   4.02236E+04  -3.96446E+04  -4.25060E+04  -1.07074E+05  -1.14981E+05
   2.53728E-01   3.16027E-03   7.00062E-01   1.17934E-03   4.18704E-02   4.03868E+04  -3.97148E+04  -4.25727E+04  -1.07108E+05  -1.14847E+05
   2.54728E-01   3.15604E-03   6.99124E-01   1.17776E-03   4.18142E-02   4.05525E+04  -3.97878E+04  -4.26404E+04  -1.07148E+05  -1.14714E+05
   2.55728E-01   3.15180E-03   6.98186E-01   1.17618E-03   4.17581E-02   4.07205E+04  -3.98637E+04  -4.27092E+04  -1.07192E+05  -1.14583E+05
   2.56728E-01   3.14757E-03   6.97248E-01   1.17460E-03   4.17020E-02   4.08907E+04  -3.99422E+04  -4.27790E+04  -1.07240E+05  -1.14454E+05
   2.57728E-01   3.14333E-03   6.96310E-01   1.17302E-03   4.16459E-02   4.10632E+04  -4.00235E+04  -4.28499E+04  -1.07292E+05  -1.14326E+05
   2.58728E-01   3.13910E-03   6.95372E-01   1.17144E-03   4.15898E-02   4.12377E+04  -4.01076E+04  -4.29218E+04  -1.07349E+05  -1.14199E+05
   2.59728E-01   3.13486E-03   6.94434E-01   1.16986E-03   4.15337E-02   4.14142E+04  -4.01943E+04  -4.29946E+04  -1.07410E+05  -1.14073E+05
   2.60728E-01   3.13063E-03   6.93496E-01   1.16828E-03   4.14776E-02   4.15928E+04  -4.02837E+04  -4.30685E+04  -1.07475E+05  -1.13949E+05
   2.61728E-01   3.12640E-03   6.92558E-01   1.16670E-03   4.14215E-02   4.17732E+04  -4.03757E+04  -4.31433E+04  -1.07543E+05  -1.13826E+05
   2.62728E-01   3.12216E-03   6.91620E-01   1.16512E-03   4.13654E-02   4.19554E+04  -4.04704E+04  -4.32191E+04  -1.07615E+05  -1.13704E+05
   2.63728E-01   3.11793E-03   6.90682E-01   1.16354E-03   4.13093E-02   4.21395E+04  -4.05677E+04  -4.32959E+04  -1.07691E+05  -1.13584E+05
   2.64728E-01   3.11369E-03   6.89744E-01   1.16196E-03   4.12532E-02   4.23252E+04  -4.06676E+04  -4.33735E+04  -1.07770E+05  -1.13464E+05
   2.65728E-01   3.10946E-03   6.88805E-01   1.16038E-03   4.11971E-02   4.25127E+04  -4.07702E+04  -4.34521E+04  -1.07853E+05  -1.13346E+05
   2.66728E-01   3.10522E-03   6.87867E-01   1.15880E-03   4.11410E-02   4.27017E+04  -4.08753E+04  -4.35316E+04  -1.07939E+05  -1.13229E+05
   2.67728E-01   3.10099E-03   6.86929E-01   1.15722E-03   4.10849E-02   4.28923E+04  -4.09830E+04  -4.36120E+04  -1.08028E+05  -1.13113E+05
   2.68728E-01   3.09675E-03   6.85991E-01   1.15564E-03   4.10288E-02   4.30844E+04  -4.10932E+04  -4.36933E+04  -1.08120E+05  -1.12998E+05
   2.69728E-01   3.09252E-03   6.85053E-01   1.15406E-03   4.09727E-02   4.32781E+04  -4.12061E+04  -4.37755E+04  -1.08216E+05  -1.12885E+05
   2.70728E-01   3.08828E-03   6.84115E-01   1.15248E-03   4.09166E-02   4.34731E+04  -4.13214E+04  -4.38585E+04  -1.08314E+05  -1.12772E+05
   2.71728E-01   3.08405E-03   6.83177E-01   1.15090E-03   4.08604E-02   4.36696E+04  -4.14394E+04  -4.39424E+04  -1.08416E+05  -1.12661E+05
   2.72728E-01   3.07981E-03   6.82239E-01   1.14932E-03   4.08043E-02   4.38674E+04  -4.15599E+04  -4.40272E+04  -1.08520E+05  -1.12550E+05
   2.73728E-01   3.07558E-03   6.81301E-01   1.14774E-03   4.07482E-02   4.40665E+04  -4.16829E+04  -4.41128E+04  -1.08627E+05  -1.12441E+05
   2.74728E-01   3.07134E-03   6.80363E-01   1.14616E-03   4.06921E-02   4.42670E+04  -4.18085E+04  -4.41992E+04  -1.08737E+05  -1.12332E+05
   2.75728E-01   3.06711E-03   6.79425E-01   1.14457E-03   4.06360E-02   4.44686E+04  -4.19366E+04  -4.42865E+04  -1.08849E+05  -1.12225E+05
   2.76728E-01   3.06287E-03   6.78487E-01   1.14299E-03   4.05799E-02   4.46715E+04  -4.20672E+04  -4.43747E+04  -1.08965E+05  -1.12119E+05
   2.77728E-01   3.05864E-03   6.77549E-01   1.14141E-03   4.05238E-02   4.48756E+04  -4.22004E+04  -4.44636E+04  -1.09082E+05  -1.12013E+05
   2.78728E-01   3.05440E-03   6.76610E-01   1.13983E-03   4.04677E-02   4.50809E+04  -4.23361E+04  -4.45534E+04  -1.09203E+05  -1.11909E+05
   2.79728E-01   3.05017E-03   6.75672E-01   1.13825E-03   4.04116E-02   4.52872E+04  -4.24743E+04  -4.46440E+04  -1.09325E+05  -1.11805E+05
   2.80728E-01   3.04593E-03   6.74734E-01   1.13667E-03   4.03555E-02   4.54947E+04  -4.26150E+04  -4.47354E+04  -1.09451E+05  -1.11703E+05
   2.81728E-01   3.04170E-03   6.73796E-01   1.13509E-03   4.02994E-02   4.57033E+04  -4.27583E+04  -4.48276E+04  -1.09578E+05  -1.11601E+05
   2.82728E-01   3.03747E-03   6.72858E-01   1.13351E-03   4.02433E-02   4.59129E+04  -4.29042E+04  -4.49205E+04  -1.09708E+05  -1.11501E+05
   2.83728E-01   3.03323E-03   6.71920E-01   1.13193E-03   4.01872E-02   4.61235E+04  -4.30525E+04  -4.50143E+04  -1.09840E+05  -1.11401E+05
   2.84728E-01   3.02900E-03   6.70982E-01   1.13035E-03   4.01311E-02   4.63351E+04  -4.32034E+04  -4.51089E+04  -1.09975E+05  -1.11302E+05
   2.85728E-01   3.02476E-03   6.70044E-01   1.12877E-03   4.00750E-02   4.65477E+04  -4.33569E+04  -4.52043E+04  -1.10112E+05  -1.11205E+05
   2.86728E-01   3.02053E-03   6.69106E-01   1.12719E-03   4.00189E-02   4.67613E+04  -4.35129E+04  -4.53004E+04  -1.10251E+05  -1.11108E+05
   2.87728E-01   3.01629E-03   6.68168E-01   1.12561E-03   3.99628E-02   4.69758E+04  -4.36714E+04  -4.53974E+04  -1.10392E+05  -1.11012E+05
   2.88728E-01   3.01206E-03   6.67230E-01   1.12403E-03   3.99066E-02   4.71912E+04  -4.38325E+04  -4.54951E+04  -1.10535E+05  -1.10917E+05
   2.89728E-01   3.00782E-03   6.66292E-01   1.12245E-03   3.98505E-02   4.74075E+04  -4.39962E+04  -4.55935E+04  -1.10680E+05  -1.10822E+05
   2.90728E-01   3.00359E-03   6.65353E-01   1.12087E-03   3.97944E-02   4.76247E+04  -4.41624E+04  -4.56928E+04  -1.10828E+05  -1.10729E+05
   2.91728E-01   2.99935E-03   6.64415E-01   1.11929E-03   3.97383E-02   4.78427E+04  -4.43312E+04  -4.57928E+04  -1.10977E+05  -1.10637E+05
   2.92728E-01   2.99512E-03   6.63477E-01   1.11771E-03   3.96822E-02   4.80616E+04  -4.45026E+04  -4.58936E+04  -1.11129E+05  -1.10545E+05
   2.93728E-01   2.99088E-03   6.62539E-01   1.11613E-03   3.96261E-02   4.82813E+04  -4.46765E+04  -4.59951E+04  -1.11282E+05  -1.10455E+05
   2.94728E-01   2.98665E-03   6.61601E-01   1.11455E-03   3.95700E-02   4.85019E+04  -4.48531E+04  -4.60975E+04  -1.11437E+05  -1.10365E+05
   2.95728E-01   2.98241E-03   6.60663E-01   1.11297E-03   3.95139E-02   4.87232E+04  -4.50322E+04  -4.62005E+04  -1.11595E+05  -1.10276E+05
   2.96728E-01   2.97818E-03   6.59725E-01   1.11139E-03   3.94578E-02   4.89453E+04  -4.52139E+04  -4.63043E+04  -1.11754E+05  -1.10188E+05
   2.97728E-01   2.97394E-03   6.58787E-01   1.10981E-03   3.94017E-02   4.91681E+04  -4.53983E+04  -4.64089E+04  -1.11915E+05  -1.10101E+05
   2.98728E-01   2.96971E-03   6.57849E-01   1.10823E-03   3.93456E-02   4.93917E+04  -4.55853E+04  -4.65143E+04  -1.12078E+05  -1.10014E+05
   2.99728E-01   2.96547E-03   6.56911E-01   1.10665E-03   3.92895E-02   4.96160E+04  -4.57749E+04  -4.66204E+04  -1.12243E+05  -1.09929E+05
   2.99990E-01   2.96436E-03   6.56665E-01   1.10623E-03   3.92748E-02   4.96750E+04  -4.58250E+04  -4.66483E+04  -1.12286E+05  -1.09907E+05

 Phase Region for:
     FCC_A1                        
 col-1=X(C), col-2=X(CU), col-3=X(FE), col-4=X(MN), col-5=X(SI), col-6=MU(C), col-7=MU(CU), col-8=MU(FE), col-9=MU(MN), col-10=MU(SI),
   9.72763E-03   4.19355E-03   9.28954E-01   1.56494E-03   5.55602E-02  -7.69648E+03  -4.39393E+04  -3.42309E+04  -9.43794E+04  -1.43674E+05
   8.72763E-03   4.19779E-03   9.29892E-01   1.56652E-03   5.56163E-02  -8.56415E+03  -4.40110E+04  -3.42156E+04  -9.43330E+04  -1.43781E+05
   7.72763E-03   4.20202E-03   9.30830E-01   1.56810E-03   5.56724E-02  -9.52760E+03  -4.40829E+04  -3.42005E+04  -9.42867E+04  -1.43888E+05
   6.72763E-03   4.20626E-03   9.31768E-01   1.56968E-03   5.57285E-02  -1.06135E+04  -4.41551E+04  -3.41854E+04  -9.42406E+04  -1.43995E+05
   5.72763E-03   4.21049E-03   9.32706E-01   1.57126E-03   5.57846E-02  -1.18614E+04  -4.42275E+04  -3.41705E+04  -9.41947E+04  -1.44102E+05
   4.72763E-03   4.21472E-03   9.33644E-01   1.57284E-03   5.58407E-02  -1.33339E+04  -4.43002E+04  -3.41556E+04  -9.41489E+04  -1.44209E+05
   3.72763E-03   4.21896E-03   9.34582E-01   1.57442E-03   5.58969E-02  -1.51386E+04  -4.43730E+04  -3.41408E+04  -9.41033E+04  -1.44316E+05
   2.72763E-03   4.22319E-03   9.35520E-01   1.57600E-03   5.59530E-02  -1.74853E+04  -4.44462E+04  -3.41261E+04  -9.40578E+04  -1.44422E+05
   1.72763E-03   4.22743E-03   9.36458E-01   1.57758E-03   5.60091E-02  -2.08798E+04  -4.45195E+04  -3.41116E+04  -9.40124E+04  -1.44529E+05
   7.27626E-04   4.23166E-03   9.37396E-01   1.57916E-03   5.60652E-02  -2.72363E+04  -4.45931E+04  -3.40971E+04  -9.39672E+04  -1.44635E+05
   1.00000E-05   4.23470E-03   9.38070E-01   1.58029E-03   5.61054E-02  -5.84171E+04  -4.46461E+04  -3.40868E+04  -9.39348E+04  -1.44712E+05
