
 Phase Region for:
     FCC_A1                        
 col-1=X(C), col-2=X(CU), col-3=X(FE), col-4=X(MN), col-5=X(SI), col-6=MU(C), col-7=MU(CU), col-8=MU(FE), col-9=MU(MN), col-10=MU(SI),
   9.72763E-03   4.19355E-03   9.28954E-01   1.56494E-03   5.55602E-02  -1.53582E+04  -5.48071E+04  -4.10619E+04  -1.07001E+05  -1.49105E+05
   1.07276E-02   4.18932E-03   9.28016E-01   1.56336E-03   5.55041E-02  -1.44844E+04  -5.47362E+04  -4.10782E+04  -1.07046E+05  -1.48998E+05
   1.17276E-02   4.18508E-03   9.27078E-01   1.56178E-03   5.54480E-02  -1.36811E+04  -5.46656E+04  -4.10946E+04  -1.07091E+05  -1.48891E+05
   1.27276E-02   4.18085E-03   9.26139E-01   1.56020E-03   5.53919E-02  -1.29367E+04  -5.45952E+04  -4.11111E+04  -1.07136E+05  -1.48783E+05
   1.37276E-02   4.17661E-03   9.25201E-01   1.55862E-03   5.53358E-02  -1.22422E+04  -5.45251E+04  -4.11277E+04  -1.07181E+05  -1.48676E+05
   1.47276E-02   4.17238E-03   9.24263E-01   1.55704E-03   5.52797E-02  -1.15906E+04  -5.44552E+04  -4.11443E+04  -1.07226E+05  -1.48568E+05
   1.57276E-02   4.16814E-03   9.23325E-01   1.55546E-03   5.52236E-02  -1.09762E+04  -5.43855E+04  -4.11611E+04  -1.07272E+05  -1.48460E+05
   1.67276E-02   4.16391E-03   9.22387E-01   1.55388E-03   5.51675E-02  -1.03944E+04  -5.43162E+04  -4.11781E+04  -1.07317E+05  -1.48353E+05
   1.77276E-02   4.15967E-03   9.21449E-01   1.55230E-03   5.51114E-02  -9.84138E+03  -5.42471E+04  -4.11951E+04  -1.07363E+05  -1.48245E+05
   1.87276E-02   4.15544E-03   9.20511E-01   1.55071E-03   5.50553E-02  -9.31401E+03  -5.41782E+04  -4.12122E+04  -1.07409E+05  -1.48137E+05
   1.97276E-02   4.15120E-03   9.19573E-01   1.54913E-03   5.49992E-02  -8.80957E+03  -5.41097E+04  -4.12294E+04  -1.07455E+05  -1.48029E+05
   2.07276E-02   4.14697E-03   9.18635E-01   1.54755E-03   5.49431E-02  -8.32577E+03  -5.40414E+04  -4.12468E+04  -1.07502E+05  -1.47921E+05
   2.17276E-02   4.14273E-03   9.17697E-01   1.54597E-03   5.48869E-02  -7.86066E+03  -5.39733E+04  -4.12642E+04  -1.07548E+05  -1.47813E+05
   2.27276E-02   4.13850E-03   9.16759E-01   1.54439E-03   5.48308E-02  -7.41253E+03  -5.39056E+04  -4.12818E+04  -1.07595E+05  -1.47705E+05
   2.37276E-02   4.13426E-03   9.15821E-01   1.54281E-03   5.47747E-02  -6.97991E+03  -5.38381E+04  -4.12994E+04  -1.07641E+05  -1.47596E+05
   2.47276E-02   4.13003E-03   9.14882E-01   1.54123E-03   5.47186E-02  -6.56150E+03  -5.37709E+04  -4.13172E+04  -1.07688E+05  -1.47488E+05
   2.57276E-02   4.12579E-03   9.13944E-01   1.53965E-03   5.46625E-02  -6.15616E+03  -5.37039E+04  -4.13351E+04  -1.07735E+05  -1.47380E+05
   2.67276E-02   4.12156E-03   9.13006E-01   1.53807E-03   5.46064E-02  -5.76287E+03  -5.36373E+04  -4.13531E+04  -1.07782E+05  -1.47271E+05
   2.77276E-02   4.11733E-03   9.12068E-01   1.53649E-03   5.45503E-02  -5.38075E+03  -5.35709E+04  -4.13712E+04  -1.07830E+05  -1.47163E+05
   2.87276E-02   4.11309E-03   9.11130E-01   1.53491E-03   5.44942E-02  -5.00898E+03  -5.35048E+04  -4.13894E+04  -1.07877E+05  -1.47054E+05
   2.97276E-02   4.10886E-03   9.10192E-01   1.53333E-03   5.44381E-02  -4.64685E+03  -5.34390E+04  -4.14078E+04  -1.07925E+05  -1.46945E+05
   3.07276E-02   4.10462E-03   9.09254E-01   1.53175E-03   5.43820E-02  -4.29370E+03  -5.33735E+04  -4.14262E+04  -1.07973E+05  -1.46837E+05
   3.17276E-02   4.10039E-03   9.08316E-01   1.53017E-03   5.43259E-02  -3.94894E+03  -5.33083E+04  -4.14448E+04  -1.08021E+05  -1.46728E+05
   3.27276E-02   4.09615E-03   9.07378E-01   1.52859E-03   5.42698E-02  -3.61205E+03  -5.32434E+04  -4.14635E+04  -1.08069E+05  -1.46619E+05
   3.37276E-02   4.09192E-03   9.06440E-01   1.52701E-03   5.42137E-02  -3.28254E+03  -5.31788E+04  -4.14823E+04  -1.08117E+05  -1.46510E+05
   3.47276E-02   4.08768E-03   9.05502E-01   1.52543E-03   5.41576E-02  -2.95997E+03  -5.31145E+04  -4.15012E+04  -1.08166E+05  -1.46401E+05
   3.57276E-02   4.08345E-03   9.04564E-01   1.52385E-03   5.41015E-02  -2.64393E+03  -5.30504E+04  -4.15202E+04  -1.08214E+05  -1.46292E+05
   3.67276E-02   4.07921E-03   9.03626E-01   1.52227E-03   5.40454E-02  -2.33404E+03  -5.29867E+04  -4.15394E+04  -1.08263E+05  -1.46183E+05
   3.77276E-02   4.07498E-03   9.02687E-01   1.52069E-03   5.39893E-02  -2.02998E+03  -5.29233E+04  -4.15586E+04  -1.08312E+05  -1.46073E+05
   3.87276E-02   4.07074E-03   9.01749E-01   1.51911E-03   5.39331E-02  -1.73142E+03  -5.28602E+04  -4.15780E+04  -1.08361E+05  -1.45964E+05
   3.97276E-02   4.06651E-03   9.00811E-01   1.51753E-03   5.38770E-02  -1.43808E+03  -5.27974E+04  -4.15975E+04  -1.08411E+05  -1.45855E+05
   4.07276E-02   4.06227E-03   8.99873E-01   1.51595E-03   5.38209E-02  -1.14968E+03  -5.27349E+04  -4.16172E+04  -1.08460E+05  -1.45745E+05
   4.17276E-02   4.05804E-03   8.98935E-01   1.51437E-03   5.37648E-02  -8.65975E+02  -5.26728E+04  -4.16369E+04  -1.08510E+05  -1.45636E+05
   4.27276E-02   4.05380E-03   8.97997E-01   1.51279E-03   5.37087E-02  -5.86735E+02  -5.26109E+04  -4.16568E+04  -1.08560E+05  -1.45526E+05
   4.37276E-02   4.04957E-03   8.97059E-01   1.51121E-03   5.36526E-02  -3.11744E+02  -5.25494E+04  -4.16768E+04  -1.08610E+05  -1.45417E+05
   4.47276E-02   4.04533E-03   8.96121E-01   1.50963E-03   5.35965E-02  -4.07997E+01  -5.24882E+04  -4.16969E+04  -1.08660E+05  -1.45307E+05
   4.57276E-02   4.04110E-03   8.95183E-01   1.50805E-03   5.35404E-02   2.26285E+02  -5.24273E+04  -4.17171E+04  -1.08710E+05  -1.45197E+05
   4.67276E-02   4.03687E-03   8.94245E-01   1.50647E-03   5.34843E-02   4.89686E+02  -5.23668E+04  -4.17375E+04  -1.08761E+05  -1.45087E+05
   4.77276E-02   4.03263E-03   8.93307E-01   1.50489E-03   5.34282E-02   7.49569E+02  -5.23065E+04  -4.17580E+04  -1.08811E+05  -1.44978E+05
   4.87276E-02   4.02840E-03   8.92369E-01   1.50331E-03   5.33721E-02   1.00609E+03  -5.22467E+04  -4.17786E+04  -1.08862E+05  -1.44868E+05
   4.97276E-02   4.02416E-03   8.91431E-01   1.50173E-03   5.33160E-02   1.25938E+03  -5.21871E+04  -4.17994E+04  -1.08913E+05  -1.44758E+05
   5.07276E-02   4.01993E-03   8.90492E-01   1.50014E-03   5.32599E-02   1.50960E+03  -5.21279E+04  -4.18202E+04  -1.08964E+05  -1.44647E+05
   5.17276E-02   4.01569E-03   8.89554E-01   1.49856E-03   5.32038E-02   1.75686E+03  -5.20690E+04  -4.18412E+04  -1.09016E+05  -1.44537E+05
   5.27276E-02   4.01146E-03   8.88616E-01   1.49698E-03   5.31477E-02   2.00129E+03  -5.20105E+04  -4.18624E+04  -1.09067E+05  -1.44427E+05
   5.37276E-02   4.00722E-03   8.87678E-01   1.49540E-03   5.30916E-02   2.24299E+03  -5.19523E+04  -4.18836E+04  -1.09119E+05  -1.44317E+05
   5.47276E-02   4.00299E-03   8.86740E-01   1.49382E-03   5.30354E-02   2.48209E+03  -5.18945E+04  -4.19050E+04  -1.09171E+05  -1.44207E+05
   5.57276E-02   3.99875E-03   8.85802E-01   1.49224E-03   5.29793E-02   2.71867E+03  -5.18370E+04  -4.19265E+04  -1.09223E+05  -1.44096E+05
   5.67276E-02   3.99452E-03   8.84864E-01   1.49066E-03   5.29232E-02   2.95285E+03  -5.17798E+04  -4.19482E+04  -1.09275E+05  -1.43986E+05
   5.77276E-02   3.99028E-03   8.83926E-01   1.48908E-03   5.28671E-02   3.18470E+03  -5.17231E+04  -4.19699E+04  -1.09328E+05  -1.43875E+05
   5.87276E-02   3.98605E-03   8.82988E-01   1.48750E-03   5.28110E-02   3.41432E+03  -5.16667E+04  -4.19918E+04  -1.09380E+05  -1.43765E+05
   5.97276E-02   3.98181E-03   8.82050E-01   1.48592E-03   5.27549E-02   3.64179E+03  -5.16106E+04  -4.20139E+04  -1.09433E+05  -1.43654E+05
   6.07276E-02   3.97758E-03   8.81112E-01   1.48434E-03   5.26988E-02   3.86678E+03  -5.15549E+04  -4.20361E+04  -1.09485E+05  -1.43543E+05
   6.17276E-02   3.97334E-03   8.80174E-01   1.48276E-03   5.26427E-02   4.09009E+03  -5.14995E+04  -4.20584E+04  -1.09538E+05  -1.43433E+05
   6.27276E-02   3.96911E-03   8.79235E-01   1.48118E-03   5.25866E-02   4.31147E+03  -5.14446E+04  -4.20808E+04  -1.09592E+05  -1.43322E+05
   6.37276E-02   3.96487E-03   8.78297E-01   1.47960E-03   5.25305E-02   4.53098E+03  -5.13900E+04  -4.21034E+04  -1.09645E+05  -1.43211E+05
   6.47276E-02   3.96064E-03   8.77359E-01   1.47802E-03   5.24744E-02   4.74868E+03  -5.13358E+04  -4.21261E+04  -1.09699E+05  -1.43100E+05
   6.57276E-02   3.95641E-03   8.76421E-01   1.47644E-03   5.24183E-02   4.96463E+03  -5.12819E+04  -4.21490E+04  -1.09752E+05  -1.42989E+05
   6.67276E-02   3.95217E-03   8.75483E-01   1.47486E-03   5.23622E-02   5.17889E+03  -5.12284E+04  -4.21720E+04  -1.09806E+05  -1.42878E+05
   6.77276E-02   3.94794E-03   8.74545E-01   1.47328E-03   5.23061E-02   5.39152E+03  -5.11754E+04  -4.21951E+04  -1.09860E+05  -1.42767E+05
   6.87276E-02   3.94370E-03   8.73607E-01   1.47170E-03   5.22500E-02   5.60257E+03  -5.11227E+04  -4.22184E+04  -1.09915E+05  -1.42656E+05
   6.97276E-02   3.93947E-03   8.72669E-01   1.47012E-03   5.21939E-02   5.81209E+03  -5.10703E+04  -4.22418E+04  -1.09969E+05  -1.42544E+05
   7.07276E-02   3.93523E-03   8.71731E-01   1.46854E-03   5.21378E-02   6.02012E+03  -5.10184E+04  -4.22653E+04  -1.10024E+05  -1.42433E+05
   7.17276E-02   3.93100E-03   8.70793E-01   1.46696E-03   5.20816E-02   6.22672E+03  -5.09669E+04  -4.22890E+04  -1.10078E+05  -1.42322E+05
   7.27276E-02   3.92676E-03   8.69855E-01   1.46538E-03   5.20255E-02   6.43193E+03  -5.09157E+04  -4.23128E+04  -1.10133E+05  -1.42210E+05
   7.37276E-02   3.92253E-03   8.68917E-01   1.46380E-03   5.19694E-02   6.63579E+03  -5.08650E+04  -4.23368E+04  -1.10188E+05  -1.42099E+05
   7.47276E-02   3.91829E-03   8.67979E-01   1.46222E-03   5.19133E-02   6.83834E+03  -5.08147E+04  -4.23609E+04  -1.10244E+05  -1.41987E+05
   7.57276E-02   3.91406E-03   8.67040E-01   1.46064E-03   5.18572E-02   7.03962E+03  -5.07647E+04  -4.23852E+04  -1.10299E+05  -1.41876E+05
   7.67276E-02   3.90982E-03   8.66102E-01   1.45906E-03   5.18011E-02   7.23967E+03  -5.07152E+04  -4.24096E+04  -1.10354E+05  -1.41764E+05
   7.77276E-02   3.90559E-03   8.65164E-01   1.45748E-03   5.17450E-02   7.43852E+03  -5.06661E+04  -4.24341E+04  -1.10410E+05  -1.41652E+05
   7.87276E-02   3.90135E-03   8.64226E-01   1.45590E-03   5.16889E-02   7.63621E+03  -5.06173E+04  -4.24588E+04  -1.10466E+05  -1.41541E+05
   7.97276E-02   3.89712E-03   8.63288E-01   1.45432E-03   5.16328E-02   7.83277E+03  -5.05690E+04  -4.24837E+04  -1.10522E+05  -1.41429E+05
   8.07276E-02   3.89288E-03   8.62350E-01   1.45274E-03   5.15767E-02   8.02824E+03  -5.05211E+04  -4.25087E+04  -1.10578E+05  -1.41317E+05
   8.17276E-02   3.88865E-03   8.61412E-01   1.45116E-03   5.15206E-02   8.22264E+03  -5.04737E+04  -4.25338E+04  -1.10635E+05  -1.41205E+05
   8.27276E-02   3.88441E-03   8.60474E-01   1.44957E-03   5.14645E-02   8.41600E+03  -5.04266E+04  -4.25591E+04  -1.10691E+05  -1.41093E+05
   8.37276E-02   3.88018E-03   8.59536E-01   1.44799E-03   5.14084E-02   8.60836E+03  -5.03800E+04  -4.25845E+04  -1.10748E+05  -1.40981E+05
   8.47276E-02   3.87594E-03   8.58598E-01   1.44641E-03   5.13523E-02   8.79973E+03  -5.03338E+04  -4.26101E+04  -1.10804E+05  -1.40869E+05
   8.57276E-02   3.87171E-03   8.57660E-01   1.44483E-03   5.12962E-02   8.99015E+03  -5.02880E+04  -4.26358E+04  -1.10861E+05  -1.40757E+05
   8.67276E-02   3.86748E-03   8.56722E-01   1.44325E-03   5.12401E-02   9.17964E+03  -5.02427E+04  -4.26617E+04  -1.10918E+05  -1.40645E+05
   8.77276E-02   3.86324E-03   8.55784E-01   1.44167E-03   5.11840E-02   9.36823E+03  -5.01978E+04  -4.26877E+04  -1.10976E+05  -1.40532E+05
   8.87276E-02   3.85901E-03   8.54845E-01   1.44009E-03   5.11278E-02   9.55594E+03  -5.01533E+04  -4.27139E+04  -1.11033E+05  -1.40420E+05
   8.97276E-02   3.85477E-03   8.53907E-01   1.43851E-03   5.10717E-02   9.74279E+03  -5.01093E+04  -4.27402E+04  -1.11090E+05  -1.40308E+05
   9.07276E-02   3.85054E-03   8.52969E-01   1.43693E-03   5.10156E-02   9.92881E+03  -5.00657E+04  -4.27667E+04  -1.11148E+05  -1.40195E+05
   9.17276E-02   3.84630E-03   8.52031E-01   1.43535E-03   5.09595E-02   1.01140E+04  -5.00226E+04  -4.27934E+04  -1.11206E+05  -1.40083E+05
   9.27276E-02   3.84207E-03   8.51093E-01   1.43377E-03   5.09034E-02   1.02984E+04  -4.99799E+04  -4.28202E+04  -1.11264E+05  -1.39970E+05
   9.37276E-02   3.83783E-03   8.50155E-01   1.43219E-03   5.08473E-02   1.04821E+04  -4.99377E+04  -4.28471E+04  -1.11322E+05  -1.39858E+05
   9.47276E-02   3.83360E-03   8.49217E-01   1.43061E-03   5.07912E-02   1.06649E+04  -4.98959E+04  -4.28742E+04  -1.11380E+05  -1.39745E+05
   9.57276E-02   3.82936E-03   8.48279E-01   1.42903E-03   5.07351E-02   1.08471E+04  -4.98546E+04  -4.29015E+04  -1.11438E+05  -1.39632E+05
   9.67276E-02   3.82513E-03   8.47341E-01   1.42745E-03   5.06790E-02   1.10285E+04  -4.98137E+04  -4.29289E+04  -1.11497E+05  -1.39519E+05
   9.77276E-02   3.82089E-03   8.46403E-01   1.42587E-03   5.06229E-02   1.12092E+04  -4.97733E+04  -4.29565E+04  -1.11555E+05  -1.39407E+05
   9.87276E-02   3.81666E-03   8.45465E-01   1.42429E-03   5.05668E-02   1.13893E+04  -4.97333E+04  -4.29843E+04  -1.11614E+05  -1.39294E+05
   9.97276E-02   3.81242E-03   8.44527E-01   1.42271E-03   5.05107E-02   1.15687E+04  -4.96939E+04  -4.30122E+04  -1.11673E+05  -1.39181E+05
   1.00728E-01   3.80819E-03   8.43588E-01   1.42113E-03   5.04546E-02   1.17474E+04  -4.96549E+04  -4.30402E+04  -1.11732E+05  -1.39068E+05
   1.01728E-01   3.80395E-03   8.42650E-01   1.41955E-03   5.03985E-02   1.19255E+04  -4.96163E+04  -4.30684E+04  -1.11791E+05  -1.38955E+05
   1.02728E-01   3.79972E-03   8.41712E-01   1.41797E-03   5.03424E-02   1.21030E+04  -4.95783E+04  -4.30968E+04  -1.11850E+05  -1.38842E+05
   1.03728E-01   3.79548E-03   8.40774E-01   1.41639E-03   5.02863E-02   1.22799E+04  -4.95407E+04  -4.31254E+04  -1.11909E+05  -1.38728E+05
   1.04728E-01   3.79125E-03   8.39836E-01   1.41481E-03   5.02301E-02   1.24562E+04  -4.95036E+04  -4.31541E+04  -1.11969E+05  -1.38615E+05
   1.05728E-01   3.78702E-03   8.38898E-01   1.41323E-03   5.01740E-02   1.26319E+04  -4.94670E+04  -4.31829E+04  -1.12028E+05  -1.38502E+05
   1.06728E-01   3.78278E-03   8.37960E-01   1.41165E-03   5.01179E-02   1.28070E+04  -4.94309E+04  -4.32120E+04  -1.12088E+05  -1.38388E+05
   1.07728E-01   3.77855E-03   8.37022E-01   1.41007E-03   5.00618E-02   1.29816E+04  -4.93953E+04  -4.32412E+04  -1.12148E+05  -1.38275E+05
   1.08728E-01   3.77431E-03   8.36084E-01   1.40849E-03   5.00057E-02   1.31557E+04  -4.93601E+04  -4.32705E+04  -1.12208E+05  -1.38161E+05
   1.09728E-01   3.77008E-03   8.35146E-01   1.40691E-03   4.99496E-02   1.33292E+04  -4.93255E+04  -4.33001E+04  -1.12268E+05  -1.38048E+05
   1.10728E-01   3.76584E-03   8.34208E-01   1.40533E-03   4.98935E-02   1.35023E+04  -4.92913E+04  -4.33298E+04  -1.12328E+05  -1.37934E+05
   1.11728E-01   3.76161E-03   8.33270E-01   1.40375E-03   4.98374E-02   1.36748E+04  -4.92577E+04  -4.33596E+04  -1.12388E+05  -1.37821E+05
   1.12728E-01   3.75737E-03   8.32332E-01   1.40217E-03   4.97813E-02   1.38468E+04  -4.92246E+04  -4.33897E+04  -1.12448E+05  -1.37707E+05
   1.13728E-01   3.75314E-03   8.31393E-01   1.40059E-03   4.97252E-02   1.40184E+04  -4.91919E+04  -4.34199E+04  -1.12509E+05  -1.37593E+05
   1.14728E-01   3.74890E-03   8.30455E-01   1.39900E-03   4.96691E-02   1.41895E+04  -4.91598E+04  -4.34502E+04  -1.12569E+05  -1.37479E+05
   1.15728E-01   3.74467E-03   8.29517E-01   1.39742E-03   4.96130E-02   1.43601E+04  -4.91282E+04  -4.34808E+04  -1.12630E+05  -1.37365E+05
   1.16728E-01   3.74043E-03   8.28579E-01   1.39584E-03   4.95569E-02   1.45303E+04  -4.90971E+04  -4.35115E+04  -1.12691E+05  -1.37251E+05
   1.17728E-01   3.73620E-03   8.27641E-01   1.39426E-03   4.95008E-02   1.47001E+04  -4.90666E+04  -4.35424E+04  -1.12751E+05  -1.37137E+05
   1.18728E-01   3.73196E-03   8.26703E-01   1.39268E-03   4.94447E-02   1.48694E+04  -4.90365E+04  -4.35734E+04  -1.12812E+05  -1.37023E+05
   1.19728E-01   3.72773E-03   8.25765E-01   1.39110E-03   4.93886E-02   1.50384E+04  -4.90070E+04  -4.36047E+04  -1.12873E+05  -1.36909E+05
   1.20728E-01   3.72349E-03   8.24827E-01   1.38952E-03   4.93325E-02   1.52069E+04  -4.89780E+04  -4.36361E+04  -1.12934E+05  -1.36795E+05
   1.21728E-01   3.71926E-03   8.23889E-01   1.38794E-03   4.92763E-02   1.53750E+04  -4.89496E+04  -4.36677E+04  -1.12996E+05  -1.36681E+05
   1.22728E-01   3.71502E-03   8.22951E-01   1.38636E-03   4.92202E-02   1.55428E+04  -4.89216E+04  -4.36994E+04  -1.13057E+05  -1.36566E+05
   1.23728E-01   3.71079E-03   8.22013E-01   1.38478E-03   4.91641E-02   1.57101E+04  -4.88942E+04  -4.37314E+04  -1.13118E+05  -1.36452E+05
   1.24728E-01   3.70656E-03   8.21075E-01   1.38320E-03   4.91080E-02   1.58771E+04  -4.88674E+04  -4.37635E+04  -1.13180E+05  -1.36337E+05
   1.25728E-01   3.70232E-03   8.20137E-01   1.38162E-03   4.90519E-02   1.60438E+04  -4.88411E+04  -4.37958E+04  -1.13241E+05  -1.36223E+05
   1.26728E-01   3.69809E-03   8.19198E-01   1.38004E-03   4.89958E-02   1.62101E+04  -4.88154E+04  -4.38283E+04  -1.13303E+05  -1.36108E+05
   1.27728E-01   3.69385E-03   8.18260E-01   1.37846E-03   4.89397E-02   1.63760E+04  -4.87902E+04  -4.38609E+04  -1.13364E+05  -1.35993E+05
   1.28728E-01   3.68962E-03   8.17322E-01   1.37688E-03   4.88836E-02   1.65416E+04  -4.87655E+04  -4.38938E+04  -1.13426E+05  -1.35879E+05
   1.29728E-01   3.68538E-03   8.16384E-01   1.37530E-03   4.88275E-02   1.67069E+04  -4.87414E+04  -4.39268E+04  -1.13488E+05  -1.35764E+05
   1.30728E-01   3.68115E-03   8.15446E-01   1.37372E-03   4.87714E-02   1.68719E+04  -4.87179E+04  -4.39600E+04  -1.13550E+05  -1.35649E+05
   1.31728E-01   3.67691E-03   8.14508E-01   1.37214E-03   4.87153E-02   1.70366E+04  -4.86949E+04  -4.39934E+04  -1.13612E+05  -1.35534E+05
   1.32728E-01   3.67268E-03   8.13570E-01   1.37056E-03   4.86592E-02   1.72010E+04  -4.86725E+04  -4.40269E+04  -1.13674E+05  -1.35419E+05
   1.33728E-01   3.66844E-03   8.12632E-01   1.36898E-03   4.86031E-02   1.73650E+04  -4.86507E+04  -4.40607E+04  -1.13736E+05  -1.35304E+05
   1.34728E-01   3.66421E-03   8.11694E-01   1.36740E-03   4.85470E-02   1.75288E+04  -4.86295E+04  -4.40947E+04  -1.13798E+05  -1.35189E+05
   1.35728E-01   3.65997E-03   8.10756E-01   1.36582E-03   4.84909E-02   1.76923E+04  -4.86088E+04  -4.41288E+04  -1.13860E+05  -1.35074E+05
   1.36728E-01   3.65574E-03   8.09818E-01   1.36424E-03   4.84348E-02   1.78556E+04  -4.85887E+04  -4.41631E+04  -1.13923E+05  -1.34958E+05
   1.37728E-01   3.65150E-03   8.08880E-01   1.36266E-03   4.83787E-02   1.80186E+04  -4.85692E+04  -4.41976E+04  -1.13985E+05  -1.34843E+05
   1.38728E-01   3.64727E-03   8.07941E-01   1.36108E-03   4.83225E-02   1.81813E+04  -4.85503E+04  -4.42323E+04  -1.14048E+05  -1.34728E+05
   1.39728E-01   3.64303E-03   8.07003E-01   1.35950E-03   4.82664E-02   1.83438E+04  -4.85320E+04  -4.42672E+04  -1.14110E+05  -1.34612E+05
   1.40728E-01   3.63880E-03   8.06065E-01   1.35792E-03   4.82103E-02   1.85060E+04  -4.85142E+04  -4.43023E+04  -1.14173E+05  -1.34497E+05
   1.41728E-01   3.63456E-03   8.05127E-01   1.35634E-03   4.81542E-02   1.86680E+04  -4.84971E+04  -4.43376E+04  -1.14235E+05  -1.34381E+05
   1.42728E-01   3.63033E-03   8.04189E-01   1.35476E-03   4.80981E-02   1.88298E+04  -4.84806E+04  -4.43731E+04  -1.14298E+05  -1.34265E+05
   1.43728E-01   3.62609E-03   8.03251E-01   1.35318E-03   4.80420E-02   1.89914E+04  -4.84646E+04  -4.44088E+04  -1.14361E+05  -1.34149E+05
   1.44728E-01   3.62186E-03   8.02313E-01   1.35160E-03   4.79859E-02   1.91528E+04  -4.84493E+04  -4.44447E+04  -1.14424E+05  -1.34034E+05
   1.45728E-01   3.61763E-03   8.01375E-01   1.35002E-03   4.79298E-02   1.93139E+04  -4.84346E+04  -4.44808E+04  -1.14487E+05  -1.33918E+05
   1.46728E-01   3.61339E-03   8.00437E-01   1.34844E-03   4.78737E-02   1.94749E+04  -4.84206E+04  -4.45170E+04  -1.14550E+05  -1.33802E+05
   1.47728E-01   3.60916E-03   7.99499E-01   1.34685E-03   4.78176E-02   1.96356E+04  -4.84071E+04  -4.45535E+04  -1.14613E+05  -1.33686E+05
   1.48728E-01   3.60492E-03   7.98561E-01   1.34527E-03   4.77615E-02   1.97962E+04  -4.83943E+04  -4.45902E+04  -1.14676E+05  -1.33570E+05
   1.49728E-01   3.60069E-03   7.97623E-01   1.34369E-03   4.77054E-02   1.99566E+04  -4.83821E+04  -4.46271E+04  -1.14739E+05  -1.33453E+05
   1.50728E-01   3.59645E-03   7.96685E-01   1.34211E-03   4.76493E-02   2.01168E+04  -4.83705E+04  -4.46642E+04  -1.14802E+05  -1.33337E+05
   1.51728E-01   3.59222E-03   7.95746E-01   1.34053E-03   4.75932E-02   2.02769E+04  -4.83596E+04  -4.47015E+04  -1.14865E+05  -1.33221E+05
   1.52728E-01   3.58798E-03   7.94808E-01   1.33895E-03   4.75371E-02   2.04368E+04  -4.83493E+04  -4.47390E+04  -1.14929E+05  -1.33104E+05
   1.53728E-01   3.58375E-03   7.93870E-01   1.33737E-03   4.74810E-02   2.05966E+04  -4.83397E+04  -4.47767E+04  -1.14992E+05  -1.32988E+05
   1.54728E-01   3.57951E-03   7.92932E-01   1.33579E-03   4.74248E-02   2.07562E+04  -4.83307E+04  -4.48146E+04  -1.15056E+05  -1.32872E+05
   1.55728E-01   3.57528E-03   7.91994E-01   1.33421E-03   4.73687E-02   2.09157E+04  -4.83224E+04  -4.48528E+04  -1.15119E+05  -1.32755E+05
   1.56728E-01   3.57104E-03   7.91056E-01   1.33263E-03   4.73126E-02   2.10750E+04  -4.83147E+04  -4.48911E+04  -1.15183E+05  -1.32638E+05
   1.57728E-01   3.56681E-03   7.90118E-01   1.33105E-03   4.72565E-02   2.12343E+04  -4.83077E+04  -4.49297E+04  -1.15246E+05  -1.32522E+05
   1.58728E-01   3.56257E-03   7.89180E-01   1.32947E-03   4.72004E-02   2.13934E+04  -4.83014E+04  -4.49685E+04  -1.15310E+05  -1.32405E+05
   1.59728E-01   3.55834E-03   7.88242E-01   1.32789E-03   4.71443E-02   2.15524E+04  -4.82957E+04  -4.50075E+04  -1.15374E+05  -1.32288E+05
   1.60728E-01   3.55410E-03   7.87304E-01   1.32631E-03   4.70882E-02   2.17113E+04  -4.82908E+04  -4.50467E+04  -1.15438E+05  -1.32171E+05
   1.61728E-01   3.54987E-03   7.86366E-01   1.32473E-03   4.70321E-02   2.18701E+04  -4.82865E+04  -4.50862E+04  -1.15502E+05  -1.32054E+05
   1.62728E-01   3.54563E-03   7.85428E-01   1.32315E-03   4.69760E-02   2.20288E+04  -4.82828E+04  -4.51259E+04  -1.15565E+05  -1.31937E+05
   1.63728E-01   3.54140E-03   7.84490E-01   1.32157E-03   4.69199E-02   2.21874E+04  -4.82799E+04  -4.51658E+04  -1.15630E+05  -1.31820E+05
   1.64728E-01   3.53717E-03   7.83551E-01   1.31999E-03   4.68638E-02   2.23460E+04  -4.82777E+04  -4.52059E+04  -1.15694E+05  -1.31703E+05
   1.65728E-01   3.53293E-03   7.82613E-01   1.31841E-03   4.68077E-02   2.25045E+04  -4.82762E+04  -4.52462E+04  -1.15758E+05  -1.31585E+05
   1.66728E-01   3.52870E-03   7.81675E-01   1.31683E-03   4.67516E-02   2.26629E+04  -4.82754E+04  -4.52868E+04  -1.15822E+05  -1.31468E+05
   1.67728E-01   3.52446E-03   7.80737E-01   1.31525E-03   4.66955E-02   2.28213E+04  -4.82753E+04  -4.53276E+04  -1.15886E+05  -1.31351E+05
   1.68728E-01   3.52023E-03   7.79799E-01   1.31367E-03   4.66394E-02   2.29796E+04  -4.82759E+04  -4.53687E+04  -1.15951E+05  -1.31233E+05
   1.69728E-01   3.51599E-03   7.78861E-01   1.31209E-03   4.65833E-02   2.31379E+04  -4.82773E+04  -4.54100E+04  -1.16015E+05  -1.31116E+05
   1.70728E-01   3.51176E-03   7.77923E-01   1.31051E-03   4.65272E-02   2.32961E+04  -4.82794E+04  -4.54515E+04  -1.16080E+05  -1.30998E+05
   1.71728E-01   3.50752E-03   7.76985E-01   1.30893E-03   4.64710E-02   2.34543E+04  -4.82822E+04  -4.54932E+04  -1.16144E+05  -1.30880E+05
   1.72728E-01   3.50329E-03   7.76047E-01   1.30735E-03   4.64149E-02   2.36125E+04  -4.82857E+04  -4.55352E+04  -1.16209E+05  -1.30763E+05
   1.73728E-01   3.49905E-03   7.75109E-01   1.30577E-03   4.63588E-02   2.37707E+04  -4.82900E+04  -4.55775E+04  -1.16274E+05  -1.30645E+05
   1.74728E-01   3.49482E-03   7.74171E-01   1.30419E-03   4.63027E-02   2.39288E+04  -4.82951E+04  -4.56200E+04  -1.16339E+05  -1.30527E+05
   1.75728E-01   3.49058E-03   7.73233E-01   1.30261E-03   4.62466E-02   2.40870E+04  -4.83009E+04  -4.56627E+04  -1.16403E+05  -1.30409E+05
   1.76728E-01   3.48635E-03   7.72294E-01   1.30103E-03   4.61905E-02   2.42451E+04  -4.83075E+04  -4.57057E+04  -1.16468E+05  -1.30291E+05
   1.77728E-01   3.48211E-03   7.71356E-01   1.29945E-03   4.61344E-02   2.44033E+04  -4.83148E+04  -4.57489E+04  -1.16534E+05  -1.30173E+05
   1.78728E-01   3.47788E-03   7.70418E-01   1.29787E-03   4.60783E-02   2.45615E+04  -4.83229E+04  -4.57924E+04  -1.16599E+05  -1.30055E+05
   1.79728E-01   3.47364E-03   7.69480E-01   1.29628E-03   4.60222E-02   2.47197E+04  -4.83318E+04  -4.58361E+04  -1.16664E+05  -1.29937E+05
   1.80728E-01   3.46941E-03   7.68542E-01   1.29470E-03   4.59661E-02   2.48779E+04  -4.83415E+04  -4.58801E+04  -1.16729E+05  -1.29819E+05
   1.81728E-01   3.46517E-03   7.67604E-01   1.29312E-03   4.59100E-02   2.50362E+04  -4.83519E+04  -4.59244E+04  -1.16795E+05  -1.29701E+05
   1.82728E-01   3.46094E-03   7.66666E-01   1.29154E-03   4.58539E-02   2.51945E+04  -4.83632E+04  -4.59689E+04  -1.16861E+05  -1.29582E+05
   1.83728E-01   3.45671E-03   7.65728E-01   1.28996E-03   4.57978E-02   2.53529E+04  -4.83753E+04  -4.60137E+04  -1.16926E+05  -1.29464E+05
   1.84728E-01   3.45247E-03   7.64790E-01   1.28838E-03   4.57417E-02   2.55113E+04  -4.83882E+04  -4.60588E+04  -1.16992E+05  -1.29346E+05
   1.85728E-01   3.44824E-03   7.63852E-01   1.28680E-03   4.56856E-02   2.56698E+04  -4.84019E+04  -4.61041E+04  -1.17058E+05  -1.29227E+05
   1.86728E-01   3.44400E-03   7.62914E-01   1.28522E-03   4.56295E-02   2.58284E+04  -4.84164E+04  -4.61497E+04  -1.17124E+05  -1.29109E+05
   1.87728E-01   3.43977E-03   7.61976E-01   1.28364E-03   4.55734E-02   2.59870E+04  -4.84318E+04  -4.61955E+04  -1.17190E+05  -1.28990E+05
   1.88728E-01   3.43553E-03   7.61038E-01   1.28206E-03   4.55172E-02   2.61457E+04  -4.84480E+04  -4.62417E+04  -1.17257E+05  -1.28872E+05
   1.89728E-01   3.43130E-03   7.60099E-01   1.28048E-03   4.54611E-02   2.63046E+04  -4.84650E+04  -4.62881E+04  -1.17323E+05  -1.28753E+05
   1.90728E-01   3.42706E-03   7.59161E-01   1.27890E-03   4.54050E-02   2.64635E+04  -4.84829E+04  -4.63348E+04  -1.17389E+05  -1.28634E+05
   1.91728E-01   3.42283E-03   7.58223E-01   1.27732E-03   4.53489E-02   2.66225E+04  -4.85017E+04  -4.63818E+04  -1.17456E+05  -1.28516E+05
   1.92728E-01   3.41859E-03   7.57285E-01   1.27574E-03   4.52928E-02   2.67816E+04  -4.85213E+04  -4.64290E+04  -1.17523E+05  -1.28397E+05
   1.93728E-01   3.41436E-03   7.56347E-01   1.27416E-03   4.52367E-02   2.69409E+04  -4.85418E+04  -4.64766E+04  -1.17590E+05  -1.28278E+05
   1.94728E-01   3.41012E-03   7.55409E-01   1.27258E-03   4.51806E-02   2.71003E+04  -4.85632E+04  -4.65244E+04  -1.17657E+05  -1.28160E+05
   1.95728E-01   3.40589E-03   7.54471E-01   1.27100E-03   4.51245E-02   2.72598E+04  -4.85855E+04  -4.65726E+04  -1.17724E+05  -1.28041E+05
   1.96728E-01   3.40165E-03   7.53533E-01   1.26942E-03   4.50684E-02   2.74194E+04  -4.86087E+04  -4.66210E+04  -1.17792E+05  -1.27922E+05
   1.97728E-01   3.39742E-03   7.52595E-01   1.26784E-03   4.50123E-02   2.75792E+04  -4.86327E+04  -4.66698E+04  -1.17859E+05  -1.27803E+05
   1.98728E-01   3.39318E-03   7.51657E-01   1.26626E-03   4.49562E-02   2.77392E+04  -4.86577E+04  -4.67188E+04  -1.17927E+05  -1.27684E+05
   1.99728E-01   3.38895E-03   7.50719E-01   1.26468E-03   4.49001E-02   2.78993E+04  -4.86836E+04  -4.67681E+04  -1.17995E+05  -1.27565E+05
   2.00728E-01   3.38471E-03   7.49781E-01   1.26310E-03   4.48440E-02   2.80596E+04  -4.87105E+04  -4.68178E+04  -1.18063E+05  -1.27446E+05
   2.01728E-01   3.38048E-03   7.48843E-01   1.26152E-03   4.47879E-02   2.82200E+04  -4.87382E+04  -4.68678E+04  -1.18131E+05  -1.27327E+05
   2.02728E-01   3.37625E-03   7.47904E-01   1.25994E-03   4.47318E-02   2.83807E+04  -4.87670E+04  -4.69180E+04  -1.18199E+05  -1.27208E+05
   2.03728E-01   3.37201E-03   7.46966E-01   1.25836E-03   4.46757E-02   2.85415E+04  -4.87966E+04  -4.69686E+04  -1.18268E+05  -1.27089E+05
   2.04728E-01   3.36778E-03   7.46028E-01   1.25678E-03   4.46195E-02   2.87025E+04  -4.88273E+04  -4.70195E+04  -1.18337E+05  -1.26970E+05
   2.05728E-01   3.36354E-03   7.45090E-01   1.25520E-03   4.45634E-02   2.88638E+04  -4.88589E+04  -4.70708E+04  -1.18406E+05  -1.26851E+05
   2.06728E-01   3.35931E-03   7.44152E-01   1.25362E-03   4.45073E-02   2.90252E+04  -4.88914E+04  -4.71223E+04  -1.18475E+05  -1.26732E+05
   2.07728E-01   3.35507E-03   7.43214E-01   1.25204E-03   4.44512E-02   2.91868E+04  -4.89250E+04  -4.71742E+04  -1.18544E+05  -1.26613E+05
   2.08728E-01   3.35084E-03   7.42276E-01   1.25046E-03   4.43951E-02   2.93487E+04  -4.89596E+04  -4.72265E+04  -1.18614E+05  -1.26494E+05
   2.09728E-01   3.34660E-03   7.41338E-01   1.24888E-03   4.43390E-02   2.95108E+04  -4.89951E+04  -4.72790E+04  -1.18684E+05  -1.26375E+05
   2.10728E-01   3.34237E-03   7.40400E-01   1.24730E-03   4.42829E-02   2.96732E+04  -4.90317E+04  -4.73319E+04  -1.18754E+05  -1.26256E+05
   2.11728E-01   3.33813E-03   7.39462E-01   1.24571E-03   4.42268E-02   2.98357E+04  -4.90693E+04  -4.73852E+04  -1.18824E+05  -1.26138E+05
   2.12728E-01   3.33390E-03   7.38524E-01   1.24413E-03   4.41707E-02   2.99986E+04  -4.91079E+04  -4.74387E+04  -1.18895E+05  -1.26019E+05
   2.13728E-01   3.32966E-03   7.37586E-01   1.24255E-03   4.41146E-02   3.01617E+04  -4.91476E+04  -4.74927E+04  -1.18965E+05  -1.25900E+05
   2.14728E-01   3.32543E-03   7.36647E-01   1.24097E-03   4.40585E-02   3.03250E+04  -4.91883E+04  -4.75470E+04  -1.19036E+05  -1.25781E+05
   2.15728E-01   3.32119E-03   7.35709E-01   1.23939E-03   4.40024E-02   3.04887E+04  -4.92301E+04  -4.76016E+04  -1.19107E+05  -1.25662E+05
   2.16728E-01   3.31696E-03   7.34771E-01   1.23781E-03   4.39463E-02   3.06526E+04  -4.92729E+04  -4.76566E+04  -1.19179E+05  -1.25543E+05
   2.17728E-01   3.31272E-03   7.33833E-01   1.23623E-03   4.38902E-02   3.08167E+04  -4.93168E+04  -4.77120E+04  -1.19251E+05  -1.25424E+05
   2.18728E-01   3.30849E-03   7.32895E-01   1.23465E-03   4.38341E-02   3.09812E+04  -4.93618E+04  -4.77677E+04  -1.19323E+05  -1.25305E+05
   2.19728E-01   3.30425E-03   7.31957E-01   1.23307E-03   4.37780E-02   3.11460E+04  -4.94079E+04  -4.78238E+04  -1.19395E+05  -1.25186E+05
   2.20728E-01   3.30002E-03   7.31019E-01   1.23149E-03   4.37219E-02   3.13111E+04  -4.94551E+04  -4.78803E+04  -1.19467E+05  -1.25068E+05
   2.21728E-01   3.29578E-03   7.30081E-01   1.22991E-03   4.36657E-02   3.14765E+04  -4.95035E+04  -4.79371E+04  -1.19540E+05  -1.24949E+05
   2.22728E-01   3.29155E-03   7.29143E-01   1.22833E-03   4.36096E-02   3.16422E+04  -4.95529E+04  -4.79943E+04  -1.19613E+05  -1.24830E+05
   2.23728E-01   3.28732E-03   7.28205E-01   1.22675E-03   4.35535E-02   3.18082E+04  -4.96035E+04  -4.80519E+04  -1.19687E+05  -1.24711E+05
   2.24728E-01   3.28308E-03   7.27267E-01   1.22517E-03   4.34974E-02   3.19746E+04  -4.96553E+04  -4.81099E+04  -1.19760E+05  -1.24593E+05
   2.25728E-01   3.27885E-03   7.26329E-01   1.22359E-03   4.34413E-02   3.21413E+04  -4.97081E+04  -4.81683E+04  -1.19834E+05  -1.24474E+05
   2.26728E-01   3.27461E-03   7.25391E-01   1.22201E-03   4.33852E-02   3.23083E+04  -4.97622E+04  -4.82271E+04  -1.19908E+05  -1.24356E+05
   2.27728E-01   3.27038E-03   7.24452E-01   1.22043E-03   4.33291E-02   3.24757E+04  -4.98175E+04  -4.82863E+04  -1.19983E+05  -1.24237E+05
   2.28728E-01   3.26614E-03   7.23514E-01   1.21885E-03   4.32730E-02   3.26434E+04  -4.98739E+04  -4.83458E+04  -1.20058E+05  -1.24119E+05
   2.29728E-01   3.26191E-03   7.22576E-01   1.21727E-03   4.32169E-02   3.28115E+04  -4.99315E+04  -4.84058E+04  -1.20133E+05  -1.24001E+05
   2.30728E-01   3.25767E-03   7.21638E-01   1.21569E-03   4.31608E-02   3.29800E+04  -4.99903E+04  -4.84662E+04  -1.20209E+05  -1.23882E+05
   2.31728E-01   3.25344E-03   7.20700E-01   1.21411E-03   4.31047E-02   3.31489E+04  -5.00504E+04  -4.85270E+04  -1.20285E+05  -1.23764E+05
   2.32728E-01   3.24920E-03   7.19762E-01   1.21253E-03   4.30486E-02   3.33181E+04  -5.01117E+04  -4.85883E+04  -1.20361E+05  -1.23646E+05
   2.33728E-01   3.24497E-03   7.18824E-01   1.21095E-03   4.29925E-02   3.34877E+04  -5.01742E+04  -4.86499E+04  -1.20437E+05  -1.23528E+05
   2.34728E-01   3.24073E-03   7.17886E-01   1.20937E-03   4.29364E-02   3.36578E+04  -5.02380E+04  -4.87120E+04  -1.20514E+05  -1.23410E+05
   2.35728E-01   3.23650E-03   7.16948E-01   1.20779E-03   4.28803E-02   3.38282E+04  -5.03031E+04  -4.87745E+04  -1.20592E+05  -1.23292E+05
   2.36728E-01   3.23226E-03   7.16010E-01   1.20621E-03   4.28242E-02   3.39990E+04  -5.03694E+04  -4.88374E+04  -1.20669E+05  -1.23175E+05
   2.37728E-01   3.22803E-03   7.15072E-01   1.20463E-03   4.27681E-02   3.41703E+04  -5.04370E+04  -4.89008E+04  -1.20747E+05  -1.23057E+05
   2.38728E-01   3.22379E-03   7.14134E-01   1.20305E-03   4.27119E-02   3.43419E+04  -5.05059E+04  -4.89646E+04  -1.20826E+05  -1.22939E+05
   2.39728E-01   3.21956E-03   7.13196E-01   1.20147E-03   4.26558E-02   3.45140E+04  -5.05761E+04  -4.90289E+04  -1.20904E+05  -1.22822E+05
   2.40728E-01   3.21532E-03   7.12257E-01   1.19989E-03   4.25997E-02   3.46865E+04  -5.06477E+04  -4.90936E+04  -1.20984E+05  -1.22705E+05
   2.41728E-01   3.21109E-03   7.11319E-01   1.19831E-03   4.25436E-02   3.48595E+04  -5.07206E+04  -4.91587E+04  -1.21063E+05  -1.22587E+05
   2.42728E-01   3.20686E-03   7.10381E-01   1.19673E-03   4.24875E-02   3.50329E+04  -5.07948E+04  -4.92244E+04  -1.21143E+05  -1.22470E+05
   2.43728E-01   3.20262E-03   7.09443E-01   1.19514E-03   4.24314E-02   3.52067E+04  -5.08704E+04  -4.92904E+04  -1.21223E+05  -1.22353E+05
   2.44728E-01   3.19839E-03   7.08505E-01   1.19356E-03   4.23753E-02   3.53811E+04  -5.09473E+04  -4.93570E+04  -1.21304E+05  -1.22237E+05
   2.45728E-01   3.19415E-03   7.07567E-01   1.19198E-03   4.23192E-02   3.55558E+04  -5.10256E+04  -4.94240E+04  -1.21385E+05  -1.22120E+05
   2.46728E-01   3.18992E-03   7.06629E-01   1.19040E-03   4.22631E-02   3.57311E+04  -5.11054E+04  -4.94915E+04  -1.21467E+05  -1.22003E+05
   2.47728E-01   3.18568E-03   7.05691E-01   1.18882E-03   4.22070E-02   3.59068E+04  -5.11865E+04  -4.95595E+04  -1.21549E+05  -1.21887E+05
   2.48728E-01   3.18145E-03   7.04753E-01   1.18724E-03   4.21509E-02   3.60830E+04  -5.12690E+04  -4.96280E+04  -1.21631E+05  -1.21770E+05
   2.49728E-01   3.17721E-03   7.03815E-01   1.18566E-03   4.20948E-02   3.62597E+04  -5.13530E+04  -4.96969E+04  -1.21714E+05  -1.21654E+05
   2.50728E-01   3.17298E-03   7.02877E-01   1.18408E-03   4.20387E-02   3.64369E+04  -5.14384E+04  -4.97664E+04  -1.21797E+05  -1.21538E+05
   2.51728E-01   3.16874E-03   7.01939E-01   1.18250E-03   4.19826E-02   3.66145E+04  -5.15253E+04  -4.98363E+04  -1.21881E+05  -1.21422E+05
   2.52728E-01   3.16451E-03   7.01000E-01   1.18092E-03   4.19265E-02   3.67927E+04  -5.16136E+04  -4.99068E+04  -1.21965E+05  -1.21307E+05
   2.53728E-01   3.16027E-03   7.00062E-01   1.17934E-03   4.18704E-02   3.69714E+04  -5.17035E+04  -4.99777E+04  -1.22050E+05  -1.21191E+05
   2.54728E-01   3.15604E-03   6.99124E-01   1.17776E-03   4.18142E-02   3.71507E+04  -5.17948E+04  -5.00492E+04  -1.22135E+05  -1.21076E+05
   2.55728E-01   3.15180E-03   6.98186E-01   1.17618E-03   4.17581E-02   3.73304E+04  -5.18876E+04  -5.01212E+04  -1.22220E+05  -1.20961E+05
   2.56728E-01   3.14757E-03   6.97248E-01   1.17460E-03   4.17020E-02   3.75107E+04  -5.19820E+04  -5.01937E+04  -1.22306E+05  -1.20846E+05
   2.57728E-01   3.14333E-03   6.96310E-01   1.17302E-03   4.16459E-02   3.76915E+04  -5.20779E+04  -5.02667E+04  -1.22392E+05  -1.20731E+05
   2.58728E-01   3.13910E-03   6.95372E-01   1.17144E-03   4.15898E-02   3.78729E+04  -5.21753E+04  -5.03403E+04  -1.22479E+05  -1.20616E+05
   2.59728E-01   3.13486E-03   6.94434E-01   1.16986E-03   4.15337E-02   3.80548E+04  -5.22743E+04  -5.04144E+04  -1.22567E+05  -1.20502E+05
   2.60728E-01   3.13063E-03   6.93496E-01   1.16828E-03   4.14776E-02   3.82373E+04  -5.23749E+04  -5.04891E+04  -1.22655E+05  -1.20387E+05
   2.61728E-01   3.12640E-03   6.92558E-01   1.16670E-03   4.14215E-02   3.84203E+04  -5.24771E+04  -5.05643E+04  -1.22743E+05  -1.20273E+05
   2.62728E-01   3.12216E-03   6.91620E-01   1.16512E-03   4.13654E-02   3.86039E+04  -5.25808E+04  -5.06400E+04  -1.22832E+05  -1.20159E+05
   2.63728E-01   3.11793E-03   6.90682E-01   1.16354E-03   4.13093E-02   3.87881E+04  -5.26862E+04  -5.07164E+04  -1.22922E+05  -1.20046E+05
   2.64728E-01   3.11369E-03   6.89744E-01   1.16196E-03   4.12532E-02   3.89729E+04  -5.27933E+04  -5.07932E+04  -1.23012E+05  -1.19932E+05
   2.65728E-01   3.10946E-03   6.88805E-01   1.16038E-03   4.11971E-02   3.91583E+04  -5.29020E+04  -5.08707E+04  -1.23102E+05  -1.19819E+05
   2.66728E-01   3.10522E-03   6.87867E-01   1.15880E-03   4.11410E-02   3.93443E+04  -5.30123E+04  -5.09487E+04  -1.23193E+05  -1.19706E+05
   2.67728E-01   3.10099E-03   6.86929E-01   1.15722E-03   4.10849E-02   3.95308E+04  -5.31244E+04  -5.10274E+04  -1.23285E+05  -1.19594E+05
   2.68728E-01   3.09675E-03   6.85991E-01   1.15564E-03   4.10288E-02   3.97181E+04  -5.32381E+04  -5.11066E+04  -1.23377E+05  -1.19481E+05
   2.69728E-01   3.09252E-03   6.85053E-01   1.15406E-03   4.09727E-02   3.99059E+04  -5.33536E+04  -5.11864E+04  -1.23470E+05  -1.19369E+05
   2.70728E-01   3.08828E-03   6.84115E-01   1.15248E-03   4.09166E-02   4.00944E+04  -5.34708E+04  -5.12668E+04  -1.23563E+05  -1.19257E+05
   2.71728E-01   3.08405E-03   6.83177E-01   1.15090E-03   4.08604E-02   4.02763E+04  -5.35821E+04  -5.13455E+04  -1.23634E+05  -1.19138E+05
   2.72728E-01   3.07981E-03   6.82239E-01   1.14932E-03   4.08043E-02   4.04472E+04  -5.36822E+04  -5.14210E+04  -1.23665E+05  -1.19006E+05
   2.73728E-01   3.07558E-03   6.81301E-01   1.14774E-03   4.07482E-02   4.06205E+04  -5.37855E+04  -5.14977E+04  -1.23702E+05  -1.18876E+05
   2.74728E-01   3.07134E-03   6.80363E-01   1.14616E-03   4.06921E-02   4.07961E+04  -5.38919E+04  -5.15755E+04  -1.23744E+05  -1.18748E+05
   2.75728E-01   3.06711E-03   6.79425E-01   1.14457E-03   4.06360E-02   4.09740E+04  -5.40015E+04  -5.16546E+04  -1.23791E+05  -1.18621E+05
   2.76728E-01   3.06287E-03   6.78487E-01   1.14299E-03   4.05799E-02   4.11541E+04  -5.41143E+04  -5.17347E+04  -1.23842E+05  -1.18495E+05
   2.77728E-01   3.05864E-03   6.77549E-01   1.14141E-03   4.05238E-02   4.13364E+04  -5.42301E+04  -5.18160E+04  -1.23898E+05  -1.18372E+05
   2.78728E-01   3.05440E-03   6.76610E-01   1.13983E-03   4.04677E-02   4.15206E+04  -5.43491E+04  -5.18984E+04  -1.23958E+05  -1.18250E+05
   2.79728E-01   3.05017E-03   6.75672E-01   1.13825E-03   4.04116E-02   4.17069E+04  -5.44710E+04  -5.19819E+04  -1.24022E+05  -1.18129E+05
   2.80728E-01   3.04593E-03   6.74734E-01   1.13667E-03   4.03555E-02   4.18951E+04  -5.45960E+04  -5.20664E+04  -1.24091E+05  -1.18010E+05
   2.81728E-01   3.04170E-03   6.73796E-01   1.13509E-03   4.02994E-02   4.20851E+04  -5.47240E+04  -5.21521E+04  -1.24163E+05  -1.17892E+05
   2.82728E-01   3.03747E-03   6.72858E-01   1.13351E-03   4.02433E-02   4.22769E+04  -5.48551E+04  -5.22387E+04  -1.24239E+05  -1.17775E+05
   2.83728E-01   3.03323E-03   6.71920E-01   1.13193E-03   4.01872E-02   4.24705E+04  -5.49891E+04  -5.23264E+04  -1.24319E+05  -1.17660E+05
   2.84728E-01   3.02900E-03   6.70982E-01   1.13035E-03   4.01311E-02   4.26658E+04  -5.51260E+04  -5.24151E+04  -1.24403E+05  -1.17547E+05
   2.85728E-01   3.02476E-03   6.70044E-01   1.12877E-03   4.00750E-02   4.28627E+04  -5.52660E+04  -5.25048E+04  -1.24491E+05  -1.17434E+05
   2.86728E-01   3.02053E-03   6.69106E-01   1.12719E-03   4.00189E-02   4.30612E+04  -5.54088E+04  -5.25955E+04  -1.24582E+05  -1.17323E+05
   2.87728E-01   3.01629E-03   6.68168E-01   1.12561E-03   3.99628E-02   4.32613E+04  -5.55546E+04  -5.26872E+04  -1.24676E+05  -1.17213E+05
   2.88728E-01   3.01206E-03   6.67230E-01   1.12403E-03   3.99066E-02   4.34629E+04  -5.57034E+04  -5.27799E+04  -1.24774E+05  -1.17105E+05
   2.89728E-01   3.00782E-03   6.66292E-01   1.12245E-03   3.98505E-02   4.36659E+04  -5.58550E+04  -5.28735E+04  -1.24875E+05  -1.16998E+05
   2.90728E-01   3.00359E-03   6.65353E-01   1.12087E-03   3.97944E-02   4.38703E+04  -5.60096E+04  -5.29681E+04  -1.24979E+05  -1.16892E+05
   2.91728E-01   2.99935E-03   6.64415E-01   1.11929E-03   3.97383E-02   4.40762E+04  -5.61671E+04  -5.30636E+04  -1.25086E+05  -1.16787E+05
   2.92728E-01   2.99512E-03   6.63477E-01   1.11771E-03   3.96822E-02   4.42834E+04  -5.63275E+04  -5.31601E+04  -1.25197E+05  -1.16683E+05
   2.93728E-01   2.99088E-03   6.62539E-01   1.11613E-03   3.96261E-02   4.44919E+04  -5.64907E+04  -5.32575E+04  -1.25310E+05  -1.16581E+05
   2.94728E-01   2.98665E-03   6.61601E-01   1.11455E-03   3.95700E-02   4.47017E+04  -5.66569E+04  -5.33559E+04  -1.25426E+05  -1.16479E+05
   2.95728E-01   2.98241E-03   6.60663E-01   1.11297E-03   3.95139E-02   4.49127E+04  -5.68259E+04  -5.34551E+04  -1.25545E+05  -1.16379E+05
   2.96728E-01   2.97818E-03   6.59725E-01   1.11139E-03   3.94578E-02   4.51249E+04  -5.69979E+04  -5.35553E+04  -1.25667E+05  -1.16280E+05
   2.97728E-01   2.97394E-03   6.58787E-01   1.10981E-03   3.94017E-02   4.53384E+04  -5.71727E+04  -5.36564E+04  -1.25792E+05  -1.16183E+05
   2.98728E-01   2.96971E-03   6.57849E-01   1.10823E-03   3.93456E-02   4.55530E+04  -5.73504E+04  -5.37583E+04  -1.25920E+05  -1.16086E+05
   2.99728E-01   2.96547E-03   6.56911E-01   1.10665E-03   3.92895E-02   4.57687E+04  -5.75310E+04  -5.38612E+04  -1.26050E+05  -1.15990E+05
   2.99990E-01   2.96436E-03   6.56665E-01   1.10623E-03   3.92748E-02   4.58254E+04  -5.75789E+04  -5.38883E+04  -1.26084E+05  -1.15965E+05

 Phase Region for:
     FCC_A1                        
 col-1=X(C), col-2=X(CU), col-3=X(FE), col-4=X(MN), col-5=X(SI), col-6=MU(C), col-7=MU(CU), col-8=MU(FE), col-9=MU(MN), col-10=MU(SI),
   9.72763E-03   4.19355E-03   9.28954E-01   1.56494E-03   5.55602E-02  -1.53582E+04  -5.48071E+04  -4.10619E+04  -1.07001E+05  -1.49105E+05
   8.72763E-03   4.19779E-03   9.29892E-01   1.56652E-03   5.56163E-02  -1.63178E+04  -5.48783E+04  -4.10457E+04  -1.06956E+05  -1.49213E+05
   7.72763E-03   4.20202E-03   9.30830E-01   1.56810E-03   5.56724E-02  -1.73841E+04  -5.49497E+04  -4.10297E+04  -1.06912E+05  -1.49320E+05
   6.72763E-03   4.20626E-03   9.31768E-01   1.56968E-03   5.57285E-02  -1.85869E+04  -5.50213E+04  -4.10137E+04  -1.06867E+05  -1.49427E+05
   5.72763E-03   4.21049E-03   9.32706E-01   1.57126E-03   5.57846E-02  -1.99703E+04  -5.50932E+04  -4.09978E+04  -1.06823E+05  -1.49534E+05
   4.72763E-03   4.21472E-03   9.33644E-01   1.57284E-03   5.58407E-02  -2.16040E+04  -5.51653E+04  -4.09820E+04  -1.06779E+05  -1.49641E+05
   3.72763E-03   4.21896E-03   9.34582E-01   1.57442E-03   5.58969E-02  -2.36080E+04  -5.52377E+04  -4.09664E+04  -1.06735E+05  -1.49748E+05
   2.72763E-03   4.22319E-03   9.35520E-01   1.57600E-03   5.59530E-02  -2.62160E+04  -5.53103E+04  -4.09508E+04  -1.06692E+05  -1.49854E+05
   1.72763E-03   4.22743E-03   9.36458E-01   1.57758E-03   5.60091E-02  -2.99919E+04  -5.53831E+04  -4.09353E+04  -1.06648E+05  -1.49961E+05
   7.27626E-04   4.23166E-03   9.37396E-01   1.57916E-03   5.60652E-02  -3.70691E+04  -5.54562E+04  -4.09199E+04  -1.06604E+05  -1.50068E+05
   1.00000E-05   4.23470E-03   9.38070E-01   1.58029E-03   5.61054E-02  -7.18157E+04  -5.55087E+04  -4.09090E+04  -1.06573E+05  -1.50144E+05
