
 Phase Region for:
     BCC_A2                        
 col-1=X(C), col-2=X(CU), col-3=X(FE), col-4=X(MN), col-5=X(SI), col-6=MU(C), col-7=MU(CU), col-8=MU(FE), col-9=MU(MN), col-10=MU(SI),
   2.88620E-02   4.11252E-03   9.11004E-01   1.53470E-03   5.44867E-02   2.68612E+04  -4.87035E+04  -4.17884E+04  -9.82013E+04  -1.49226E+05
   9.99900E-03   4.19240E-03   9.28699E-01   1.56451E-03   5.55450E-02   1.75367E+04  -4.86807E+04  -4.14879E+04  -9.70459E+04  -1.51245E+05

 Phase Region for:
     BCC_A2                        
 col-1=X(C), col-2=X(CU), col-3=X(FE), col-4=X(MN), col-5=X(SI), col-6=MU(C), col-7=MU(CU), col-8=MU(FE), col-9=MU(MN), col-10=MU(SI),
   2.88620E-02   4.11252E-03   9.11004E-01   1.53470E-03   5.44867E-02   2.68612E+04  -4.87035E+04  -4.17884E+04  -9.82013E+04  -1.49226E+05
   2.87620E-02   4.11295E-03   9.11098E-01   1.53486E-03   5.44923E-02   2.68291E+04  -4.87033E+04  -4.17867E+04  -9.81950E+04  -1.49237E+05
   2.86620E-02   4.11337E-03   9.11192E-01   1.53502E-03   5.44979E-02   2.67969E+04  -4.87031E+04  -4.17850E+04  -9.81887E+04  -1.49248E+05
   2.85620E-02   4.11379E-03   9.11286E-01   1.53517E-03   5.45035E-02   2.67646E+04  -4.87029E+04  -4.17834E+04  -9.81824E+04  -1.49259E+05
   2.84620E-02   4.11422E-03   9.11379E-01   1.53533E-03   5.45091E-02   2.67322E+04  -4.87027E+04  -4.17817E+04  -9.81761E+04  -1.49270E+05
   2.83620E-02   4.11464E-03   9.11473E-01   1.53549E-03   5.45147E-02   2.66997E+04  -4.87024E+04  -4.17801E+04  -9.81698E+04  -1.49280E+05
   2.82620E-02   4.11506E-03   9.11567E-01   1.53565E-03   5.45203E-02   2.66671E+04  -4.87022E+04  -4.17784E+04  -9.81635E+04  -1.49291E+05
   2.81620E-02   4.11549E-03   9.11661E-01   1.53581E-03   5.45259E-02   2.66344E+04  -4.87020E+04  -4.17768E+04  -9.81572E+04  -1.49302E+05
   2.80620E-02   4.11591E-03   9.11755E-01   1.53596E-03   5.45315E-02   2.66015E+04  -4.87018E+04  -4.17751E+04  -9.81509E+04  -1.49313E+05
   2.79620E-02   4.11633E-03   9.11848E-01   1.53612E-03   5.45372E-02   2.65686E+04  -4.87016E+04  -4.17735E+04  -9.81446E+04  -1.49324E+05
   2.78620E-02   4.11676E-03   9.11942E-01   1.53628E-03   5.45428E-02   2.65356E+04  -4.87014E+04  -4.17719E+04  -9.81383E+04  -1.49335E+05
   2.77620E-02   4.11718E-03   9.12036E-01   1.53644E-03   5.45484E-02   2.65025E+04  -4.87012E+04  -4.17702E+04  -9.81321E+04  -1.49345E+05
   2.76620E-02   4.11760E-03   9.12130E-01   1.53660E-03   5.45540E-02   2.64693E+04  -4.87010E+04  -4.17686E+04  -9.81258E+04  -1.49356E+05
   2.75620E-02   4.11803E-03   9.12224E-01   1.53675E-03   5.45596E-02   2.64360E+04  -4.87008E+04  -4.17669E+04  -9.81195E+04  -1.49367E+05
   2.74620E-02   4.11845E-03   9.12317E-01   1.53691E-03   5.45652E-02   2.64025E+04  -4.87006E+04  -4.17653E+04  -9.81132E+04  -1.49378E+05
   2.73620E-02   4.11887E-03   9.12411E-01   1.53707E-03   5.45708E-02   2.63690E+04  -4.87004E+04  -4.17636E+04  -9.81069E+04  -1.49389E+05
   2.72620E-02   4.11930E-03   9.12505E-01   1.53723E-03   5.45764E-02   2.63353E+04  -4.87002E+04  -4.17620E+04  -9.81007E+04  -1.49400E+05
   2.71620E-02   4.11972E-03   9.12599E-01   1.53739E-03   5.45820E-02   2.63016E+04  -4.87000E+04  -4.17603E+04  -9.80944E+04  -1.49410E+05
   2.70620E-02   4.12014E-03   9.12693E-01   1.53754E-03   5.45877E-02   2.62677E+04  -4.86999E+04  -4.17587E+04  -9.80881E+04  -1.49421E+05
   2.69620E-02   4.12057E-03   9.12786E-01   1.53770E-03   5.45933E-02   2.62337E+04  -4.86997E+04  -4.17571E+04  -9.80819E+04  -1.49432E+05
   2.68620E-02   4.12099E-03   9.12880E-01   1.53786E-03   5.45989E-02   2.61997E+04  -4.86995E+04  -4.17554E+04  -9.80756E+04  -1.49443E+05
   2.67620E-02   4.12141E-03   9.12974E-01   1.53802E-03   5.46045E-02   2.61655E+04  -4.86993E+04  -4.17538E+04  -9.80693E+04  -1.49454E+05
   2.66620E-02   4.12184E-03   9.13068E-01   1.53818E-03   5.46101E-02   2.61312E+04  -4.86991E+04  -4.17521E+04  -9.80631E+04  -1.49464E+05
   2.65620E-02   4.12226E-03   9.13162E-01   1.53833E-03   5.46157E-02   2.60967E+04  -4.86989E+04  -4.17505E+04  -9.80568E+04  -1.49475E+05
   2.64620E-02   4.12268E-03   9.13255E-01   1.53849E-03   5.46213E-02   2.60622E+04  -4.86987E+04  -4.17489E+04  -9.80505E+04  -1.49486E+05
   2.63620E-02   4.12311E-03   9.13349E-01   1.53865E-03   5.46269E-02   2.60276E+04  -4.86985E+04  -4.17472E+04  -9.80443E+04  -1.49497E+05
   2.62620E-02   4.12353E-03   9.13443E-01   1.53881E-03   5.46325E-02   2.59928E+04  -4.86983E+04  -4.17456E+04  -9.80380E+04  -1.49508E+05
   2.61620E-02   4.12396E-03   9.13537E-01   1.53897E-03   5.46382E-02   2.59579E+04  -4.86982E+04  -4.17439E+04  -9.80318E+04  -1.49519E+05
   2.60620E-02   4.12438E-03   9.13631E-01   1.53912E-03   5.46438E-02   2.59229E+04  -4.86980E+04  -4.17423E+04  -9.80255E+04  -1.49529E+05
   2.59620E-02   4.12480E-03   9.13725E-01   1.53928E-03   5.46494E-02   2.58878E+04  -4.86978E+04  -4.17407E+04  -9.80193E+04  -1.49540E+05
   2.58620E-02   4.12523E-03   9.13818E-01   1.53944E-03   5.46550E-02   2.58526E+04  -4.86976E+04  -4.17390E+04  -9.80130E+04  -1.49551E+05
   2.57620E-02   4.12565E-03   9.13912E-01   1.53960E-03   5.46606E-02   2.58172E+04  -4.86974E+04  -4.17374E+04  -9.80068E+04  -1.49562E+05
   2.56620E-02   4.12607E-03   9.14006E-01   1.53976E-03   5.46662E-02   2.57817E+04  -4.86972E+04  -4.17358E+04  -9.80005E+04  -1.49573E+05
   2.55620E-02   4.12650E-03   9.14100E-01   1.53991E-03   5.46718E-02   2.57461E+04  -4.86971E+04  -4.17341E+04  -9.79943E+04  -1.49583E+05
   2.54620E-02   4.12692E-03   9.14194E-01   1.54007E-03   5.46774E-02   2.57104E+04  -4.86969E+04  -4.17325E+04  -9.79881E+04  -1.49594E+05
   2.53620E-02   4.12734E-03   9.14287E-01   1.54023E-03   5.46830E-02   2.56746E+04  -4.86967E+04  -4.17309E+04  -9.79818E+04  -1.49605E+05
   2.52620E-02   4.12777E-03   9.14381E-01   1.54039E-03   5.46886E-02   2.56386E+04  -4.86965E+04  -4.17293E+04  -9.79756E+04  -1.49616E+05
   2.51620E-02   4.12819E-03   9.14475E-01   1.54055E-03   5.46943E-02   2.56025E+04  -4.86964E+04  -4.17276E+04  -9.79694E+04  -1.49627E+05
   2.50620E-02   4.12861E-03   9.14569E-01   1.54070E-03   5.46999E-02   2.55663E+04  -4.86962E+04  -4.17260E+04  -9.79631E+04  -1.49637E+05
   2.49620E-02   4.12904E-03   9.14663E-01   1.54086E-03   5.47055E-02   2.55299E+04  -4.86960E+04  -4.17244E+04  -9.79569E+04  -1.49648E+05
   2.48620E-02   4.12946E-03   9.14756E-01   1.54102E-03   5.47111E-02   2.54934E+04  -4.86958E+04  -4.17227E+04  -9.79507E+04  -1.49659E+05
   2.47620E-02   4.12988E-03   9.14850E-01   1.54118E-03   5.47167E-02   2.54568E+04  -4.86957E+04  -4.17211E+04  -9.79444E+04  -1.49670E+05
   2.46620E-02   4.13031E-03   9.14944E-01   1.54134E-03   5.47223E-02   2.54201E+04  -4.86955E+04  -4.17195E+04  -9.79382E+04  -1.49680E+05
   2.45620E-02   4.13073E-03   9.15038E-01   1.54149E-03   5.47279E-02   2.53832E+04  -4.86953E+04  -4.17179E+04  -9.79320E+04  -1.49691E+05
   2.44620E-02   4.13115E-03   9.15132E-01   1.54165E-03   5.47335E-02   2.53462E+04  -4.86952E+04  -4.17162E+04  -9.79258E+04  -1.49702E+05
   2.43620E-02   4.13158E-03   9.15225E-01   1.54181E-03   5.47391E-02   2.53090E+04  -4.86950E+04  -4.17146E+04  -9.79196E+04  -1.49713E+05
   2.42620E-02   4.13200E-03   9.15319E-01   1.54197E-03   5.47448E-02   2.52718E+04  -4.86948E+04  -4.17130E+04  -9.79133E+04  -1.49724E+05
   2.41620E-02   4.13242E-03   9.15413E-01   1.54213E-03   5.47504E-02   2.52344E+04  -4.86947E+04  -4.17114E+04  -9.79071E+04  -1.49734E+05
   2.40620E-02   4.13285E-03   9.15507E-01   1.54228E-03   5.47560E-02   2.51968E+04  -4.86945E+04  -4.17097E+04  -9.79009E+04  -1.49745E+05
   2.39620E-02   4.13327E-03   9.15601E-01   1.54244E-03   5.47616E-02   2.51591E+04  -4.86943E+04  -4.17081E+04  -9.78947E+04  -1.49756E+05
   2.38620E-02   4.13370E-03   9.15694E-01   1.54260E-03   5.47672E-02   2.51213E+04  -4.86942E+04  -4.17065E+04  -9.78885E+04  -1.49767E+05
   2.37620E-02   4.13412E-03   9.15788E-01   1.54276E-03   5.47728E-02   2.50833E+04  -4.86940E+04  -4.17049E+04  -9.78823E+04  -1.49777E+05
   2.36620E-02   4.13454E-03   9.15882E-01   1.54292E-03   5.47784E-02   2.50452E+04  -4.86938E+04  -4.17033E+04  -9.78761E+04  -1.49788E+05
   2.35620E-02   4.13497E-03   9.15976E-01   1.54307E-03   5.47840E-02   2.50069E+04  -4.86937E+04  -4.17016E+04  -9.78699E+04  -1.49799E+05
   2.34620E-02   4.13539E-03   9.16070E-01   1.54323E-03   5.47896E-02   2.49685E+04  -4.86935E+04  -4.17000E+04  -9.78637E+04  -1.49810E+05
   2.33620E-02   4.13581E-03   9.16164E-01   1.54339E-03   5.47952E-02   2.49300E+04  -4.86934E+04  -4.16984E+04  -9.78575E+04  -1.49821E+05
   2.32620E-02   4.13624E-03   9.16257E-01   1.54355E-03   5.48009E-02   2.48913E+04  -4.86932E+04  -4.16968E+04  -9.78513E+04  -1.49831E+05
   2.31620E-02   4.13666E-03   9.16351E-01   1.54371E-03   5.48065E-02   2.48524E+04  -4.86931E+04  -4.16952E+04  -9.78451E+04  -1.49842E+05
   2.30620E-02   4.13708E-03   9.16445E-01   1.54387E-03   5.48121E-02   2.48134E+04  -4.86929E+04  -4.16936E+04  -9.78389E+04  -1.49853E+05
   2.29620E-02   4.13751E-03   9.16539E-01   1.54402E-03   5.48177E-02   2.47743E+04  -4.86927E+04  -4.16919E+04  -9.78327E+04  -1.49864E+05
   2.28620E-02   4.13793E-03   9.16633E-01   1.54418E-03   5.48233E-02   2.47350E+04  -4.86926E+04  -4.16903E+04  -9.78265E+04  -1.49874E+05
   2.27620E-02   4.13835E-03   9.16726E-01   1.54434E-03   5.48289E-02   2.46955E+04  -4.86924E+04  -4.16887E+04  -9.78203E+04  -1.49885E+05
   2.26620E-02   4.13878E-03   9.16820E-01   1.54450E-03   5.48345E-02   2.46559E+04  -4.86923E+04  -4.16871E+04  -9.78141E+04  -1.49896E+05
   2.25620E-02   4.13920E-03   9.16914E-01   1.54466E-03   5.48401E-02   2.46161E+04  -4.86921E+04  -4.16855E+04  -9.78079E+04  -1.49907E+05
   2.24620E-02   4.13962E-03   9.17008E-01   1.54481E-03   5.48457E-02   2.45762E+04  -4.86920E+04  -4.16839E+04  -9.78018E+04  -1.49917E+05
   2.23620E-02   4.14005E-03   9.17102E-01   1.54497E-03   5.48514E-02   2.45361E+04  -4.86918E+04  -4.16823E+04  -9.77956E+04  -1.49928E+05
   2.22620E-02   4.14047E-03   9.17195E-01   1.54513E-03   5.48570E-02   2.44959E+04  -4.86917E+04  -4.16806E+04  -9.77894E+04  -1.49939E+05
   2.21620E-02   4.14089E-03   9.17289E-01   1.54529E-03   5.48626E-02   2.44555E+04  -4.86915E+04  -4.16790E+04  -9.77832E+04  -1.49950E+05
   2.20620E-02   4.14132E-03   9.17383E-01   1.54545E-03   5.48682E-02   2.44149E+04  -4.86914E+04  -4.16774E+04  -9.77771E+04  -1.49960E+05
   2.19620E-02   4.14174E-03   9.17477E-01   1.54560E-03   5.48738E-02   2.43741E+04  -4.86913E+04  -4.16758E+04  -9.77709E+04  -1.49971E+05
   2.18620E-02   4.14216E-03   9.17571E-01   1.54576E-03   5.48794E-02   2.43332E+04  -4.86911E+04  -4.16742E+04  -9.77647E+04  -1.49982E+05
   2.17620E-02   4.14259E-03   9.17664E-01   1.54592E-03   5.48850E-02   2.42922E+04  -4.86910E+04  -4.16726E+04  -9.77585E+04  -1.49993E+05
   2.16620E-02   4.14301E-03   9.17758E-01   1.54608E-03   5.48906E-02   2.42509E+04  -4.86908E+04  -4.16710E+04  -9.77524E+04  -1.50003E+05
   2.15620E-02   4.14344E-03   9.17852E-01   1.54624E-03   5.48962E-02   2.42095E+04  -4.86907E+04  -4.16694E+04  -9.77462E+04  -1.50014E+05
   2.14620E-02   4.14386E-03   9.17946E-01   1.54639E-03   5.49018E-02   2.41679E+04  -4.86905E+04  -4.16678E+04  -9.77400E+04  -1.50025E+05
   2.13620E-02   4.14428E-03   9.18040E-01   1.54655E-03   5.49075E-02   2.41261E+04  -4.86904E+04  -4.16662E+04  -9.77339E+04  -1.50036E+05
   2.12620E-02   4.14471E-03   9.18134E-01   1.54671E-03   5.49131E-02   2.40842E+04  -4.86903E+04  -4.16646E+04  -9.77277E+04  -1.50046E+05
   2.11620E-02   4.14513E-03   9.18227E-01   1.54687E-03   5.49187E-02   2.40421E+04  -4.86901E+04  -4.16630E+04  -9.77216E+04  -1.50057E+05
   2.10620E-02   4.14555E-03   9.18321E-01   1.54703E-03   5.49243E-02   2.39998E+04  -4.86900E+04  -4.16614E+04  -9.77154E+04  -1.50068E+05
   2.09620E-02   4.14598E-03   9.18415E-01   1.54718E-03   5.49299E-02   2.39573E+04  -4.86899E+04  -4.16598E+04  -9.77093E+04  -1.50078E+05
   2.08620E-02   4.14640E-03   9.18509E-01   1.54734E-03   5.49355E-02   2.39146E+04  -4.86897E+04  -4.16582E+04  -9.77031E+04  -1.50089E+05
   2.07620E-02   4.14682E-03   9.18603E-01   1.54750E-03   5.49411E-02   2.38718E+04  -4.86896E+04  -4.16566E+04  -9.76970E+04  -1.50100E+05
   2.06620E-02   4.14725E-03   9.18696E-01   1.54766E-03   5.49467E-02   2.38287E+04  -4.86895E+04  -4.16550E+04  -9.76908E+04  -1.50111E+05
   2.05620E-02   4.14767E-03   9.18790E-01   1.54782E-03   5.49523E-02   2.37855E+04  -4.86893E+04  -4.16534E+04  -9.76847E+04  -1.50121E+05
   2.04620E-02   4.14809E-03   9.18884E-01   1.54797E-03   5.49580E-02   2.37421E+04  -4.86892E+04  -4.16518E+04  -9.76785E+04  -1.50132E+05
   2.03620E-02   4.14852E-03   9.18978E-01   1.54813E-03   5.49636E-02   2.36985E+04  -4.86891E+04  -4.16502E+04  -9.76724E+04  -1.50143E+05
   2.02620E-02   4.14894E-03   9.19072E-01   1.54829E-03   5.49692E-02   2.36547E+04  -4.86889E+04  -4.16486E+04  -9.76662E+04  -1.50153E+05
   2.01620E-02   4.14936E-03   9.19165E-01   1.54845E-03   5.49748E-02   2.36107E+04  -4.86888E+04  -4.16470E+04  -9.76601E+04  -1.50164E+05
   2.00620E-02   4.14979E-03   9.19259E-01   1.54861E-03   5.49804E-02   2.35665E+04  -4.86887E+04  -4.16454E+04  -9.76540E+04  -1.50175E+05
   1.99620E-02   4.15021E-03   9.19353E-01   1.54876E-03   5.49860E-02   2.35221E+04  -4.86886E+04  -4.16438E+04  -9.76478E+04  -1.50186E+05
   1.98620E-02   4.15063E-03   9.19447E-01   1.54892E-03   5.49916E-02   2.34775E+04  -4.86884E+04  -4.16422E+04  -9.76417E+04  -1.50196E+05
   1.97620E-02   4.15106E-03   9.19541E-01   1.54908E-03   5.49972E-02   2.34327E+04  -4.86883E+04  -4.16406E+04  -9.76356E+04  -1.50207E+05
   1.96620E-02   4.15148E-03   9.19634E-01   1.54924E-03   5.50028E-02   2.33877E+04  -4.86882E+04  -4.16390E+04  -9.76294E+04  -1.50218E+05
   1.95620E-02   4.15190E-03   9.19728E-01   1.54940E-03   5.50085E-02   2.33425E+04  -4.86881E+04  -4.16374E+04  -9.76233E+04  -1.50228E+05
   1.94620E-02   4.15233E-03   9.19822E-01   1.54955E-03   5.50141E-02   2.32970E+04  -4.86879E+04  -4.16358E+04  -9.76172E+04  -1.50239E+05
   1.93620E-02   4.15275E-03   9.19916E-01   1.54971E-03   5.50197E-02   2.32514E+04  -4.86878E+04  -4.16342E+04  -9.76111E+04  -1.50250E+05
   1.92620E-02   4.15318E-03   9.20010E-01   1.54987E-03   5.50253E-02   2.32055E+04  -4.86877E+04  -4.16326E+04  -9.76049E+04  -1.50261E+05
   1.91620E-02   4.15360E-03   9.20103E-01   1.55003E-03   5.50309E-02   2.31594E+04  -4.86876E+04  -4.16310E+04  -9.75988E+04  -1.50271E+05
   1.90620E-02   4.15402E-03   9.20197E-01   1.55019E-03   5.50365E-02   2.31132E+04  -4.86875E+04  -4.16294E+04  -9.75927E+04  -1.50282E+05
   1.89620E-02   4.15445E-03   9.20291E-01   1.55034E-03   5.50421E-02   2.30666E+04  -4.86874E+04  -4.16278E+04  -9.75866E+04  -1.50293E+05
   1.88620E-02   4.15487E-03   9.20385E-01   1.55050E-03   5.50477E-02   2.30199E+04  -4.86872E+04  -4.16263E+04  -9.75805E+04  -1.50303E+05
   1.87620E-02   4.15529E-03   9.20479E-01   1.55066E-03   5.50533E-02   2.29729E+04  -4.86871E+04  -4.16247E+04  -9.75744E+04  -1.50314E+05
   1.86620E-02   4.15572E-03   9.20573E-01   1.55082E-03   5.50589E-02   2.29257E+04  -4.86870E+04  -4.16231E+04  -9.75682E+04  -1.50325E+05
   1.85620E-02   4.15614E-03   9.20666E-01   1.55098E-03   5.50646E-02   2.28783E+04  -4.86869E+04  -4.16215E+04  -9.75621E+04  -1.50335E+05
   1.84620E-02   4.15656E-03   9.20760E-01   1.55113E-03   5.50702E-02   2.28306E+04  -4.86868E+04  -4.16199E+04  -9.75560E+04  -1.50346E+05
   1.83620E-02   4.15699E-03   9.20854E-01   1.55129E-03   5.50758E-02   2.27827E+04  -4.86867E+04  -4.16183E+04  -9.75499E+04  -1.50357E+05
   1.82620E-02   4.15741E-03   9.20948E-01   1.55145E-03   5.50814E-02   2.27346E+04  -4.86866E+04  -4.16167E+04  -9.75438E+04  -1.50367E+05
   1.81620E-02   4.15783E-03   9.21042E-01   1.55161E-03   5.50870E-02   2.26862E+04  -4.86865E+04  -4.16152E+04  -9.75377E+04  -1.50378E+05
   1.80620E-02   4.15826E-03   9.21135E-01   1.55177E-03   5.50926E-02   2.26376E+04  -4.86864E+04  -4.16136E+04  -9.75316E+04  -1.50389E+05
   1.79620E-02   4.15868E-03   9.21229E-01   1.55192E-03   5.50982E-02   2.25887E+04  -4.86862E+04  -4.16120E+04  -9.75255E+04  -1.50400E+05
   1.78620E-02   4.15910E-03   9.21323E-01   1.55208E-03   5.51038E-02   2.25396E+04  -4.86861E+04  -4.16104E+04  -9.75194E+04  -1.50410E+05
   1.77620E-02   4.15953E-03   9.21417E-01   1.55224E-03   5.51094E-02   2.24902E+04  -4.86860E+04  -4.16088E+04  -9.75133E+04  -1.50421E+05
   1.76620E-02   4.15995E-03   9.21511E-01   1.55240E-03   5.51151E-02   2.24406E+04  -4.86859E+04  -4.16072E+04  -9.75072E+04  -1.50432E+05
   1.75620E-02   4.16037E-03   9.21604E-01   1.55256E-03   5.51207E-02   2.23907E+04  -4.86858E+04  -4.16057E+04  -9.75011E+04  -1.50442E+05
   1.74620E-02   4.16080E-03   9.21698E-01   1.55271E-03   5.51263E-02   2.23405E+04  -4.86857E+04  -4.16041E+04  -9.74951E+04  -1.50453E+05
   1.73620E-02   4.16122E-03   9.21792E-01   1.55287E-03   5.51319E-02   2.22901E+04  -4.86856E+04  -4.16025E+04  -9.74890E+04  -1.50464E+05
   1.72620E-02   4.16164E-03   9.21886E-01   1.55303E-03   5.51375E-02   2.22394E+04  -4.86855E+04  -4.16009E+04  -9.74829E+04  -1.50474E+05
   1.71620E-02   4.16207E-03   9.21980E-01   1.55319E-03   5.51431E-02   2.21885E+04  -4.86854E+04  -4.15993E+04  -9.74768E+04  -1.50485E+05
   1.70620E-02   4.16249E-03   9.22073E-01   1.55335E-03   5.51487E-02   2.21372E+04  -4.86853E+04  -4.15978E+04  -9.74707E+04  -1.50496E+05
   1.69620E-02   4.16292E-03   9.22167E-01   1.55350E-03   5.51543E-02   2.20857E+04  -4.86852E+04  -4.15962E+04  -9.74646E+04  -1.50506E+05
   1.68620E-02   4.16334E-03   9.22261E-01   1.55366E-03   5.51599E-02   2.20340E+04  -4.86851E+04  -4.15946E+04  -9.74586E+04  -1.50517E+05
   1.67620E-02   4.16376E-03   9.22355E-01   1.55382E-03   5.51655E-02   2.19819E+04  -4.86850E+04  -4.15930E+04  -9.74525E+04  -1.50528E+05
   1.66620E-02   4.16419E-03   9.22449E-01   1.55398E-03   5.51712E-02   2.19295E+04  -4.86849E+04  -4.15915E+04  -9.74464E+04  -1.50538E+05
   1.65620E-02   4.16461E-03   9.22542E-01   1.55414E-03   5.51768E-02   2.18769E+04  -4.86848E+04  -4.15899E+04  -9.74403E+04  -1.50549E+05
   1.64620E-02   4.16503E-03   9.22636E-01   1.55430E-03   5.51824E-02   2.18239E+04  -4.86848E+04  -4.15883E+04  -9.74343E+04  -1.50560E+05
   1.63620E-02   4.16546E-03   9.22730E-01   1.55445E-03   5.51880E-02   2.17707E+04  -4.86847E+04  -4.15867E+04  -9.74282E+04  -1.50570E+05
   1.62620E-02   4.16588E-03   9.22824E-01   1.55461E-03   5.51936E-02   2.17172E+04  -4.86846E+04  -4.15852E+04  -9.74221E+04  -1.50581E+05
   1.61620E-02   4.16630E-03   9.22918E-01   1.55477E-03   5.51992E-02   2.16633E+04  -4.86845E+04  -4.15836E+04  -9.74161E+04  -1.50592E+05
   1.60620E-02   4.16673E-03   9.23012E-01   1.55493E-03   5.52048E-02   2.16091E+04  -4.86844E+04  -4.15820E+04  -9.74100E+04  -1.50602E+05
   1.59620E-02   4.16715E-03   9.23105E-01   1.55509E-03   5.52104E-02   2.15547E+04  -4.86843E+04  -4.15804E+04  -9.74040E+04  -1.50613E+05
   1.58620E-02   4.16757E-03   9.23199E-01   1.55524E-03   5.52160E-02   2.14999E+04  -4.86842E+04  -4.15789E+04  -9.73979E+04  -1.50623E+05
   1.57620E-02   4.16800E-03   9.23293E-01   1.55540E-03   5.52217E-02   2.14448E+04  -4.86841E+04  -4.15773E+04  -9.73918E+04  -1.50634E+05
   1.56620E-02   4.16842E-03   9.23387E-01   1.55556E-03   5.52273E-02   2.13893E+04  -4.86840E+04  -4.15757E+04  -9.73858E+04  -1.50645E+05
   1.55620E-02   4.16884E-03   9.23481E-01   1.55572E-03   5.52329E-02   2.13336E+04  -4.86840E+04  -4.15742E+04  -9.73797E+04  -1.50655E+05
   1.54620E-02   4.16927E-03   9.23574E-01   1.55588E-03   5.52385E-02   2.12775E+04  -4.86839E+04  -4.15726E+04  -9.73737E+04  -1.50666E+05
   1.53620E-02   4.16969E-03   9.23668E-01   1.55603E-03   5.52441E-02   2.12211E+04  -4.86838E+04  -4.15710E+04  -9.73676E+04  -1.50677E+05
   1.52620E-02   4.17011E-03   9.23762E-01   1.55619E-03   5.52497E-02   2.11643E+04  -4.86837E+04  -4.15695E+04  -9.73616E+04  -1.50687E+05
   1.51620E-02   4.17054E-03   9.23856E-01   1.55635E-03   5.52553E-02   2.11072E+04  -4.86836E+04  -4.15679E+04  -9.73555E+04  -1.50698E+05
   1.50620E-02   4.17096E-03   9.23950E-01   1.55651E-03   5.52609E-02   2.10497E+04  -4.86835E+04  -4.15663E+04  -9.73495E+04  -1.50709E+05
   1.49620E-02   4.17138E-03   9.24043E-01   1.55667E-03   5.52665E-02   2.09919E+04  -4.86835E+04  -4.15648E+04  -9.73435E+04  -1.50719E+05
   1.48620E-02   4.17181E-03   9.24137E-01   1.55682E-03   5.52721E-02   2.09337E+04  -4.86834E+04  -4.15632E+04  -9.73374E+04  -1.50730E+05
   1.47620E-02   4.17223E-03   9.24231E-01   1.55698E-03   5.52778E-02   2.08751E+04  -4.86833E+04  -4.15616E+04  -9.73314E+04  -1.50741E+05
   1.46620E-02   4.17265E-03   9.24325E-01   1.55714E-03   5.52834E-02   2.08162E+04  -4.86832E+04  -4.15601E+04  -9.73253E+04  -1.50751E+05
   1.45620E-02   4.17308E-03   9.24419E-01   1.55730E-03   5.52890E-02   2.07569E+04  -4.86832E+04  -4.15585E+04  -9.73193E+04  -1.50762E+05
   1.44620E-02   4.17350E-03   9.24512E-01   1.55746E-03   5.52946E-02   2.06972E+04  -4.86831E+04  -4.15569E+04  -9.73133E+04  -1.50772E+05
   1.43620E-02   4.17393E-03   9.24606E-01   1.55761E-03   5.53002E-02   2.06371E+04  -4.86830E+04  -4.15554E+04  -9.73072E+04  -1.50783E+05
   1.42620E-02   4.17435E-03   9.24700E-01   1.55777E-03   5.53058E-02   2.05767E+04  -4.86829E+04  -4.15538E+04  -9.73012E+04  -1.50794E+05
   1.41620E-02   4.17477E-03   9.24794E-01   1.55793E-03   5.53114E-02   2.05158E+04  -4.86829E+04  -4.15523E+04  -9.72952E+04  -1.50804E+05
   1.40620E-02   4.17520E-03   9.24888E-01   1.55809E-03   5.53170E-02   2.04546E+04  -4.86828E+04  -4.15507E+04  -9.72892E+04  -1.50815E+05
   1.39620E-02   4.17562E-03   9.24981E-01   1.55825E-03   5.53226E-02   2.03929E+04  -4.86827E+04  -4.15491E+04  -9.72831E+04  -1.50826E+05
   1.38620E-02   4.17604E-03   9.25075E-01   1.55840E-03   5.53283E-02   2.03308E+04  -4.86827E+04  -4.15476E+04  -9.72771E+04  -1.50836E+05
   1.37620E-02   4.17647E-03   9.25169E-01   1.55856E-03   5.53339E-02   2.02683E+04  -4.86826E+04  -4.15460E+04  -9.72711E+04  -1.50847E+05
   1.36620E-02   4.17689E-03   9.25263E-01   1.55872E-03   5.53395E-02   2.02054E+04  -4.86825E+04  -4.15445E+04  -9.72651E+04  -1.50857E+05
   1.35620E-02   4.17731E-03   9.25357E-01   1.55888E-03   5.53451E-02   2.01420E+04  -4.86824E+04  -4.15429E+04  -9.72591E+04  -1.50868E+05
   1.34620E-02   4.17774E-03   9.25451E-01   1.55904E-03   5.53507E-02   2.00782E+04  -4.86824E+04  -4.15414E+04  -9.72530E+04  -1.50879E+05
   1.33620E-02   4.17816E-03   9.25544E-01   1.55919E-03   5.53563E-02   2.00140E+04  -4.86823E+04  -4.15398E+04  -9.72470E+04  -1.50889E+05
   1.32620E-02   4.17858E-03   9.25638E-01   1.55935E-03   5.53619E-02   1.99493E+04  -4.86823E+04  -4.15383E+04  -9.72410E+04  -1.50900E+05
   1.31620E-02   4.17901E-03   9.25732E-01   1.55951E-03   5.53675E-02   1.98841E+04  -4.86822E+04  -4.15367E+04  -9.72350E+04  -1.50910E+05
   1.30620E-02   4.17943E-03   9.25826E-01   1.55967E-03   5.53731E-02   1.98185E+04  -4.86821E+04  -4.15351E+04  -9.72290E+04  -1.50921E+05
   1.29620E-02   4.17985E-03   9.25920E-01   1.55983E-03   5.53788E-02   1.97524E+04  -4.86821E+04  -4.15336E+04  -9.72230E+04  -1.50932E+05
   1.28620E-02   4.18028E-03   9.26013E-01   1.55998E-03   5.53844E-02   1.96858E+04  -4.86820E+04  -4.15320E+04  -9.72170E+04  -1.50942E+05
   1.27620E-02   4.18070E-03   9.26107E-01   1.56014E-03   5.53900E-02   1.96187E+04  -4.86819E+04  -4.15305E+04  -9.72110E+04  -1.50953E+05
   1.26620E-02   4.18112E-03   9.26201E-01   1.56030E-03   5.53956E-02   1.95512E+04  -4.86819E+04  -4.15289E+04  -9.72050E+04  -1.50963E+05
   1.25620E-02   4.18155E-03   9.26295E-01   1.56046E-03   5.54012E-02   1.94831E+04  -4.86818E+04  -4.15274E+04  -9.71990E+04  -1.50974E+05
   1.24620E-02   4.18197E-03   9.26389E-01   1.56062E-03   5.54068E-02   1.94145E+04  -4.86818E+04  -4.15258E+04  -9.71930E+04  -1.50985E+05
   1.23620E-02   4.18239E-03   9.26482E-01   1.56077E-03   5.54124E-02   1.93454E+04  -4.86817E+04  -4.15243E+04  -9.71870E+04  -1.50995E+05
   1.22620E-02   4.18282E-03   9.26576E-01   1.56093E-03   5.54180E-02   1.92758E+04  -4.86817E+04  -4.15227E+04  -9.71810E+04  -1.51006E+05
   1.21620E-02   4.18324E-03   9.26670E-01   1.56109E-03   5.54236E-02   1.92056E+04  -4.86816E+04  -4.15212E+04  -9.71750E+04  -1.51016E+05
   1.20620E-02   4.18367E-03   9.26764E-01   1.56125E-03   5.54292E-02   1.91349E+04  -4.86816E+04  -4.15196E+04  -9.71690E+04  -1.51027E+05
   1.19620E-02   4.18409E-03   9.26858E-01   1.56141E-03   5.54349E-02   1.90637E+04  -4.86815E+04  -4.15181E+04  -9.71630E+04  -1.51038E+05
   1.18620E-02   4.18451E-03   9.26951E-01   1.56156E-03   5.54405E-02   1.89918E+04  -4.86815E+04  -4.15166E+04  -9.71571E+04  -1.51048E+05
   1.17620E-02   4.18494E-03   9.27045E-01   1.56172E-03   5.54461E-02   1.89194E+04  -4.86814E+04  -4.15150E+04  -9.71511E+04  -1.51059E+05
   1.16620E-02   4.18536E-03   9.27139E-01   1.56188E-03   5.54517E-02   1.88464E+04  -4.86814E+04  -4.15135E+04  -9.71451E+04  -1.51069E+05
   1.15620E-02   4.18578E-03   9.27233E-01   1.56204E-03   5.54573E-02   1.87728E+04  -4.86813E+04  -4.15119E+04  -9.71391E+04  -1.51080E+05
   1.14620E-02   4.18621E-03   9.27327E-01   1.56220E-03   5.54629E-02   1.86986E+04  -4.86813E+04  -4.15104E+04  -9.71331E+04  -1.51090E+05
   1.13620E-02   4.18663E-03   9.27420E-01   1.56235E-03   5.54685E-02   1.86238E+04  -4.86812E+04  -4.15088E+04  -9.71272E+04  -1.51101E+05
   1.12620E-02   4.18705E-03   9.27514E-01   1.56251E-03   5.54741E-02   1.85484E+04  -4.86812E+04  -4.15073E+04  -9.71212E+04  -1.51112E+05
   1.11620E-02   4.18748E-03   9.27608E-01   1.56267E-03   5.54797E-02   1.84723E+04  -4.86811E+04  -4.15057E+04  -9.71152E+04  -1.51122E+05
   1.10620E-02   4.18790E-03   9.27702E-01   1.56283E-03   5.54854E-02   1.83956E+04  -4.86811E+04  -4.15042E+04  -9.71092E+04  -1.51133E+05
   1.09620E-02   4.18832E-03   9.27796E-01   1.56299E-03   5.54910E-02   1.83182E+04  -4.86810E+04  -4.15027E+04  -9.71033E+04  -1.51143E+05
   1.08620E-02   4.18875E-03   9.27890E-01   1.56314E-03   5.54966E-02   1.82402E+04  -4.86810E+04  -4.15011E+04  -9.70973E+04  -1.51154E+05
   1.07620E-02   4.18917E-03   9.27983E-01   1.56330E-03   5.55022E-02   1.81615E+04  -4.86809E+04  -4.14996E+04  -9.70913E+04  -1.51164E+05
   1.06620E-02   4.18959E-03   9.28077E-01   1.56346E-03   5.55078E-02   1.80820E+04  -4.86809E+04  -4.14980E+04  -9.70854E+04  -1.51175E+05
   1.05620E-02   4.19002E-03   9.28171E-01   1.56362E-03   5.55134E-02   1.80019E+04  -4.86809E+04  -4.14965E+04  -9.70794E+04  -1.51186E+05
   1.04620E-02   4.19044E-03   9.28265E-01   1.56378E-03   5.55190E-02   1.79210E+04  -4.86808E+04  -4.14950E+04  -9.70734E+04  -1.51196E+05
   1.03620E-02   4.19086E-03   9.28359E-01   1.56393E-03   5.55246E-02   1.78394E+04  -4.86808E+04  -4.14934E+04  -9.70675E+04  -1.51207E+05
   1.02620E-02   4.19129E-03   9.28452E-01   1.56409E-03   5.55302E-02   1.77570E+04  -4.86808E+04  -4.14919E+04  -9.70615E+04  -1.51217E+05
   1.01620E-02   4.19171E-03   9.28546E-01   1.56425E-03   5.55358E-02   1.76739E+04  -4.86807E+04  -4.14904E+04  -9.70556E+04  -1.51228E+05
   1.00620E-02   4.19213E-03   9.28640E-01   1.56441E-03   5.55415E-02   1.75900E+04  -4.86807E+04  -4.14888E+04  -9.70496E+04  -1.51238E+05
   9.96201E-03   4.19256E-03   9.28734E-01   1.56457E-03   5.55471E-02   1.75053E+04  -4.86806E+04  -4.14873E+04  -9.70437E+04  -1.51249E+05
   9.86201E-03   4.19298E-03   9.28828E-01   1.56473E-03   5.55527E-02   1.74198E+04  -4.86806E+04  -4.14858E+04  -9.70377E+04  -1.51260E+05
   9.76201E-03   4.19341E-03   9.28921E-01   1.56488E-03   5.55583E-02   1.73334E+04  -4.86806E+04  -4.14842E+04  -9.70318E+04  -1.51270E+05
   9.66201E-03   4.19383E-03   9.29015E-01   1.56504E-03   5.55639E-02   1.72462E+04  -4.86805E+04  -4.14827E+04  -9.70258E+04  -1.51281E+05
   9.56201E-03   4.19425E-03   9.29109E-01   1.56520E-03   5.55695E-02   1.71581E+04  -4.86805E+04  -4.14812E+04  -9.70199E+04  -1.51291E+05
   9.46201E-03   4.19468E-03   9.29203E-01   1.56536E-03   5.55751E-02   1.70692E+04  -4.86805E+04  -4.14796E+04  -9.70139E+04  -1.51302E+05
   9.36201E-03   4.19510E-03   9.29297E-01   1.56552E-03   5.55807E-02   1.69793E+04  -4.86805E+04  -4.14781E+04  -9.70080E+04  -1.51312E+05
   9.26201E-03   4.19552E-03   9.29390E-01   1.56567E-03   5.55863E-02   1.68885E+04  -4.86804E+04  -4.14766E+04  -9.70021E+04  -1.51323E+05
   9.16201E-03   4.19595E-03   9.29484E-01   1.56583E-03   5.55920E-02   1.67968E+04  -4.86804E+04  -4.14750E+04  -9.69961E+04  -1.51333E+05
   9.06201E-03   4.19637E-03   9.29578E-01   1.56599E-03   5.55976E-02   1.67041E+04  -4.86804E+04  -4.14735E+04  -9.69902E+04  -1.51344E+05
   8.96201E-03   4.19679E-03   9.29672E-01   1.56615E-03   5.56032E-02   1.66105E+04  -4.86804E+04  -4.14720E+04  -9.69843E+04  -1.51354E+05
   8.86201E-03   4.19722E-03   9.29766E-01   1.56631E-03   5.56088E-02   1.65158E+04  -4.86803E+04  -4.14705E+04  -9.69783E+04  -1.51365E+05
   8.76201E-03   4.19764E-03   9.29859E-01   1.56646E-03   5.56144E-02   1.64201E+04  -4.86803E+04  -4.14689E+04  -9.69724E+04  -1.51376E+05
   8.66201E-03   4.19806E-03   9.29953E-01   1.56662E-03   5.56200E-02   1.63233E+04  -4.86803E+04  -4.14674E+04  -9.69665E+04  -1.51386E+05
   8.56201E-03   4.19849E-03   9.30047E-01   1.56678E-03   5.56256E-02   1.62255E+04  -4.86803E+04  -4.14659E+04  -9.69605E+04  -1.51397E+05
   8.46201E-03   4.19891E-03   9.30141E-01   1.56694E-03   5.56312E-02   1.61265E+04  -4.86802E+04  -4.14643E+04  -9.69546E+04  -1.51407E+05
   8.36201E-03   4.19933E-03   9.30235E-01   1.56710E-03   5.56368E-02   1.60265E+04  -4.86802E+04  -4.14628E+04  -9.69487E+04  -1.51418E+05
   8.26201E-03   4.19976E-03   9.30329E-01   1.56725E-03   5.56424E-02   1.59252E+04  -4.86802E+04  -4.14613E+04  -9.69428E+04  -1.51428E+05
   8.16201E-03   4.20018E-03   9.30422E-01   1.56741E-03   5.56481E-02   1.58228E+04  -4.86802E+04  -4.14598E+04  -9.69369E+04  -1.51439E+05
   8.06201E-03   4.20060E-03   9.30516E-01   1.56757E-03   5.56537E-02   1.57192E+04  -4.86802E+04  -4.14583E+04  -9.69309E+04  -1.51449E+05
   7.96201E-03   4.20103E-03   9.30610E-01   1.56773E-03   5.56593E-02   1.56143E+04  -4.86801E+04  -4.14567E+04  -9.69250E+04  -1.51460E+05
   7.86201E-03   4.20145E-03   9.30704E-01   1.56789E-03   5.56649E-02   1.55082E+04  -4.86801E+04  -4.14552E+04  -9.69191E+04  -1.51470E+05
   7.76201E-03   4.20187E-03   9.30798E-01   1.56804E-03   5.56705E-02   1.54007E+04  -4.86801E+04  -4.14537E+04  -9.69132E+04  -1.51481E+05
   7.66201E-03   4.20230E-03   9.30891E-01   1.56820E-03   5.56761E-02   1.52919E+04  -4.86801E+04  -4.14522E+04  -9.69073E+04  -1.51491E+05
   7.56201E-03   4.20272E-03   9.30985E-01   1.56836E-03   5.56817E-02   1.51818E+04  -4.86801E+04  -4.14506E+04  -9.69014E+04  -1.51502E+05
   7.46201E-03   4.20315E-03   9.31079E-01   1.56852E-03   5.56873E-02   1.50702E+04  -4.86801E+04  -4.14491E+04  -9.68955E+04  -1.51512E+05
   7.36201E-03   4.20357E-03   9.31173E-01   1.56868E-03   5.56929E-02   1.49571E+04  -4.86801E+04  -4.14476E+04  -9.68896E+04  -1.51523E+05
   7.26201E-03   4.20399E-03   9.31267E-01   1.56883E-03   5.56986E-02   1.48426E+04  -4.86800E+04  -4.14461E+04  -9.68837E+04  -1.51533E+05
   7.16201E-03   4.20442E-03   9.31360E-01   1.56899E-03   5.57042E-02   1.47265E+04  -4.86800E+04  -4.14446E+04  -9.68778E+04  -1.51544E+05
   7.06201E-03   4.20484E-03   9.31454E-01   1.56915E-03   5.57098E-02   1.46089E+04  -4.86800E+04  -4.14431E+04  -9.68719E+04  -1.51554E+05
   6.96201E-03   4.20526E-03   9.31548E-01   1.56931E-03   5.57154E-02   1.44896E+04  -4.86800E+04  -4.14415E+04  -9.68660E+04  -1.51565E+05
   6.86201E-03   4.20569E-03   9.31642E-01   1.56947E-03   5.57210E-02   1.43687E+04  -4.86800E+04  -4.14400E+04  -9.68601E+04  -1.51576E+05
   6.76201E-03   4.20611E-03   9.31736E-01   1.56962E-03   5.57266E-02   1.42460E+04  -4.86800E+04  -4.14385E+04  -9.68542E+04  -1.51586E+05
   6.66201E-03   4.20653E-03   9.31829E-01   1.56978E-03   5.57322E-02   1.41216E+04  -4.86800E+04  -4.14370E+04  -9.68483E+04  -1.51597E+05
   6.56201E-03   4.20696E-03   9.31923E-01   1.56994E-03   5.57378E-02   1.39954E+04  -4.86800E+04  -4.14355E+04  -9.68424E+04  -1.51607E+05
   6.46201E-03   4.20738E-03   9.32017E-01   1.57010E-03   5.57434E-02   1.38672E+04  -4.86800E+04  -4.14340E+04  -9.68365E+04  -1.51618E+05
   6.36201E-03   4.20780E-03   9.32111E-01   1.57026E-03   5.57490E-02   1.37372E+04  -4.86800E+04  -4.14325E+04  -9.68306E+04  -1.51628E+05
   6.26201E-03   4.20823E-03   9.32205E-01   1.57041E-03   5.57547E-02   1.36051E+04  -4.86800E+04  -4.14309E+04  -9.68247E+04  -1.51639E+05
   6.16201E-03   4.20865E-03   9.32298E-01   1.57057E-03   5.57603E-02   1.34710E+04  -4.86800E+04  -4.14294E+04  -9.68189E+04  -1.51649E+05
   6.06201E-03   4.20907E-03   9.32392E-01   1.57073E-03   5.57659E-02   1.33347E+04  -4.86800E+04  -4.14279E+04  -9.68130E+04  -1.51660E+05
   5.96201E-03   4.20950E-03   9.32486E-01   1.57089E-03   5.57715E-02   1.31963E+04  -4.86800E+04  -4.14264E+04  -9.68071E+04  -1.51670E+05
   5.86201E-03   4.20992E-03   9.32580E-01   1.57105E-03   5.57771E-02   1.30556E+04  -4.86800E+04  -4.14249E+04  -9.68012E+04  -1.51681E+05
   5.76201E-03   4.21034E-03   9.32674E-01   1.57120E-03   5.57827E-02   1.29125E+04  -4.86800E+04  -4.14234E+04  -9.67953E+04  -1.51691E+05
   5.66201E-03   4.21077E-03   9.32768E-01   1.57136E-03   5.57883E-02   1.27670E+04  -4.86800E+04  -4.14219E+04  -9.67895E+04  -1.51702E+05
   5.56201E-03   4.21119E-03   9.32861E-01   1.57152E-03   5.57939E-02   1.26189E+04  -4.86800E+04  -4.14204E+04  -9.67836E+04  -1.51712E+05
   5.46201E-03   4.21161E-03   9.32955E-01   1.57168E-03   5.57995E-02   1.24682E+04  -4.86800E+04  -4.14189E+04  -9.67777E+04  -1.51722E+05
   5.36201E-03   4.21204E-03   9.33049E-01   1.57184E-03   5.58052E-02   1.23149E+04  -4.86800E+04  -4.14174E+04  -9.67719E+04  -1.51733E+05
   5.26201E-03   4.21246E-03   9.33143E-01   1.57199E-03   5.58108E-02   1.21587E+04  -4.86800E+04  -4.14158E+04  -9.67660E+04  -1.51743E+05
   5.16201E-03   4.21289E-03   9.33237E-01   1.57215E-03   5.58164E-02   1.19996E+04  -4.86800E+04  -4.14143E+04  -9.67601E+04  -1.51754E+05
   5.06201E-03   4.21331E-03   9.33330E-01   1.57231E-03   5.58220E-02   1.18374E+04  -4.86800E+04  -4.14128E+04  -9.67543E+04  -1.51764E+05
   4.96201E-03   4.21373E-03   9.33424E-01   1.57247E-03   5.58276E-02   1.16721E+04  -4.86800E+04  -4.14113E+04  -9.67484E+04  -1.51775E+05
   4.86201E-03   4.21416E-03   9.33518E-01   1.57263E-03   5.58332E-02   1.15036E+04  -4.86800E+04  -4.14098E+04  -9.67425E+04  -1.51785E+05
   4.76201E-03   4.21458E-03   9.33612E-01   1.57278E-03   5.58388E-02   1.13315E+04  -4.86801E+04  -4.14083E+04  -9.67367E+04  -1.51796E+05
   4.66201E-03   4.21500E-03   9.33706E-01   1.57294E-03   5.58444E-02   1.11560E+04  -4.86801E+04  -4.14068E+04  -9.67308E+04  -1.51806E+05
   4.56201E-03   4.21543E-03   9.33799E-01   1.57310E-03   5.58500E-02   1.09767E+04  -4.86801E+04  -4.14053E+04  -9.67250E+04  -1.51817E+05
   4.46201E-03   4.21585E-03   9.33893E-01   1.57326E-03   5.58557E-02   1.07935E+04  -4.86801E+04  -4.14038E+04  -9.67191E+04  -1.51827E+05
   4.36201E-03   4.21627E-03   9.33987E-01   1.57342E-03   5.58613E-02   1.06062E+04  -4.86801E+04  -4.14023E+04  -9.67133E+04  -1.51838E+05
   4.26201E-03   4.21670E-03   9.34081E-01   1.57357E-03   5.58669E-02   1.04147E+04  -4.86801E+04  -4.14008E+04  -9.67074E+04  -1.51848E+05
   4.16201E-03   4.21712E-03   9.34175E-01   1.57373E-03   5.58725E-02   1.02187E+04  -4.86801E+04  -4.13993E+04  -9.67016E+04  -1.51859E+05
   4.06201E-03   4.21754E-03   9.34268E-01   1.57389E-03   5.58781E-02   1.00181E+04  -4.86802E+04  -4.13978E+04  -9.66957E+04  -1.51869E+05
   3.96201E-03   4.21797E-03   9.34362E-01   1.57405E-03   5.58837E-02   9.81258E+03  -4.86802E+04  -4.13963E+04  -9.66899E+04  -1.51880E+05
   3.86201E-03   4.21839E-03   9.34456E-01   1.57421E-03   5.58893E-02   9.60188E+03  -4.86802E+04  -4.13948E+04  -9.66840E+04  -1.51890E+05
   3.76201E-03   4.21881E-03   9.34550E-01   1.57437E-03   5.58949E-02   9.38576E+03  -4.86802E+04  -4.13933E+04  -9.66782E+04  -1.51901E+05
   3.66201E-03   4.21924E-03   9.34644E-01   1.57452E-03   5.59005E-02   9.16393E+03  -4.86802E+04  -4.13918E+04  -9.66724E+04  -1.51911E+05
   3.56201E-03   4.21966E-03   9.34737E-01   1.57468E-03   5.59061E-02   8.93605E+03  -4.86803E+04  -4.13903E+04  -9.66665E+04  -1.51921E+05
   3.46201E-03   4.22008E-03   9.34831E-01   1.57484E-03   5.59118E-02   8.70180E+03  -4.86803E+04  -4.13888E+04  -9.66607E+04  -1.51932E+05
   3.36201E-03   4.22051E-03   9.34925E-01   1.57500E-03   5.59174E-02   8.46080E+03  -4.86803E+04  -4.13873E+04  -9.66548E+04  -1.51942E+05
   3.26201E-03   4.22093E-03   9.35019E-01   1.57516E-03   5.59230E-02   8.21263E+03  -4.86803E+04  -4.13858E+04  -9.66490E+04  -1.51953E+05
   3.16201E-03   4.22135E-03   9.35113E-01   1.57531E-03   5.59286E-02   7.95686E+03  -4.86803E+04  -4.13843E+04  -9.66432E+04  -1.51963E+05
   3.06201E-03   4.22178E-03   9.35207E-01   1.57547E-03   5.59342E-02   7.69299E+03  -4.86804E+04  -4.13829E+04  -9.66374E+04  -1.51974E+05
   2.96201E-03   4.22220E-03   9.35300E-01   1.57563E-03   5.59398E-02   7.42049E+03  -4.86804E+04  -4.13814E+04  -9.66315E+04  -1.51984E+05
   2.86201E-03   4.22262E-03   9.35394E-01   1.57579E-03   5.59454E-02   7.13876E+03  -4.86804E+04  -4.13799E+04  -9.66257E+04  -1.51995E+05
   2.76201E-03   4.22305E-03   9.35488E-01   1.57595E-03   5.59510E-02   6.84715E+03  -4.86805E+04  -4.13784E+04  -9.66199E+04  -1.52005E+05
   2.66201E-03   4.22347E-03   9.35582E-01   1.57610E-03   5.59566E-02   6.54492E+03  -4.86805E+04  -4.13769E+04  -9.66141E+04  -1.52016E+05
   2.56201E-03   4.22390E-03   9.35676E-01   1.57626E-03   5.59623E-02   6.23127E+03  -4.86805E+04  -4.13754E+04  -9.66082E+04  -1.52026E+05
   2.46201E-03   4.22432E-03   9.35769E-01   1.57642E-03   5.59679E-02   5.90528E+03  -4.86805E+04  -4.13739E+04  -9.66024E+04  -1.52036E+05
   2.36201E-03   4.22474E-03   9.35863E-01   1.57658E-03   5.59735E-02   5.56594E+03  -4.86806E+04  -4.13724E+04  -9.65966E+04  -1.52047E+05
   2.26201E-03   4.22517E-03   9.35957E-01   1.57674E-03   5.59791E-02   5.21208E+03  -4.86806E+04  -4.13709E+04  -9.65908E+04  -1.52057E+05
   2.16201E-03   4.22559E-03   9.36051E-01   1.57689E-03   5.59847E-02   4.84239E+03  -4.86806E+04  -4.13694E+04  -9.65850E+04  -1.52068E+05
   2.06201E-03   4.22601E-03   9.36145E-01   1.57705E-03   5.59903E-02   4.45537E+03  -4.86807E+04  -4.13680E+04  -9.65792E+04  -1.52078E+05
   1.96201E-03   4.22644E-03   9.36238E-01   1.57721E-03   5.59959E-02   4.04930E+03  -4.86807E+04  -4.13665E+04  -9.65734E+04  -1.52089E+05
   1.86201E-03   4.22686E-03   9.36332E-01   1.57737E-03   5.60015E-02   3.62219E+03  -4.86807E+04  -4.13650E+04  -9.65675E+04  -1.52099E+05
   1.76201E-03   4.22728E-03   9.36426E-01   1.57753E-03   5.60071E-02   3.17170E+03  -4.86808E+04  -4.13635E+04  -9.65617E+04  -1.52110E+05
   1.66201E-03   4.22771E-03   9.36520E-01   1.57768E-03   5.60127E-02   2.69512E+03  -4.86808E+04  -4.13620E+04  -9.65559E+04  -1.52120E+05
   1.56201E-03   4.22813E-03   9.36614E-01   1.57784E-03   5.60184E-02   2.18919E+03  -4.86809E+04  -4.13605E+04  -9.65501E+04  -1.52130E+05
   1.46201E-03   4.22855E-03   9.36707E-01   1.57800E-03   5.60240E-02   1.65002E+03  -4.86809E+04  -4.13590E+04  -9.65443E+04  -1.52141E+05
   1.36201E-03   4.22898E-03   9.36801E-01   1.57816E-03   5.60296E-02   1.07292E+03  -4.86809E+04  -4.13576E+04  -9.65385E+04  -1.52151E+05
   1.26201E-03   4.22940E-03   9.36895E-01   1.57832E-03   5.60352E-02   4.52082E+02  -4.86810E+04  -4.13561E+04  -9.65327E+04  -1.52162E+05
   1.16201E-03   4.22982E-03   9.36989E-01   1.57847E-03   5.60408E-02  -2.19719E+02  -4.86810E+04  -4.13546E+04  -9.65269E+04  -1.52172E+05
   1.06201E-03   4.23025E-03   9.37083E-01   1.57863E-03   5.60464E-02  -9.51665E+02  -4.86811E+04  -4.13531E+04  -9.65212E+04  -1.52182E+05
   9.62012E-04   4.23067E-03   9.37177E-01   1.57879E-03   5.60520E-02  -1.75567E+03  -4.86811E+04  -4.13516E+04  -9.65154E+04  -1.52193E+05
   8.62012E-04   4.23109E-03   9.37270E-01   1.57895E-03   5.60576E-02  -2.64758E+03  -4.86811E+04  -4.13501E+04  -9.65096E+04  -1.52203E+05
   7.62012E-04   4.23152E-03   9.37364E-01   1.57911E-03   5.60632E-02  -3.64912E+03  -4.86812E+04  -4.13487E+04  -9.65038E+04  -1.52214E+05
   6.62012E-04   4.23194E-03   9.37458E-01   1.57926E-03   5.60689E-02  -4.79121E+03  -4.86812E+04  -4.13472E+04  -9.64980E+04  -1.52224E+05
   5.62012E-04   4.23236E-03   9.37552E-01   1.57942E-03   5.60745E-02  -6.12007E+03  -4.86813E+04  -4.13457E+04  -9.64922E+04  -1.52235E+05
   4.62012E-04   4.23279E-03   9.37646E-01   1.57958E-03   5.60801E-02  -7.70924E+03  -4.86813E+04  -4.13442E+04  -9.64864E+04  -1.52245E+05
   3.62012E-04   4.23321E-03   9.37739E-01   1.57974E-03   5.60857E-02  -9.68663E+03  -4.86814E+04  -4.13428E+04  -9.64806E+04  -1.52255E+05
   2.62012E-04   4.23364E-03   9.37833E-01   1.57990E-03   5.60913E-02  -1.23063E+04  -4.86814E+04  -4.13413E+04  -9.64749E+04  -1.52266E+05
   1.62012E-04   4.23406E-03   9.37927E-01   1.58005E-03   5.60969E-02  -1.61997E+04  -4.86815E+04  -4.13398E+04  -9.64691E+04  -1.52276E+05
   6.20121E-05   4.23448E-03   9.38021E-01   1.58021E-03   5.61025E-02  -2.39739E+04  -4.86815E+04  -4.13383E+04  -9.64633E+04  -1.52287E+05
   1.00000E-06   4.23474E-03   9.38078E-01   1.58031E-03   5.61059E-02  -5.73716E+04  -4.86816E+04  -4.13374E+04  -9.64598E+04  -1.52293E+05
