
 Phase Region for:
     BCC_A2                        
 col-1=X(C), col-2=X(CU), col-3=X(FE), col-4=X(MN), col-5=X(SI), col-6=MU(C), col-7=MU(CU), col-8=MU(FE), col-9=MU(MN), col-10=MU(SI),
   2.88620E-02   4.11252E-03   9.11004E-01   1.53470E-03   5.44867E-02   1.67328E+04  -6.16061E+04  -4.86739E+04  -1.13926E+05  -1.55635E+05
   9.99900E-03   4.19240E-03   9.28699E-01   1.56451E-03   5.55450E-02   6.38684E+03  -6.16379E+04  -4.83578E+04  -1.12865E+05  -1.57574E+05

 Phase Region for:
     BCC_A2                        
 col-1=X(C), col-2=X(CU), col-3=X(FE), col-4=X(MN), col-5=X(SI), col-6=MU(C), col-7=MU(CU), col-8=MU(FE), col-9=MU(MN), col-10=MU(SI),
   2.88620E-02   4.11252E-03   9.11004E-01   1.53470E-03   5.44867E-02   1.67328E+04  -6.16061E+04  -4.86739E+04  -1.13926E+05  -1.55635E+05
   2.87620E-02   4.11295E-03   9.11098E-01   1.53486E-03   5.44923E-02   1.66971E+04  -6.16062E+04  -4.86722E+04  -1.13920E+05  -1.55646E+05
   2.86620E-02   4.11337E-03   9.11192E-01   1.53502E-03   5.44979E-02   1.66612E+04  -6.16063E+04  -4.86705E+04  -1.13914E+05  -1.55656E+05
   2.85620E-02   4.11379E-03   9.11286E-01   1.53517E-03   5.45035E-02   1.66252E+04  -6.16063E+04  -4.86687E+04  -1.13909E+05  -1.55666E+05
   2.84620E-02   4.11422E-03   9.11379E-01   1.53533E-03   5.45091E-02   1.65891E+04  -6.16064E+04  -4.86670E+04  -1.13903E+05  -1.55677E+05
   2.83620E-02   4.11464E-03   9.11473E-01   1.53549E-03   5.45147E-02   1.65529E+04  -6.16065E+04  -4.86652E+04  -1.13897E+05  -1.55687E+05
   2.82620E-02   4.11506E-03   9.11567E-01   1.53565E-03   5.45203E-02   1.65166E+04  -6.16066E+04  -4.86635E+04  -1.13891E+05  -1.55698E+05
   2.81620E-02   4.11549E-03   9.11661E-01   1.53581E-03   5.45259E-02   1.64802E+04  -6.16066E+04  -4.86618E+04  -1.13885E+05  -1.55708E+05
   2.80620E-02   4.11591E-03   9.11755E-01   1.53596E-03   5.45315E-02   1.64437E+04  -6.16067E+04  -4.86600E+04  -1.13880E+05  -1.55718E+05
   2.79620E-02   4.11633E-03   9.11848E-01   1.53612E-03   5.45372E-02   1.64071E+04  -6.16068E+04  -4.86583E+04  -1.13874E+05  -1.55729E+05
   2.78620E-02   4.11676E-03   9.11942E-01   1.53628E-03   5.45428E-02   1.63703E+04  -6.16069E+04  -4.86565E+04  -1.13868E+05  -1.55739E+05
   2.77620E-02   4.11718E-03   9.12036E-01   1.53644E-03   5.45484E-02   1.63335E+04  -6.16070E+04  -4.86548E+04  -1.13862E+05  -1.55750E+05
   2.76620E-02   4.11760E-03   9.12130E-01   1.53660E-03   5.45540E-02   1.62965E+04  -6.16070E+04  -4.86531E+04  -1.13857E+05  -1.55760E+05
   2.75620E-02   4.11803E-03   9.12224E-01   1.53675E-03   5.45596E-02   1.62594E+04  -6.16071E+04  -4.86513E+04  -1.13851E+05  -1.55770E+05
   2.74620E-02   4.11845E-03   9.12317E-01   1.53691E-03   5.45652E-02   1.62222E+04  -6.16072E+04  -4.86496E+04  -1.13845E+05  -1.55781E+05
   2.73620E-02   4.11887E-03   9.12411E-01   1.53707E-03   5.45708E-02   1.61849E+04  -6.16073E+04  -4.86479E+04  -1.13839E+05  -1.55791E+05
   2.72620E-02   4.11930E-03   9.12505E-01   1.53723E-03   5.45764E-02   1.61474E+04  -6.16074E+04  -4.86461E+04  -1.13833E+05  -1.55801E+05
   2.71620E-02   4.11972E-03   9.12599E-01   1.53739E-03   5.45820E-02   1.61099E+04  -6.16075E+04  -4.86444E+04  -1.13828E+05  -1.55812E+05
   2.70620E-02   4.12014E-03   9.12693E-01   1.53754E-03   5.45877E-02   1.60722E+04  -6.16076E+04  -4.86427E+04  -1.13822E+05  -1.55822E+05
   2.69620E-02   4.12057E-03   9.12786E-01   1.53770E-03   5.45933E-02   1.60344E+04  -6.16077E+04  -4.86409E+04  -1.13816E+05  -1.55833E+05
   2.68620E-02   4.12099E-03   9.12880E-01   1.53786E-03   5.45989E-02   1.59964E+04  -6.16078E+04  -4.86392E+04  -1.13810E+05  -1.55843E+05
   2.67620E-02   4.12141E-03   9.12974E-01   1.53802E-03   5.46045E-02   1.59584E+04  -6.16078E+04  -4.86375E+04  -1.13805E+05  -1.55853E+05
   2.66620E-02   4.12184E-03   9.13068E-01   1.53818E-03   5.46101E-02   1.59202E+04  -6.16079E+04  -4.86358E+04  -1.13799E+05  -1.55864E+05
   2.65620E-02   4.12226E-03   9.13162E-01   1.53833E-03   5.46157E-02   1.58819E+04  -6.16080E+04  -4.86340E+04  -1.13793E+05  -1.55874E+05
   2.64620E-02   4.12268E-03   9.13255E-01   1.53849E-03   5.46213E-02   1.58435E+04  -6.16081E+04  -4.86323E+04  -1.13787E+05  -1.55885E+05
   2.63620E-02   4.12311E-03   9.13349E-01   1.53865E-03   5.46269E-02   1.58050E+04  -6.16082E+04  -4.86306E+04  -1.13782E+05  -1.55895E+05
   2.62620E-02   4.12353E-03   9.13443E-01   1.53881E-03   5.46325E-02   1.57663E+04  -6.16083E+04  -4.86289E+04  -1.13776E+05  -1.55905E+05
   2.61620E-02   4.12396E-03   9.13537E-01   1.53897E-03   5.46382E-02   1.57275E+04  -6.16084E+04  -4.86271E+04  -1.13770E+05  -1.55916E+05
   2.60620E-02   4.12438E-03   9.13631E-01   1.53912E-03   5.46438E-02   1.56885E+04  -6.16085E+04  -4.86254E+04  -1.13764E+05  -1.55926E+05
   2.59620E-02   4.12480E-03   9.13725E-01   1.53928E-03   5.46494E-02   1.56495E+04  -6.16086E+04  -4.86237E+04  -1.13759E+05  -1.55936E+05
   2.58620E-02   4.12523E-03   9.13818E-01   1.53944E-03   5.46550E-02   1.56103E+04  -6.16087E+04  -4.86220E+04  -1.13753E+05  -1.55947E+05
   2.57620E-02   4.12565E-03   9.13912E-01   1.53960E-03   5.46606E-02   1.55709E+04  -6.16088E+04  -4.86202E+04  -1.13747E+05  -1.55957E+05
   2.56620E-02   4.12607E-03   9.14006E-01   1.53976E-03   5.46662E-02   1.55315E+04  -6.16089E+04  -4.86185E+04  -1.13741E+05  -1.55967E+05
   2.55620E-02   4.12650E-03   9.14100E-01   1.53991E-03   5.46718E-02   1.54919E+04  -6.16090E+04  -4.86168E+04  -1.13736E+05  -1.55978E+05
   2.54620E-02   4.12692E-03   9.14194E-01   1.54007E-03   5.46774E-02   1.54522E+04  -6.16092E+04  -4.86151E+04  -1.13730E+05  -1.55988E+05
   2.53620E-02   4.12734E-03   9.14287E-01   1.54023E-03   5.46830E-02   1.54123E+04  -6.16093E+04  -4.86134E+04  -1.13724E+05  -1.55999E+05
   2.52620E-02   4.12777E-03   9.14381E-01   1.54039E-03   5.46886E-02   1.53723E+04  -6.16094E+04  -4.86116E+04  -1.13718E+05  -1.56009E+05
   2.51620E-02   4.12819E-03   9.14475E-01   1.54055E-03   5.46943E-02   1.53321E+04  -6.16095E+04  -4.86099E+04  -1.13713E+05  -1.56019E+05
   2.50620E-02   4.12861E-03   9.14569E-01   1.54070E-03   5.46999E-02   1.52918E+04  -6.16096E+04  -4.86082E+04  -1.13707E+05  -1.56030E+05
   2.49620E-02   4.12904E-03   9.14663E-01   1.54086E-03   5.47055E-02   1.52514E+04  -6.16097E+04  -4.86065E+04  -1.13701E+05  -1.56040E+05
   2.48620E-02   4.12946E-03   9.14756E-01   1.54102E-03   5.47111E-02   1.52108E+04  -6.16098E+04  -4.86048E+04  -1.13695E+05  -1.56050E+05
   2.47620E-02   4.12988E-03   9.14850E-01   1.54118E-03   5.47167E-02   1.51701E+04  -6.16099E+04  -4.86031E+04  -1.13690E+05  -1.56061E+05
   2.46620E-02   4.13031E-03   9.14944E-01   1.54134E-03   5.47223E-02   1.51293E+04  -6.16100E+04  -4.86013E+04  -1.13684E+05  -1.56071E+05
   2.45620E-02   4.13073E-03   9.15038E-01   1.54149E-03   5.47279E-02   1.50883E+04  -6.16102E+04  -4.85996E+04  -1.13678E+05  -1.56081E+05
   2.44620E-02   4.13115E-03   9.15132E-01   1.54165E-03   5.47335E-02   1.50471E+04  -6.16103E+04  -4.85979E+04  -1.13673E+05  -1.56092E+05
   2.43620E-02   4.13158E-03   9.15225E-01   1.54181E-03   5.47391E-02   1.50058E+04  -6.16104E+04  -4.85962E+04  -1.13667E+05  -1.56102E+05
   2.42620E-02   4.13200E-03   9.15319E-01   1.54197E-03   5.47448E-02   1.49644E+04  -6.16105E+04  -4.85945E+04  -1.13661E+05  -1.56112E+05
   2.41620E-02   4.13242E-03   9.15413E-01   1.54213E-03   5.47504E-02   1.49228E+04  -6.16106E+04  -4.85928E+04  -1.13655E+05  -1.56123E+05
   2.40620E-02   4.13285E-03   9.15507E-01   1.54228E-03   5.47560E-02   1.48810E+04  -6.16108E+04  -4.85911E+04  -1.13650E+05  -1.56133E+05
   2.39620E-02   4.13327E-03   9.15601E-01   1.54244E-03   5.47616E-02   1.48391E+04  -6.16109E+04  -4.85894E+04  -1.13644E+05  -1.56143E+05
   2.38620E-02   4.13370E-03   9.15694E-01   1.54260E-03   5.47672E-02   1.47971E+04  -6.16110E+04  -4.85877E+04  -1.13638E+05  -1.56154E+05
   2.37620E-02   4.13412E-03   9.15788E-01   1.54276E-03   5.47728E-02   1.47548E+04  -6.16111E+04  -4.85860E+04  -1.13633E+05  -1.56164E+05
   2.36620E-02   4.13454E-03   9.15882E-01   1.54292E-03   5.47784E-02   1.47125E+04  -6.16113E+04  -4.85843E+04  -1.13627E+05  -1.56174E+05
   2.35620E-02   4.13497E-03   9.15976E-01   1.54307E-03   5.47840E-02   1.46699E+04  -6.16114E+04  -4.85825E+04  -1.13621E+05  -1.56185E+05
   2.34620E-02   4.13539E-03   9.16070E-01   1.54323E-03   5.47896E-02   1.46272E+04  -6.16115E+04  -4.85808E+04  -1.13615E+05  -1.56195E+05
   2.33620E-02   4.13581E-03   9.16164E-01   1.54339E-03   5.47952E-02   1.45844E+04  -6.16116E+04  -4.85791E+04  -1.13610E+05  -1.56205E+05
   2.32620E-02   4.13624E-03   9.16257E-01   1.54355E-03   5.48009E-02   1.45414E+04  -6.16118E+04  -4.85774E+04  -1.13604E+05  -1.56216E+05
   2.31620E-02   4.13666E-03   9.16351E-01   1.54371E-03   5.48065E-02   1.44982E+04  -6.16119E+04  -4.85757E+04  -1.13598E+05  -1.56226E+05
   2.30620E-02   4.13708E-03   9.16445E-01   1.54387E-03   5.48121E-02   1.44549E+04  -6.16120E+04  -4.85740E+04  -1.13593E+05  -1.56236E+05
   2.29620E-02   4.13751E-03   9.16539E-01   1.54402E-03   5.48177E-02   1.44113E+04  -6.16122E+04  -4.85723E+04  -1.13587E+05  -1.56247E+05
   2.28620E-02   4.13793E-03   9.16633E-01   1.54418E-03   5.48233E-02   1.43677E+04  -6.16123E+04  -4.85706E+04  -1.13581E+05  -1.56257E+05
   2.27620E-02   4.13835E-03   9.16726E-01   1.54434E-03   5.48289E-02   1.43238E+04  -6.16124E+04  -4.85689E+04  -1.13576E+05  -1.56267E+05
   2.26620E-02   4.13878E-03   9.16820E-01   1.54450E-03   5.48345E-02   1.42798E+04  -6.16126E+04  -4.85672E+04  -1.13570E+05  -1.56278E+05
   2.25620E-02   4.13920E-03   9.16914E-01   1.54466E-03   5.48401E-02   1.42356E+04  -6.16127E+04  -4.85655E+04  -1.13564E+05  -1.56288E+05
   2.24620E-02   4.13962E-03   9.17008E-01   1.54481E-03   5.48457E-02   1.41912E+04  -6.16129E+04  -4.85638E+04  -1.13559E+05  -1.56298E+05
   2.23620E-02   4.14005E-03   9.17102E-01   1.54497E-03   5.48514E-02   1.41467E+04  -6.16130E+04  -4.85621E+04  -1.13553E+05  -1.56309E+05
   2.22620E-02   4.14047E-03   9.17195E-01   1.54513E-03   5.48570E-02   1.41020E+04  -6.16131E+04  -4.85604E+04  -1.13547E+05  -1.56319E+05
   2.21620E-02   4.14089E-03   9.17289E-01   1.54529E-03   5.48626E-02   1.40571E+04  -6.16133E+04  -4.85587E+04  -1.13542E+05  -1.56329E+05
   2.20620E-02   4.14132E-03   9.17383E-01   1.54545E-03   5.48682E-02   1.40120E+04  -6.16134E+04  -4.85571E+04  -1.13536E+05  -1.56340E+05
   2.19620E-02   4.14174E-03   9.17477E-01   1.54560E-03   5.48738E-02   1.39667E+04  -6.16136E+04  -4.85554E+04  -1.13530E+05  -1.56350E+05
   2.18620E-02   4.14216E-03   9.17571E-01   1.54576E-03   5.48794E-02   1.39213E+04  -6.16137E+04  -4.85537E+04  -1.13525E+05  -1.56360E+05
   2.17620E-02   4.14259E-03   9.17664E-01   1.54592E-03   5.48850E-02   1.38757E+04  -6.16138E+04  -4.85520E+04  -1.13519E+05  -1.56371E+05
   2.16620E-02   4.14301E-03   9.17758E-01   1.54608E-03   5.48906E-02   1.38298E+04  -6.16140E+04  -4.85503E+04  -1.13513E+05  -1.56381E+05
   2.15620E-02   4.14344E-03   9.17852E-01   1.54624E-03   5.48962E-02   1.37838E+04  -6.16141E+04  -4.85486E+04  -1.13508E+05  -1.56391E+05
   2.14620E-02   4.14386E-03   9.17946E-01   1.54639E-03   5.49018E-02   1.37376E+04  -6.16143E+04  -4.85469E+04  -1.13502E+05  -1.56402E+05
   2.13620E-02   4.14428E-03   9.18040E-01   1.54655E-03   5.49075E-02   1.36912E+04  -6.16144E+04  -4.85452E+04  -1.13496E+05  -1.56412E+05
   2.12620E-02   4.14471E-03   9.18134E-01   1.54671E-03   5.49131E-02   1.36446E+04  -6.16146E+04  -4.85435E+04  -1.13491E+05  -1.56422E+05
   2.11620E-02   4.14513E-03   9.18227E-01   1.54687E-03   5.49187E-02   1.35979E+04  -6.16147E+04  -4.85418E+04  -1.13485E+05  -1.56432E+05
   2.10620E-02   4.14555E-03   9.18321E-01   1.54703E-03   5.49243E-02   1.35509E+04  -6.16149E+04  -4.85401E+04  -1.13479E+05  -1.56443E+05
   2.09620E-02   4.14598E-03   9.18415E-01   1.54718E-03   5.49299E-02   1.35037E+04  -6.16150E+04  -4.85385E+04  -1.13474E+05  -1.56453E+05
   2.08620E-02   4.14640E-03   9.18509E-01   1.54734E-03   5.49355E-02   1.34563E+04  -6.16152E+04  -4.85368E+04  -1.13468E+05  -1.56463E+05
   2.07620E-02   4.14682E-03   9.18603E-01   1.54750E-03   5.49411E-02   1.34087E+04  -6.16154E+04  -4.85351E+04  -1.13462E+05  -1.56474E+05
   2.06620E-02   4.14725E-03   9.18696E-01   1.54766E-03   5.49467E-02   1.33609E+04  -6.16155E+04  -4.85334E+04  -1.13457E+05  -1.56484E+05
   2.05620E-02   4.14767E-03   9.18790E-01   1.54782E-03   5.49523E-02   1.33129E+04  -6.16157E+04  -4.85317E+04  -1.13451E+05  -1.56494E+05
   2.04620E-02   4.14809E-03   9.18884E-01   1.54797E-03   5.49580E-02   1.32647E+04  -6.16158E+04  -4.85300E+04  -1.13445E+05  -1.56505E+05
   2.03620E-02   4.14852E-03   9.18978E-01   1.54813E-03   5.49636E-02   1.32163E+04  -6.16160E+04  -4.85284E+04  -1.13440E+05  -1.56515E+05
   2.02620E-02   4.14894E-03   9.19072E-01   1.54829E-03   5.49692E-02   1.31676E+04  -6.16162E+04  -4.85267E+04  -1.13434E+05  -1.56525E+05
   2.01620E-02   4.14936E-03   9.19165E-01   1.54845E-03   5.49748E-02   1.31188E+04  -6.16163E+04  -4.85250E+04  -1.13428E+05  -1.56535E+05
   2.00620E-02   4.14979E-03   9.19259E-01   1.54861E-03   5.49804E-02   1.30697E+04  -6.16165E+04  -4.85233E+04  -1.13423E+05  -1.56546E+05
   1.99620E-02   4.15021E-03   9.19353E-01   1.54876E-03   5.49860E-02   1.30204E+04  -6.16166E+04  -4.85216E+04  -1.13417E+05  -1.56556E+05
   1.98620E-02   4.15063E-03   9.19447E-01   1.54892E-03   5.49916E-02   1.29709E+04  -6.16168E+04  -4.85200E+04  -1.13412E+05  -1.56566E+05
   1.97620E-02   4.15106E-03   9.19541E-01   1.54908E-03   5.49972E-02   1.29211E+04  -6.16170E+04  -4.85183E+04  -1.13406E+05  -1.56577E+05
   1.96620E-02   4.15148E-03   9.19634E-01   1.54924E-03   5.50028E-02   1.28712E+04  -6.16171E+04  -4.85166E+04  -1.13400E+05  -1.56587E+05
   1.95620E-02   4.15190E-03   9.19728E-01   1.54940E-03   5.50085E-02   1.28210E+04  -6.16173E+04  -4.85149E+04  -1.13395E+05  -1.56597E+05
   1.94620E-02   4.15233E-03   9.19822E-01   1.54955E-03   5.50141E-02   1.27705E+04  -6.16175E+04  -4.85132E+04  -1.13389E+05  -1.56607E+05
   1.93620E-02   4.15275E-03   9.19916E-01   1.54971E-03   5.50197E-02   1.27199E+04  -6.16176E+04  -4.85116E+04  -1.13383E+05  -1.56618E+05
   1.92620E-02   4.15318E-03   9.20010E-01   1.54987E-03   5.50253E-02   1.26689E+04  -6.16178E+04  -4.85099E+04  -1.13378E+05  -1.56628E+05
   1.91620E-02   4.15360E-03   9.20103E-01   1.55003E-03   5.50309E-02   1.26178E+04  -6.16180E+04  -4.85082E+04  -1.13372E+05  -1.56638E+05
   1.90620E-02   4.15402E-03   9.20197E-01   1.55019E-03   5.50365E-02   1.25664E+04  -6.16182E+04  -4.85065E+04  -1.13367E+05  -1.56648E+05
   1.89620E-02   4.15445E-03   9.20291E-01   1.55034E-03   5.50421E-02   1.25148E+04  -6.16183E+04  -4.85049E+04  -1.13361E+05  -1.56659E+05
   1.88620E-02   4.15487E-03   9.20385E-01   1.55050E-03   5.50477E-02   1.24629E+04  -6.16185E+04  -4.85032E+04  -1.13355E+05  -1.56669E+05
   1.87620E-02   4.15529E-03   9.20479E-01   1.55066E-03   5.50533E-02   1.24108E+04  -6.16187E+04  -4.85015E+04  -1.13350E+05  -1.56679E+05
   1.86620E-02   4.15572E-03   9.20573E-01   1.55082E-03   5.50589E-02   1.23584E+04  -6.16189E+04  -4.84999E+04  -1.13344E+05  -1.56690E+05
   1.85620E-02   4.15614E-03   9.20666E-01   1.55098E-03   5.50646E-02   1.23057E+04  -6.16190E+04  -4.84982E+04  -1.13338E+05  -1.56700E+05
   1.84620E-02   4.15656E-03   9.20760E-01   1.55113E-03   5.50702E-02   1.22529E+04  -6.16192E+04  -4.84965E+04  -1.13333E+05  -1.56710E+05
   1.83620E-02   4.15699E-03   9.20854E-01   1.55129E-03   5.50758E-02   1.21997E+04  -6.16194E+04  -4.84949E+04  -1.13327E+05  -1.56720E+05
   1.82620E-02   4.15741E-03   9.20948E-01   1.55145E-03   5.50814E-02   1.21463E+04  -6.16196E+04  -4.84932E+04  -1.13322E+05  -1.56731E+05
   1.81620E-02   4.15783E-03   9.21042E-01   1.55161E-03   5.50870E-02   1.20926E+04  -6.16198E+04  -4.84915E+04  -1.13316E+05  -1.56741E+05
   1.80620E-02   4.15826E-03   9.21135E-01   1.55177E-03   5.50926E-02   1.20386E+04  -6.16199E+04  -4.84899E+04  -1.13310E+05  -1.56751E+05
   1.79620E-02   4.15868E-03   9.21229E-01   1.55192E-03   5.50982E-02   1.19844E+04  -6.16201E+04  -4.84882E+04  -1.13305E+05  -1.56761E+05
   1.78620E-02   4.15910E-03   9.21323E-01   1.55208E-03   5.51038E-02   1.19299E+04  -6.16203E+04  -4.84865E+04  -1.13299E+05  -1.56772E+05
   1.77620E-02   4.15953E-03   9.21417E-01   1.55224E-03   5.51094E-02   1.18751E+04  -6.16205E+04  -4.84849E+04  -1.13294E+05  -1.56782E+05
   1.76620E-02   4.15995E-03   9.21511E-01   1.55240E-03   5.51151E-02   1.18200E+04  -6.16207E+04  -4.84832E+04  -1.13288E+05  -1.56792E+05
   1.75620E-02   4.16037E-03   9.21604E-01   1.55256E-03   5.51207E-02   1.17647E+04  -6.16209E+04  -4.84815E+04  -1.13283E+05  -1.56802E+05
   1.74620E-02   4.16080E-03   9.21698E-01   1.55271E-03   5.51263E-02   1.17091E+04  -6.16211E+04  -4.84799E+04  -1.13277E+05  -1.56813E+05
   1.73620E-02   4.16122E-03   9.21792E-01   1.55287E-03   5.51319E-02   1.16531E+04  -6.16213E+04  -4.84782E+04  -1.13271E+05  -1.56823E+05
   1.72620E-02   4.16164E-03   9.21886E-01   1.55303E-03   5.51375E-02   1.15969E+04  -6.16214E+04  -4.84765E+04  -1.13266E+05  -1.56833E+05
   1.71620E-02   4.16207E-03   9.21980E-01   1.55319E-03   5.51431E-02   1.15404E+04  -6.16216E+04  -4.84749E+04  -1.13260E+05  -1.56843E+05
   1.70620E-02   4.16249E-03   9.22073E-01   1.55335E-03   5.51487E-02   1.14835E+04  -6.16218E+04  -4.84732E+04  -1.13255E+05  -1.56854E+05
   1.69620E-02   4.16292E-03   9.22167E-01   1.55350E-03   5.51543E-02   1.14264E+04  -6.16220E+04  -4.84716E+04  -1.13249E+05  -1.56864E+05
   1.68620E-02   4.16334E-03   9.22261E-01   1.55366E-03   5.51599E-02   1.13690E+04  -6.16222E+04  -4.84699E+04  -1.13243E+05  -1.56874E+05
   1.67620E-02   4.16376E-03   9.22355E-01   1.55382E-03   5.51655E-02   1.13112E+04  -6.16224E+04  -4.84683E+04  -1.13238E+05  -1.56884E+05
   1.66620E-02   4.16419E-03   9.22449E-01   1.55398E-03   5.51712E-02   1.12531E+04  -6.16226E+04  -4.84666E+04  -1.13232E+05  -1.56895E+05
   1.65620E-02   4.16461E-03   9.22542E-01   1.55414E-03   5.51768E-02   1.11947E+04  -6.16228E+04  -4.84649E+04  -1.13227E+05  -1.56905E+05
   1.64620E-02   4.16503E-03   9.22636E-01   1.55430E-03   5.51824E-02   1.11360E+04  -6.16230E+04  -4.84633E+04  -1.13221E+05  -1.56915E+05
   1.63620E-02   4.16546E-03   9.22730E-01   1.55445E-03   5.51880E-02   1.10770E+04  -6.16232E+04  -4.84616E+04  -1.13216E+05  -1.56925E+05
   1.62620E-02   4.16588E-03   9.22824E-01   1.55461E-03   5.51936E-02   1.10176E+04  -6.16234E+04  -4.84600E+04  -1.13210E+05  -1.56936E+05
   1.61620E-02   4.16630E-03   9.22918E-01   1.55477E-03   5.51992E-02   1.09579E+04  -6.16236E+04  -4.84583E+04  -1.13204E+05  -1.56946E+05
   1.60620E-02   4.16673E-03   9.23012E-01   1.55493E-03   5.52048E-02   1.08978E+04  -6.16238E+04  -4.84567E+04  -1.13199E+05  -1.56956E+05
   1.59620E-02   4.16715E-03   9.23105E-01   1.55509E-03   5.52104E-02   1.08374E+04  -6.16240E+04  -4.84550E+04  -1.13193E+05  -1.56966E+05
   1.58620E-02   4.16757E-03   9.23199E-01   1.55524E-03   5.52160E-02   1.07767E+04  -6.16242E+04  -4.84534E+04  -1.13188E+05  -1.56977E+05
   1.57620E-02   4.16800E-03   9.23293E-01   1.55540E-03   5.52217E-02   1.07156E+04  -6.16244E+04  -4.84517E+04  -1.13182E+05  -1.56987E+05
   1.56620E-02   4.16842E-03   9.23387E-01   1.55556E-03   5.52273E-02   1.06541E+04  -6.16246E+04  -4.84501E+04  -1.13177E+05  -1.56997E+05
   1.55620E-02   4.16884E-03   9.23481E-01   1.55572E-03   5.52329E-02   1.05923E+04  -6.16248E+04  -4.84484E+04  -1.13171E+05  -1.57007E+05
   1.54620E-02   4.16927E-03   9.23574E-01   1.55588E-03   5.52385E-02   1.05301E+04  -6.16251E+04  -4.84468E+04  -1.13166E+05  -1.57017E+05
   1.53620E-02   4.16969E-03   9.23668E-01   1.55603E-03   5.52441E-02   1.04675E+04  -6.16253E+04  -4.84451E+04  -1.13160E+05  -1.57028E+05
   1.52620E-02   4.17011E-03   9.23762E-01   1.55619E-03   5.52497E-02   1.04046E+04  -6.16255E+04  -4.84435E+04  -1.13155E+05  -1.57038E+05
   1.51620E-02   4.17054E-03   9.23856E-01   1.55635E-03   5.52553E-02   1.03413E+04  -6.16257E+04  -4.84418E+04  -1.13149E+05  -1.57048E+05
   1.50620E-02   4.17096E-03   9.23950E-01   1.55651E-03   5.52609E-02   1.02776E+04  -6.16259E+04  -4.84402E+04  -1.13143E+05  -1.57058E+05
   1.49620E-02   4.17138E-03   9.24043E-01   1.55667E-03   5.52665E-02   1.02135E+04  -6.16261E+04  -4.84386E+04  -1.13138E+05  -1.57069E+05
   1.48620E-02   4.17181E-03   9.24137E-01   1.55682E-03   5.52721E-02   1.01490E+04  -6.16263E+04  -4.84369E+04  -1.13132E+05  -1.57079E+05
   1.47620E-02   4.17223E-03   9.24231E-01   1.55698E-03   5.52778E-02   1.00841E+04  -6.16265E+04  -4.84353E+04  -1.13127E+05  -1.57089E+05
   1.46620E-02   4.17265E-03   9.24325E-01   1.55714E-03   5.52834E-02   1.00187E+04  -6.16268E+04  -4.84336E+04  -1.13121E+05  -1.57099E+05
   1.45620E-02   4.17308E-03   9.24419E-01   1.55730E-03   5.52890E-02   9.95301E+03  -6.16270E+04  -4.84320E+04  -1.13116E+05  -1.57109E+05
   1.44620E-02   4.17350E-03   9.24512E-01   1.55746E-03   5.52946E-02   9.88686E+03  -6.16272E+04  -4.84303E+04  -1.13110E+05  -1.57120E+05
   1.43620E-02   4.17393E-03   9.24606E-01   1.55761E-03   5.53002E-02   9.82029E+03  -6.16274E+04  -4.84287E+04  -1.13105E+05  -1.57130E+05
   1.42620E-02   4.17435E-03   9.24700E-01   1.55777E-03   5.53058E-02   9.75329E+03  -6.16276E+04  -4.84271E+04  -1.13099E+05  -1.57140E+05
   1.41620E-02   4.17477E-03   9.24794E-01   1.55793E-03   5.53114E-02   9.68584E+03  -6.16279E+04  -4.84254E+04  -1.13094E+05  -1.57150E+05
   1.40620E-02   4.17520E-03   9.24888E-01   1.55809E-03   5.53170E-02   9.61796E+03  -6.16281E+04  -4.84238E+04  -1.13088E+05  -1.57161E+05
   1.39620E-02   4.17562E-03   9.24981E-01   1.55825E-03   5.53226E-02   9.54962E+03  -6.16283E+04  -4.84221E+04  -1.13083E+05  -1.57171E+05
   1.38620E-02   4.17604E-03   9.25075E-01   1.55840E-03   5.53283E-02   9.48083E+03  -6.16285E+04  -4.84205E+04  -1.13077E+05  -1.57181E+05
   1.37620E-02   4.17647E-03   9.25169E-01   1.55856E-03   5.53339E-02   9.41157E+03  -6.16288E+04  -4.84189E+04  -1.13072E+05  -1.57191E+05
   1.36620E-02   4.17689E-03   9.25263E-01   1.55872E-03   5.53395E-02   9.34184E+03  -6.16290E+04  -4.84172E+04  -1.13066E+05  -1.57201E+05
   1.35620E-02   4.17731E-03   9.25357E-01   1.55888E-03   5.53451E-02   9.27164E+03  -6.16292E+04  -4.84156E+04  -1.13061E+05  -1.57212E+05
   1.34620E-02   4.17774E-03   9.25451E-01   1.55904E-03   5.53507E-02   9.20095E+03  -6.16294E+04  -4.84140E+04  -1.13055E+05  -1.57222E+05
   1.33620E-02   4.17816E-03   9.25544E-01   1.55919E-03   5.53563E-02   9.12977E+03  -6.16297E+04  -4.84123E+04  -1.13050E+05  -1.57232E+05
   1.32620E-02   4.17858E-03   9.25638E-01   1.55935E-03   5.53619E-02   9.05809E+03  -6.16299E+04  -4.84107E+04  -1.13044E+05  -1.57242E+05
   1.31620E-02   4.17901E-03   9.25732E-01   1.55951E-03   5.53675E-02   8.98590E+03  -6.16301E+04  -4.84091E+04  -1.13039E+05  -1.57252E+05
   1.30620E-02   4.17943E-03   9.25826E-01   1.55967E-03   5.53731E-02   8.91320E+03  -6.16304E+04  -4.84074E+04  -1.13033E+05  -1.57263E+05
   1.29620E-02   4.17985E-03   9.25920E-01   1.55983E-03   5.53788E-02   8.83998E+03  -6.16306E+04  -4.84058E+04  -1.13028E+05  -1.57273E+05
   1.28620E-02   4.18028E-03   9.26013E-01   1.55998E-03   5.53844E-02   8.76623E+03  -6.16308E+04  -4.84042E+04  -1.13022E+05  -1.57283E+05
   1.27620E-02   4.18070E-03   9.26107E-01   1.56014E-03   5.53900E-02   8.69194E+03  -6.16311E+04  -4.84026E+04  -1.13017E+05  -1.57293E+05
   1.26620E-02   4.18112E-03   9.26201E-01   1.56030E-03   5.53956E-02   8.61710E+03  -6.16313E+04  -4.84009E+04  -1.13011E+05  -1.57303E+05
   1.25620E-02   4.18155E-03   9.26295E-01   1.56046E-03   5.54012E-02   8.54171E+03  -6.16315E+04  -4.83993E+04  -1.13006E+05  -1.57313E+05
   1.24620E-02   4.18197E-03   9.26389E-01   1.56062E-03   5.54068E-02   8.46575E+03  -6.16318E+04  -4.83977E+04  -1.13000E+05  -1.57324E+05
   1.23620E-02   4.18239E-03   9.26482E-01   1.56077E-03   5.54124E-02   8.38922E+03  -6.16320E+04  -4.83960E+04  -1.12995E+05  -1.57334E+05
   1.22620E-02   4.18282E-03   9.26576E-01   1.56093E-03   5.54180E-02   8.31210E+03  -6.16323E+04  -4.83944E+04  -1.12989E+05  -1.57344E+05
   1.21620E-02   4.18324E-03   9.26670E-01   1.56109E-03   5.54236E-02   8.23439E+03  -6.16325E+04  -4.83928E+04  -1.12984E+05  -1.57354E+05
   1.20620E-02   4.18367E-03   9.26764E-01   1.56125E-03   5.54292E-02   8.15608E+03  -6.16327E+04  -4.83912E+04  -1.12978E+05  -1.57364E+05
   1.19620E-02   4.18409E-03   9.26858E-01   1.56141E-03   5.54349E-02   8.07716E+03  -6.16330E+04  -4.83895E+04  -1.12973E+05  -1.57375E+05
   1.18620E-02   4.18451E-03   9.26951E-01   1.56156E-03   5.54405E-02   7.99762E+03  -6.16332E+04  -4.83879E+04  -1.12967E+05  -1.57385E+05
   1.17620E-02   4.18494E-03   9.27045E-01   1.56172E-03   5.54461E-02   7.91744E+03  -6.16335E+04  -4.83863E+04  -1.12962E+05  -1.57395E+05
   1.16620E-02   4.18536E-03   9.27139E-01   1.56188E-03   5.54517E-02   7.83662E+03  -6.16337E+04  -4.83847E+04  -1.12956E+05  -1.57405E+05
   1.15620E-02   4.18578E-03   9.27233E-01   1.56204E-03   5.54573E-02   7.75514E+03  -6.16340E+04  -4.83831E+04  -1.12951E+05  -1.57415E+05
   1.14620E-02   4.18621E-03   9.27327E-01   1.56220E-03   5.54629E-02   7.67299E+03  -6.16342E+04  -4.83814E+04  -1.12945E+05  -1.57425E+05
   1.13620E-02   4.18663E-03   9.27420E-01   1.56235E-03   5.54685E-02   7.59017E+03  -6.16345E+04  -4.83798E+04  -1.12940E+05  -1.57436E+05
   1.12620E-02   4.18705E-03   9.27514E-01   1.56251E-03   5.54741E-02   7.50666E+03  -6.16347E+04  -4.83782E+04  -1.12934E+05  -1.57446E+05
   1.11620E-02   4.18748E-03   9.27608E-01   1.56267E-03   5.54797E-02   7.42244E+03  -6.16350E+04  -4.83766E+04  -1.12929E+05  -1.57456E+05
   1.10620E-02   4.18790E-03   9.27702E-01   1.56283E-03   5.54854E-02   7.33751E+03  -6.16352E+04  -4.83750E+04  -1.12923E+05  -1.57466E+05
   1.09620E-02   4.18832E-03   9.27796E-01   1.56299E-03   5.54910E-02   7.25185E+03  -6.16355E+04  -4.83733E+04  -1.12918E+05  -1.57476E+05
   1.08620E-02   4.18875E-03   9.27890E-01   1.56314E-03   5.54966E-02   7.16545E+03  -6.16357E+04  -4.83717E+04  -1.12912E+05  -1.57486E+05
   1.07620E-02   4.18917E-03   9.27983E-01   1.56330E-03   5.55022E-02   7.07829E+03  -6.16360E+04  -4.83701E+04  -1.12907E+05  -1.57497E+05
   1.06620E-02   4.18959E-03   9.28077E-01   1.56346E-03   5.55078E-02   6.99037E+03  -6.16362E+04  -4.83685E+04  -1.12901E+05  -1.57507E+05
   1.05620E-02   4.19002E-03   9.28171E-01   1.56362E-03   5.55134E-02   6.90166E+03  -6.16365E+04  -4.83669E+04  -1.12896E+05  -1.57517E+05
   1.04620E-02   4.19044E-03   9.28265E-01   1.56378E-03   5.55190E-02   6.81215E+03  -6.16367E+04  -4.83653E+04  -1.12891E+05  -1.57527E+05
   1.03620E-02   4.19086E-03   9.28359E-01   1.56393E-03   5.55246E-02   6.72182E+03  -6.16370E+04  -4.83637E+04  -1.12885E+05  -1.57537E+05
   1.02620E-02   4.19129E-03   9.28452E-01   1.56409E-03   5.55302E-02   6.63067E+03  -6.16373E+04  -4.83620E+04  -1.12880E+05  -1.57547E+05
   1.01620E-02   4.19171E-03   9.28546E-01   1.56425E-03   5.55358E-02   6.53867E+03  -6.16375E+04  -4.83604E+04  -1.12874E+05  -1.57558E+05
   1.00620E-02   4.19213E-03   9.28640E-01   1.56441E-03   5.55415E-02   6.44581E+03  -6.16378E+04  -4.83588E+04  -1.12869E+05  -1.57568E+05
   9.96201E-03   4.19256E-03   9.28734E-01   1.56457E-03   5.55471E-02   6.35206E+03  -6.16380E+04  -4.83572E+04  -1.12863E+05  -1.57578E+05
   9.86201E-03   4.19298E-03   9.28828E-01   1.56473E-03   5.55527E-02   6.25742E+03  -6.16383E+04  -4.83556E+04  -1.12858E+05  -1.57588E+05
   9.76201E-03   4.19341E-03   9.28921E-01   1.56488E-03   5.55583E-02   6.16186E+03  -6.16386E+04  -4.83540E+04  -1.12852E+05  -1.57598E+05
   9.66201E-03   4.19383E-03   9.29015E-01   1.56504E-03   5.55639E-02   6.06537E+03  -6.16388E+04  -4.83524E+04  -1.12847E+05  -1.57608E+05
   9.56201E-03   4.19425E-03   9.29109E-01   1.56520E-03   5.55695E-02   5.96792E+03  -6.16391E+04  -4.83508E+04  -1.12842E+05  -1.57619E+05
   9.46201E-03   4.19468E-03   9.29203E-01   1.56536E-03   5.55751E-02   5.86949E+03  -6.16394E+04  -4.83492E+04  -1.12836E+05  -1.57629E+05
   9.36201E-03   4.19510E-03   9.29297E-01   1.56552E-03   5.55807E-02   5.77007E+03  -6.16396E+04  -4.83476E+04  -1.12831E+05  -1.57639E+05
   9.26201E-03   4.19552E-03   9.29390E-01   1.56567E-03   5.55863E-02   5.66963E+03  -6.16399E+04  -4.83460E+04  -1.12825E+05  -1.57649E+05
   9.16201E-03   4.19595E-03   9.29484E-01   1.56583E-03   5.55920E-02   5.56816E+03  -6.16402E+04  -4.83444E+04  -1.12820E+05  -1.57659E+05
   9.06201E-03   4.19637E-03   9.29578E-01   1.56599E-03   5.55976E-02   5.46562E+03  -6.16404E+04  -4.83428E+04  -1.12814E+05  -1.57669E+05
   8.96201E-03   4.19679E-03   9.29672E-01   1.56615E-03   5.56032E-02   5.36199E+03  -6.16407E+04  -4.83412E+04  -1.12809E+05  -1.57679E+05
   8.86201E-03   4.19722E-03   9.29766E-01   1.56631E-03   5.56088E-02   5.25726E+03  -6.16410E+04  -4.83395E+04  -1.12804E+05  -1.57690E+05
   8.76201E-03   4.19764E-03   9.29859E-01   1.56646E-03   5.56144E-02   5.15139E+03  -6.16413E+04  -4.83379E+04  -1.12798E+05  -1.57700E+05
   8.66201E-03   4.19806E-03   9.29953E-01   1.56662E-03   5.56200E-02   5.04436E+03  -6.16415E+04  -4.83363E+04  -1.12793E+05  -1.57710E+05
   8.56201E-03   4.19849E-03   9.30047E-01   1.56678E-03   5.56256E-02   4.93614E+03  -6.16418E+04  -4.83347E+04  -1.12787E+05  -1.57720E+05
   8.46201E-03   4.19891E-03   9.30141E-01   1.56694E-03   5.56312E-02   4.82670E+03  -6.16421E+04  -4.83331E+04  -1.12782E+05  -1.57730E+05
   8.36201E-03   4.19933E-03   9.30235E-01   1.56710E-03   5.56368E-02   4.71602E+03  -6.16424E+04  -4.83315E+04  -1.12776E+05  -1.57740E+05
   8.26201E-03   4.19976E-03   9.30329E-01   1.56725E-03   5.56424E-02   4.60406E+03  -6.16426E+04  -4.83299E+04  -1.12771E+05  -1.57750E+05
   8.16201E-03   4.20018E-03   9.30422E-01   1.56741E-03   5.56481E-02   4.49080E+03  -6.16429E+04  -4.83284E+04  -1.12766E+05  -1.57760E+05
   8.06201E-03   4.20060E-03   9.30516E-01   1.56757E-03   5.56537E-02   4.37619E+03  -6.16432E+04  -4.83268E+04  -1.12760E+05  -1.57771E+05
   7.96201E-03   4.20103E-03   9.30610E-01   1.56773E-03   5.56593E-02   4.26022E+03  -6.16435E+04  -4.83252E+04  -1.12755E+05  -1.57781E+05
   7.86201E-03   4.20145E-03   9.30704E-01   1.56789E-03   5.56649E-02   4.14284E+03  -6.16438E+04  -4.83236E+04  -1.12749E+05  -1.57791E+05
   7.76201E-03   4.20187E-03   9.30798E-01   1.56804E-03   5.56705E-02   4.02402E+03  -6.16441E+04  -4.83220E+04  -1.12744E+05  -1.57801E+05
   7.66201E-03   4.20230E-03   9.30891E-01   1.56820E-03   5.56761E-02   3.90371E+03  -6.16443E+04  -4.83204E+04  -1.12739E+05  -1.57811E+05
   7.56201E-03   4.20272E-03   9.30985E-01   1.56836E-03   5.56817E-02   3.78189E+03  -6.16446E+04  -4.83188E+04  -1.12733E+05  -1.57821E+05
   7.46201E-03   4.20315E-03   9.31079E-01   1.56852E-03   5.56873E-02   3.65850E+03  -6.16449E+04  -4.83172E+04  -1.12728E+05  -1.57831E+05
   7.36201E-03   4.20357E-03   9.31173E-01   1.56868E-03   5.56929E-02   3.53352E+03  -6.16452E+04  -4.83156E+04  -1.12722E+05  -1.57841E+05
   7.26201E-03   4.20399E-03   9.31267E-01   1.56883E-03   5.56986E-02   3.40689E+03  -6.16455E+04  -4.83140E+04  -1.12717E+05  -1.57852E+05
   7.16201E-03   4.20442E-03   9.31360E-01   1.56899E-03   5.57042E-02   3.27857E+03  -6.16458E+04  -4.83124E+04  -1.12712E+05  -1.57862E+05
   7.06201E-03   4.20484E-03   9.31454E-01   1.56915E-03   5.57098E-02   3.14851E+03  -6.16461E+04  -4.83108E+04  -1.12706E+05  -1.57872E+05
   6.96201E-03   4.20526E-03   9.31548E-01   1.56931E-03   5.57154E-02   3.01666E+03  -6.16463E+04  -4.83092E+04  -1.12701E+05  -1.57882E+05
   6.86201E-03   4.20569E-03   9.31642E-01   1.56947E-03   5.57210E-02   2.88297E+03  -6.16466E+04  -4.83076E+04  -1.12695E+05  -1.57892E+05
   6.76201E-03   4.20611E-03   9.31736E-01   1.56962E-03   5.57266E-02   2.74739E+03  -6.16469E+04  -4.83061E+04  -1.12690E+05  -1.57902E+05
   6.66201E-03   4.20653E-03   9.31829E-01   1.56978E-03   5.57322E-02   2.60985E+03  -6.16472E+04  -4.83045E+04  -1.12685E+05  -1.57912E+05
   6.56201E-03   4.20696E-03   9.31923E-01   1.56994E-03   5.57378E-02   2.47031E+03  -6.16475E+04  -4.83029E+04  -1.12679E+05  -1.57922E+05
   6.46201E-03   4.20738E-03   9.32017E-01   1.57010E-03   5.57434E-02   2.32869E+03  -6.16478E+04  -4.83013E+04  -1.12674E+05  -1.57932E+05
   6.36201E-03   4.20780E-03   9.32111E-01   1.57026E-03   5.57490E-02   2.18494E+03  -6.16481E+04  -4.82997E+04  -1.12668E+05  -1.57943E+05
   6.26201E-03   4.20823E-03   9.32205E-01   1.57041E-03   5.57547E-02   2.03898E+03  -6.16484E+04  -4.82981E+04  -1.12663E+05  -1.57953E+05
   6.16201E-03   4.20865E-03   9.32298E-01   1.57057E-03   5.57603E-02   1.89075E+03  -6.16487E+04  -4.82965E+04  -1.12658E+05  -1.57963E+05
   6.06201E-03   4.20907E-03   9.32392E-01   1.57073E-03   5.57659E-02   1.74017E+03  -6.16490E+04  -4.82950E+04  -1.12652E+05  -1.57973E+05
   5.96201E-03   4.20950E-03   9.32486E-01   1.57089E-03   5.57715E-02   1.58717E+03  -6.16493E+04  -4.82934E+04  -1.12647E+05  -1.57983E+05
   5.86201E-03   4.20992E-03   9.32580E-01   1.57105E-03   5.57771E-02   1.43165E+03  -6.16496E+04  -4.82918E+04  -1.12642E+05  -1.57993E+05
   5.76201E-03   4.21034E-03   9.32674E-01   1.57120E-03   5.57827E-02   1.27354E+03  -6.16499E+04  -4.82902E+04  -1.12636E+05  -1.58003E+05
   5.66201E-03   4.21077E-03   9.32768E-01   1.57136E-03   5.57883E-02   1.11274E+03  -6.16502E+04  -4.82886E+04  -1.12631E+05  -1.58013E+05
   5.56201E-03   4.21119E-03   9.32861E-01   1.57152E-03   5.57939E-02   9.49153E+02  -6.16505E+04  -4.82870E+04  -1.12625E+05  -1.58023E+05
   5.46201E-03   4.21161E-03   9.32955E-01   1.57168E-03   5.57995E-02   7.82685E+02  -6.16508E+04  -4.82855E+04  -1.12620E+05  -1.58033E+05
   5.36201E-03   4.21204E-03   9.33049E-01   1.57184E-03   5.58052E-02   6.13228E+02  -6.16511E+04  -4.82839E+04  -1.12615E+05  -1.58044E+05
   5.26201E-03   4.21246E-03   9.33143E-01   1.57199E-03   5.58108E-02   4.40667E+02  -6.16514E+04  -4.82823E+04  -1.12609E+05  -1.58054E+05
   5.16201E-03   4.21289E-03   9.33237E-01   1.57215E-03   5.58164E-02   2.64884E+02  -6.16517E+04  -4.82807E+04  -1.12604E+05  -1.58064E+05
   5.06201E-03   4.21331E-03   9.33330E-01   1.57231E-03   5.58220E-02   8.57526E+01  -6.16520E+04  -4.82792E+04  -1.12599E+05  -1.58074E+05
   4.96201E-03   4.21373E-03   9.33424E-01   1.57247E-03   5.58276E-02  -9.68608E+01  -6.16524E+04  -4.82776E+04  -1.12593E+05  -1.58084E+05
   4.86201E-03   4.21416E-03   9.33518E-01   1.57263E-03   5.58332E-02  -2.83098E+02  -6.16527E+04  -4.82760E+04  -1.12588E+05  -1.58094E+05
   4.76201E-03   4.21458E-03   9.33612E-01   1.57278E-03   5.58388E-02  -4.73110E+02  -6.16530E+04  -4.82744E+04  -1.12583E+05  -1.58104E+05
   4.66201E-03   4.21500E-03   9.33706E-01   1.57294E-03   5.58444E-02  -6.67056E+02  -6.16533E+04  -4.82729E+04  -1.12577E+05  -1.58114E+05
   4.56201E-03   4.21543E-03   9.33799E-01   1.57310E-03   5.58500E-02  -8.65108E+02  -6.16536E+04  -4.82713E+04  -1.12572E+05  -1.58124E+05
   4.46201E-03   4.21585E-03   9.33893E-01   1.57326E-03   5.58557E-02  -1.06745E+03  -6.16539E+04  -4.82697E+04  -1.12567E+05  -1.58134E+05
   4.36201E-03   4.21627E-03   9.33987E-01   1.57342E-03   5.58613E-02  -1.27427E+03  -6.16542E+04  -4.82681E+04  -1.12561E+05  -1.58144E+05
   4.26201E-03   4.21670E-03   9.34081E-01   1.57357E-03   5.58669E-02  -1.48578E+03  -6.16545E+04  -4.82666E+04  -1.12556E+05  -1.58155E+05
   4.16201E-03   4.21712E-03   9.34175E-01   1.57373E-03   5.58725E-02  -1.70220E+03  -6.16549E+04  -4.82650E+04  -1.12551E+05  -1.58165E+05
   4.06201E-03   4.21754E-03   9.34268E-01   1.57389E-03   5.58781E-02  -1.92378E+03  -6.16552E+04  -4.82634E+04  -1.12545E+05  -1.58175E+05
   3.96201E-03   4.21797E-03   9.34362E-01   1.57405E-03   5.58837E-02  -2.15076E+03  -6.16555E+04  -4.82619E+04  -1.12540E+05  -1.58185E+05
   3.86201E-03   4.21839E-03   9.34456E-01   1.57421E-03   5.58893E-02  -2.38343E+03  -6.16558E+04  -4.82603E+04  -1.12535E+05  -1.58195E+05
   3.76201E-03   4.21881E-03   9.34550E-01   1.57437E-03   5.58949E-02  -2.62209E+03  -6.16561E+04  -4.82587E+04  -1.12529E+05  -1.58205E+05
   3.66201E-03   4.21924E-03   9.34644E-01   1.57452E-03   5.59005E-02  -2.86704E+03  -6.16565E+04  -4.82571E+04  -1.12524E+05  -1.58215E+05
   3.56201E-03   4.21966E-03   9.34737E-01   1.57468E-03   5.59061E-02  -3.11866E+03  -6.16568E+04  -4.82556E+04  -1.12519E+05  -1.58225E+05
   3.46201E-03   4.22008E-03   9.34831E-01   1.57484E-03   5.59118E-02  -3.37731E+03  -6.16571E+04  -4.82540E+04  -1.12513E+05  -1.58235E+05
   3.36201E-03   4.22051E-03   9.34925E-01   1.57500E-03   5.59174E-02  -3.64340E+03  -6.16574E+04  -4.82524E+04  -1.12508E+05  -1.58245E+05
   3.26201E-03   4.22093E-03   9.35019E-01   1.57516E-03   5.59230E-02  -3.91739E+03  -6.16578E+04  -4.82509E+04  -1.12503E+05  -1.58255E+05
   3.16201E-03   4.22135E-03   9.35113E-01   1.57531E-03   5.59286E-02  -4.19977E+03  -6.16581E+04  -4.82493E+04  -1.12497E+05  -1.58265E+05
   3.06201E-03   4.22178E-03   9.35207E-01   1.57547E-03   5.59342E-02  -4.49108E+03  -6.16584E+04  -4.82478E+04  -1.12492E+05  -1.58275E+05
   2.96201E-03   4.22220E-03   9.35300E-01   1.57563E-03   5.59398E-02  -4.79191E+03  -6.16587E+04  -4.82462E+04  -1.12487E+05  -1.58285E+05
   2.86201E-03   4.22262E-03   9.35394E-01   1.57579E-03   5.59454E-02  -5.10291E+03  -6.16591E+04  -4.82446E+04  -1.12481E+05  -1.58295E+05
   2.76201E-03   4.22305E-03   9.35488E-01   1.57595E-03   5.59510E-02  -5.42482E+03  -6.16594E+04  -4.82431E+04  -1.12476E+05  -1.58306E+05
   2.66201E-03   4.22347E-03   9.35582E-01   1.57610E-03   5.59566E-02  -5.75842E+03  -6.16597E+04  -4.82415E+04  -1.12471E+05  -1.58316E+05
   2.56201E-03   4.22390E-03   9.35676E-01   1.57626E-03   5.59623E-02  -6.10463E+03  -6.16601E+04  -4.82399E+04  -1.12465E+05  -1.58326E+05
   2.46201E-03   4.22432E-03   9.35769E-01   1.57642E-03   5.59679E-02  -6.46444E+03  -6.16604E+04  -4.82384E+04  -1.12460E+05  -1.58336E+05
   2.36201E-03   4.22474E-03   9.35863E-01   1.57658E-03   5.59735E-02  -6.83898E+03  -6.16607E+04  -4.82368E+04  -1.12455E+05  -1.58346E+05
   2.26201E-03   4.22517E-03   9.35957E-01   1.57674E-03   5.59791E-02  -7.22953E+03  -6.16610E+04  -4.82353E+04  -1.12449E+05  -1.58356E+05
   2.16201E-03   4.22559E-03   9.36051E-01   1.57689E-03   5.59847E-02  -7.63753E+03  -6.16614E+04  -4.82337E+04  -1.12444E+05  -1.58366E+05
   2.06201E-03   4.22601E-03   9.36145E-01   1.57705E-03   5.59903E-02  -8.06464E+03  -6.16617E+04  -4.82322E+04  -1.12439E+05  -1.58376E+05
   1.96201E-03   4.22644E-03   9.36238E-01   1.57721E-03   5.59959E-02  -8.51276E+03  -6.16621E+04  -4.82306E+04  -1.12433E+05  -1.58386E+05
   1.86201E-03   4.22686E-03   9.36332E-01   1.57737E-03   5.60015E-02  -8.98408E+03  -6.16624E+04  -4.82290E+04  -1.12428E+05  -1.58396E+05
   1.76201E-03   4.22728E-03   9.36426E-01   1.57753E-03   5.60071E-02  -9.48118E+03  -6.16627E+04  -4.82275E+04  -1.12423E+05  -1.58406E+05
   1.66201E-03   4.22771E-03   9.36520E-01   1.57768E-03   5.60127E-02  -1.00071E+04  -6.16631E+04  -4.82259E+04  -1.12418E+05  -1.58416E+05
   1.56201E-03   4.22813E-03   9.36614E-01   1.57784E-03   5.60184E-02  -1.05653E+04  -6.16634E+04  -4.82244E+04  -1.12412E+05  -1.58426E+05
   1.46201E-03   4.22855E-03   9.36707E-01   1.57800E-03   5.60240E-02  -1.11602E+04  -6.16638E+04  -4.82228E+04  -1.12407E+05  -1.58436E+05
   1.36201E-03   4.22898E-03   9.36801E-01   1.57816E-03   5.60296E-02  -1.17969E+04  -6.16641E+04  -4.82213E+04  -1.12402E+05  -1.58446E+05
   1.26201E-03   4.22940E-03   9.36895E-01   1.57832E-03   5.60352E-02  -1.24819E+04  -6.16644E+04  -4.82197E+04  -1.12396E+05  -1.58456E+05
   1.16201E-03   4.22982E-03   9.36989E-01   1.57847E-03   5.60408E-02  -1.32230E+04  -6.16648E+04  -4.82182E+04  -1.12391E+05  -1.58466E+05
   1.06201E-03   4.23025E-03   9.37083E-01   1.57863E-03   5.60464E-02  -1.40305E+04  -6.16651E+04  -4.82166E+04  -1.12386E+05  -1.58476E+05
   9.62012E-04   4.23067E-03   9.37177E-01   1.57879E-03   5.60520E-02  -1.49175E+04  -6.16655E+04  -4.82151E+04  -1.12381E+05  -1.58486E+05
   8.62012E-04   4.23109E-03   9.37270E-01   1.57895E-03   5.60576E-02  -1.59014E+04  -6.16658E+04  -4.82135E+04  -1.12375E+05  -1.58496E+05
   7.62012E-04   4.23152E-03   9.37364E-01   1.57911E-03   5.60632E-02  -1.70061E+04  -6.16662E+04  -4.82120E+04  -1.12370E+05  -1.58506E+05
   6.62012E-04   4.23194E-03   9.37458E-01   1.57926E-03   5.60689E-02  -1.82659E+04  -6.16665E+04  -4.82104E+04  -1.12365E+05  -1.58516E+05
   5.62012E-04   4.23236E-03   9.37552E-01   1.57942E-03   5.60745E-02  -1.97317E+04  -6.16669E+04  -4.82089E+04  -1.12359E+05  -1.58526E+05
   4.62012E-04   4.23279E-03   9.37646E-01   1.57958E-03   5.60801E-02  -2.14844E+04  -6.16672E+04  -4.82073E+04  -1.12354E+05  -1.58537E+05
   3.62012E-04   4.23321E-03   9.37739E-01   1.57974E-03   5.60857E-02  -2.36654E+04  -6.16676E+04  -4.82058E+04  -1.12349E+05  -1.58547E+05
   2.62012E-04   4.23364E-03   9.37833E-01   1.57990E-03   5.60913E-02  -2.65545E+04  -6.16679E+04  -4.82042E+04  -1.12344E+05  -1.58557E+05
   1.62012E-04   4.23406E-03   9.37927E-01   1.58005E-03   5.60969E-02  -3.08484E+04  -6.16683E+04  -4.82027E+04  -1.12338E+05  -1.58567E+05
   6.20121E-05   4.23448E-03   9.38021E-01   1.58021E-03   5.61025E-02  -3.94218E+04  -6.16686E+04  -4.82012E+04  -1.12333E+05  -1.58577E+05
   1.00000E-06   4.23474E-03   9.38078E-01   1.58031E-03   5.61059E-02  -7.62515E+04  -6.16688E+04  -4.82002E+04  -1.12330E+05  -1.58583E+05
