
 Phase Region for:
     FCC_A1                        
 col-1=X(C), col-2=X(CU), col-3=X(FE), col-4=X(MN), col-5=X(SI), col-6=MU(C), col-7=MU(CU), col-8=MU(FE), col-9=MU(MN), col-10=MU(SI),
   9.72763E-03   4.19355E-03   9.28954E-01   1.56494E-03   5.55602E-02  -2.32396E+04  -6.59677E+04  -4.82237E+04  -1.19993E+05  -1.54807E+05
   1.07276E-02   4.18932E-03   9.28016E-01   1.56336E-03   5.55041E-02  -2.22828E+04  -6.58973E+04  -4.82409E+04  -1.20037E+05  -1.54699E+05
   1.17276E-02   4.18508E-03   9.27078E-01   1.56178E-03   5.54480E-02  -2.14037E+04  -6.58272E+04  -4.82582E+04  -1.20080E+05  -1.54592E+05
   1.27276E-02   4.18085E-03   9.26139E-01   1.56020E-03   5.53919E-02  -2.05895E+04  -6.57574E+04  -4.82756E+04  -1.20123E+05  -1.54484E+05
   1.37276E-02   4.17661E-03   9.25201E-01   1.55862E-03   5.53358E-02  -1.98304E+04  -6.56878E+04  -4.82931E+04  -1.20166E+05  -1.54377E+05
   1.47276E-02   4.17238E-03   9.24263E-01   1.55704E-03   5.52797E-02  -1.91186E+04  -6.56185E+04  -4.83108E+04  -1.20210E+05  -1.54269E+05
   1.57276E-02   4.16814E-03   9.23325E-01   1.55546E-03   5.52236E-02  -1.84479E+04  -6.55494E+04  -4.83285E+04  -1.20254E+05  -1.54161E+05
   1.67276E-02   4.16391E-03   9.22387E-01   1.55388E-03   5.51675E-02  -1.78131E+04  -6.54806E+04  -4.83463E+04  -1.20298E+05  -1.54054E+05
   1.77276E-02   4.15967E-03   9.21449E-01   1.55230E-03   5.51114E-02  -1.72101E+04  -6.54121E+04  -4.83643E+04  -1.20342E+05  -1.53946E+05
   1.87276E-02   4.15544E-03   9.20511E-01   1.55071E-03   5.50553E-02  -1.66354E+04  -6.53438E+04  -4.83824E+04  -1.20386E+05  -1.53838E+05
   1.97276E-02   4.15120E-03   9.19573E-01   1.54913E-03   5.49992E-02  -1.60860E+04  -6.52758E+04  -4.84005E+04  -1.20430E+05  -1.53730E+05
   2.07276E-02   4.14697E-03   9.18635E-01   1.54755E-03   5.49431E-02  -1.55594E+04  -6.52081E+04  -4.84188E+04  -1.20475E+05  -1.53622E+05
   2.17276E-02   4.14273E-03   9.17697E-01   1.54597E-03   5.48869E-02  -1.50533E+04  -6.51406E+04  -4.84372E+04  -1.20520E+05  -1.53513E+05
   2.27276E-02   4.13850E-03   9.16759E-01   1.54439E-03   5.48308E-02  -1.45660E+04  -6.50734E+04  -4.84557E+04  -1.20564E+05  -1.53405E+05
   2.37276E-02   4.13426E-03   9.15821E-01   1.54281E-03   5.47747E-02  -1.40959E+04  -6.50065E+04  -4.84743E+04  -1.20609E+05  -1.53297E+05
   2.47276E-02   4.13003E-03   9.14882E-01   1.54123E-03   5.47186E-02  -1.36414E+04  -6.49399E+04  -4.84931E+04  -1.20654E+05  -1.53188E+05
   2.57276E-02   4.12579E-03   9.13944E-01   1.53965E-03   5.46625E-02  -1.32013E+04  -6.48735E+04  -4.85119E+04  -1.20700E+05  -1.53080E+05
   2.67276E-02   4.12156E-03   9.13006E-01   1.53807E-03   5.46064E-02  -1.27746E+04  -6.48074E+04  -4.85309E+04  -1.20745E+05  -1.52971E+05
   2.77276E-02   4.11733E-03   9.12068E-01   1.53649E-03   5.45503E-02  -1.23602E+04  -6.47417E+04  -4.85500E+04  -1.20791E+05  -1.52863E+05
   2.87276E-02   4.11309E-03   9.11130E-01   1.53491E-03   5.44942E-02  -1.19572E+04  -6.46762E+04  -4.85692E+04  -1.20836E+05  -1.52754E+05
   2.97276E-02   4.10886E-03   9.10192E-01   1.53333E-03   5.44381E-02  -1.15648E+04  -6.46110E+04  -4.85885E+04  -1.20882E+05  -1.52645E+05
   3.07276E-02   4.10462E-03   9.09254E-01   1.53175E-03   5.43820E-02  -1.11824E+04  -6.45461E+04  -4.86079E+04  -1.20928E+05  -1.52537E+05
   3.17276E-02   4.10039E-03   9.08316E-01   1.53017E-03   5.43259E-02  -1.08093E+04  -6.44814E+04  -4.86274E+04  -1.20974E+05  -1.52428E+05
   3.27276E-02   4.09615E-03   9.07378E-01   1.52859E-03   5.42698E-02  -1.04448E+04  -6.44171E+04  -4.86471E+04  -1.21021E+05  -1.52319E+05
   3.37276E-02   4.09192E-03   9.06440E-01   1.52701E-03   5.42137E-02  -1.00885E+04  -6.43531E+04  -4.86669E+04  -1.21067E+05  -1.52210E+05
   3.47276E-02   4.08768E-03   9.05502E-01   1.52543E-03   5.41576E-02  -9.73982E+03  -6.42894E+04  -4.86868E+04  -1.21114E+05  -1.52101E+05
   3.57276E-02   4.08345E-03   9.04564E-01   1.52385E-03   5.41015E-02  -9.39838E+03  -6.42260E+04  -4.87068E+04  -1.21161E+05  -1.51992E+05
   3.67276E-02   4.07921E-03   9.03626E-01   1.52227E-03   5.40454E-02  -9.06375E+03  -6.41628E+04  -4.87270E+04  -1.21208E+05  -1.51882E+05
   3.77276E-02   4.07498E-03   9.02687E-01   1.52069E-03   5.39893E-02  -8.73556E+03  -6.41000E+04  -4.87472E+04  -1.21255E+05  -1.51773E+05
   3.87276E-02   4.07074E-03   9.01749E-01   1.51911E-03   5.39331E-02  -8.41345E+03  -6.40375E+04  -4.87676E+04  -1.21302E+05  -1.51664E+05
   3.97276E-02   4.06651E-03   9.00811E-01   1.51753E-03   5.38770E-02  -8.09710E+03  -6.39754E+04  -4.87881E+04  -1.21350E+05  -1.51554E+05
   4.07276E-02   4.06227E-03   8.99873E-01   1.51595E-03   5.38209E-02  -7.78622E+03  -6.39135E+04  -4.88088E+04  -1.21397E+05  -1.51445E+05
   4.17276E-02   4.05804E-03   8.98935E-01   1.51437E-03   5.37648E-02  -7.48054E+03  -6.38520E+04  -4.88295E+04  -1.21445E+05  -1.51335E+05
   4.27276E-02   4.05380E-03   8.97997E-01   1.51279E-03   5.37087E-02  -7.17979E+03  -6.37907E+04  -4.88504E+04  -1.21493E+05  -1.51226E+05
   4.37276E-02   4.04957E-03   8.97059E-01   1.51121E-03   5.36526E-02  -6.88375E+03  -6.37298E+04  -4.88714E+04  -1.21541E+05  -1.51116E+05
   4.47276E-02   4.04533E-03   8.96121E-01   1.50963E-03   5.35965E-02  -6.59218E+03  -6.36692E+04  -4.88926E+04  -1.21590E+05  -1.51006E+05
   4.57276E-02   4.04110E-03   8.95183E-01   1.50805E-03   5.35404E-02  -6.30488E+03  -6.36090E+04  -4.89138E+04  -1.21638E+05  -1.50897E+05
   4.67276E-02   4.03687E-03   8.94245E-01   1.50647E-03   5.34843E-02  -6.02166E+03  -6.35491E+04  -4.89352E+04  -1.21687E+05  -1.50787E+05
   4.77276E-02   4.03263E-03   8.93307E-01   1.50489E-03   5.34282E-02  -5.74234E+03  -6.34895E+04  -4.89567E+04  -1.21736E+05  -1.50677E+05
   4.87276E-02   4.02840E-03   8.92369E-01   1.50331E-03   5.33721E-02  -5.46674E+03  -6.34302E+04  -4.89784E+04  -1.21785E+05  -1.50567E+05
   4.97276E-02   4.02416E-03   8.91431E-01   1.50173E-03   5.33160E-02  -5.19470E+03  -6.33713E+04  -4.90002E+04  -1.21834E+05  -1.50457E+05
   5.07276E-02   4.01993E-03   8.90492E-01   1.50014E-03   5.32599E-02  -4.92609E+03  -6.33127E+04  -4.90221E+04  -1.21883E+05  -1.50347E+05
   5.17276E-02   4.01569E-03   8.89554E-01   1.49856E-03   5.32038E-02  -4.66074E+03  -6.32545E+04  -4.90441E+04  -1.21933E+05  -1.50237E+05
   5.27276E-02   4.01146E-03   8.88616E-01   1.49698E-03   5.31477E-02  -4.39854E+03  -6.31966E+04  -4.90663E+04  -1.21982E+05  -1.50126E+05
   5.37276E-02   4.00722E-03   8.87678E-01   1.49540E-03   5.30916E-02  -4.13935E+03  -6.31391E+04  -4.90886E+04  -1.22032E+05  -1.50016E+05
   5.47276E-02   4.00299E-03   8.86740E-01   1.49382E-03   5.30354E-02  -3.88306E+03  -6.30819E+04  -4.91110E+04  -1.22082E+05  -1.49906E+05
   5.57276E-02   3.99875E-03   8.85802E-01   1.49224E-03   5.29793E-02  -3.62955E+03  -6.30251E+04  -4.91336E+04  -1.22132E+05  -1.49795E+05
   5.67276E-02   3.99452E-03   8.84864E-01   1.49066E-03   5.29232E-02  -3.37871E+03  -6.29686E+04  -4.91563E+04  -1.22183E+05  -1.49685E+05
   5.77276E-02   3.99028E-03   8.83926E-01   1.48908E-03   5.28671E-02  -3.13045E+03  -6.29125E+04  -4.91792E+04  -1.22233E+05  -1.49574E+05
   5.87276E-02   3.98605E-03   8.82988E-01   1.48750E-03   5.28110E-02  -2.88467E+03  -6.28567E+04  -4.92021E+04  -1.22284E+05  -1.49464E+05
   5.97276E-02   3.98181E-03   8.82050E-01   1.48592E-03   5.27549E-02  -2.64128E+03  -6.28013E+04  -4.92253E+04  -1.22335E+05  -1.49353E+05
   6.07276E-02   3.97758E-03   8.81112E-01   1.48434E-03   5.26988E-02  -2.40019E+03  -6.27463E+04  -4.92485E+04  -1.22386E+05  -1.49242E+05
   6.17276E-02   3.97334E-03   8.80174E-01   1.48276E-03   5.26427E-02  -2.16131E+03  -6.26916E+04  -4.92719E+04  -1.22437E+05  -1.49132E+05
   6.27276E-02   3.96911E-03   8.79235E-01   1.48118E-03   5.25866E-02  -1.92497E+03  -6.26373E+04  -4.92954E+04  -1.22488E+05  -1.49021E+05
   6.37276E-02   3.96487E-03   8.78297E-01   1.47960E-03   5.25305E-02  -1.69038E+03  -6.25834E+04  -4.93191E+04  -1.22540E+05  -1.48910E+05
   6.47276E-02   3.96064E-03   8.77359E-01   1.47802E-03   5.24744E-02  -1.45779E+03  -6.25299E+04  -4.93429E+04  -1.22592E+05  -1.48799E+05
   6.57276E-02   3.95641E-03   8.76421E-01   1.47644E-03   5.24183E-02  -1.22713E+03  -6.24767E+04  -4.93668E+04  -1.22644E+05  -1.48688E+05
   6.67276E-02   3.95217E-03   8.75483E-01   1.47486E-03   5.23622E-02  -9.98349E+02  -6.24239E+04  -4.93909E+04  -1.22696E+05  -1.48577E+05
   6.77276E-02   3.94794E-03   8.74545E-01   1.47328E-03   5.23061E-02  -7.71376E+02  -6.23715E+04  -4.94152E+04  -1.22748E+05  -1.48466E+05
   6.87276E-02   3.94370E-03   8.73607E-01   1.47170E-03   5.22500E-02  -5.46154E+02  -6.23195E+04  -4.94395E+04  -1.22800E+05  -1.48354E+05
   6.97276E-02   3.93947E-03   8.72669E-01   1.47012E-03   5.21939E-02  -3.22628E+02  -6.22679E+04  -4.94641E+04  -1.22853E+05  -1.48243E+05
   7.07276E-02   3.93523E-03   8.71731E-01   1.46854E-03   5.21378E-02  -1.00745E+02  -6.22167E+04  -4.94887E+04  -1.22906E+05  -1.48132E+05
   7.17276E-02   3.93100E-03   8.70793E-01   1.46696E-03   5.20816E-02   1.19549E+02  -6.21658E+04  -4.95135E+04  -1.22959E+05  -1.48021E+05
   7.27276E-02   3.92676E-03   8.69855E-01   1.46538E-03   5.20255E-02   3.38301E+02  -6.21154E+04  -4.95385E+04  -1.23012E+05  -1.47909E+05
   7.37276E-02   3.92253E-03   8.68917E-01   1.46380E-03   5.19694E-02   5.55559E+02  -6.20654E+04  -4.95636E+04  -1.23065E+05  -1.47798E+05
   7.47276E-02   3.91829E-03   8.67979E-01   1.46222E-03   5.19133E-02   7.71369E+02  -6.20158E+04  -4.95888E+04  -1.23118E+05  -1.47686E+05
   7.57276E-02   3.91406E-03   8.67040E-01   1.46064E-03   5.18572E-02   9.85774E+02  -6.19665E+04  -4.96142E+04  -1.23172E+05  -1.47575E+05
   7.67276E-02   3.90982E-03   8.66102E-01   1.45906E-03   5.18011E-02   1.19882E+03  -6.19177E+04  -4.96398E+04  -1.23226E+05  -1.47463E+05
   7.77276E-02   3.90559E-03   8.65164E-01   1.45748E-03   5.17450E-02   1.41053E+03  -6.18693E+04  -4.96655E+04  -1.23280E+05  -1.47351E+05
   7.87276E-02   3.90135E-03   8.64226E-01   1.45590E-03   5.16889E-02   1.62097E+03  -6.18213E+04  -4.96913E+04  -1.23334E+05  -1.47240E+05
   7.97276E-02   3.89712E-03   8.63288E-01   1.45432E-03   5.16328E-02   1.83015E+03  -6.17738E+04  -4.97173E+04  -1.23388E+05  -1.47128E+05
   8.07276E-02   3.89288E-03   8.62350E-01   1.45274E-03   5.15767E-02   2.03813E+03  -6.17266E+04  -4.97435E+04  -1.23442E+05  -1.47016E+05
   8.17276E-02   3.88865E-03   8.61412E-01   1.45116E-03   5.15206E-02   2.24492E+03  -6.16799E+04  -4.97698E+04  -1.23497E+05  -1.46904E+05
   8.27276E-02   3.88441E-03   8.60474E-01   1.44957E-03   5.14645E-02   2.45058E+03  -6.16336E+04  -4.97962E+04  -1.23552E+05  -1.46792E+05
   8.37276E-02   3.88018E-03   8.59536E-01   1.44799E-03   5.14084E-02   2.65512E+03  -6.15878E+04  -4.98228E+04  -1.23607E+05  -1.46680E+05
   8.47276E-02   3.87594E-03   8.58598E-01   1.44641E-03   5.13523E-02   2.85858E+03  -6.15423E+04  -4.98496E+04  -1.23662E+05  -1.46568E+05
   8.57276E-02   3.87171E-03   8.57660E-01   1.44483E-03   5.12962E-02   3.06099E+03  -6.14974E+04  -4.98765E+04  -1.23717E+05  -1.46456E+05
   8.67276E-02   3.86748E-03   8.56722E-01   1.44325E-03   5.12401E-02   3.26237E+03  -6.14528E+04  -4.99036E+04  -1.23773E+05  -1.46344E+05
   8.77276E-02   3.86324E-03   8.55784E-01   1.44167E-03   5.11840E-02   3.46276E+03  -6.14087E+04  -4.99308E+04  -1.23828E+05  -1.46232E+05
   8.87276E-02   3.85901E-03   8.54845E-01   1.44009E-03   5.11278E-02   3.66218E+03  -6.13650E+04  -4.99582E+04  -1.23884E+05  -1.46119E+05
   8.97276E-02   3.85477E-03   8.53907E-01   1.43851E-03   5.10717E-02   3.86066E+03  -6.13218E+04  -4.99857E+04  -1.23940E+05  -1.46007E+05
   9.07276E-02   3.85054E-03   8.52969E-01   1.43693E-03   5.10156E-02   4.05822E+03  -6.12790E+04  -5.00134E+04  -1.23996E+05  -1.45895E+05
   9.17276E-02   3.84630E-03   8.52031E-01   1.43535E-03   5.09595E-02   4.25488E+03  -6.12367E+04  -5.00413E+04  -1.24052E+05  -1.45782E+05
   9.27276E-02   3.84207E-03   8.51093E-01   1.43377E-03   5.09034E-02   4.45068E+03  -6.11948E+04  -5.00693E+04  -1.24108E+05  -1.45670E+05
   9.37276E-02   3.83783E-03   8.50155E-01   1.43219E-03   5.08473E-02   4.64563E+03  -6.11534E+04  -5.00975E+04  -1.24165E+05  -1.45557E+05
   9.47276E-02   3.83360E-03   8.49217E-01   1.43061E-03   5.07912E-02   4.83975E+03  -6.11125E+04  -5.01259E+04  -1.24222E+05  -1.45445E+05
   9.57276E-02   3.82936E-03   8.48279E-01   1.42903E-03   5.07351E-02   5.03307E+03  -6.10720E+04  -5.01544E+04  -1.24279E+05  -1.45332E+05
   9.67276E-02   3.82513E-03   8.47341E-01   1.42745E-03   5.06790E-02   5.22560E+03  -6.10320E+04  -5.01831E+04  -1.24336E+05  -1.45220E+05
   9.77276E-02   3.82089E-03   8.46403E-01   1.42587E-03   5.06229E-02   5.41737E+03  -6.09925E+04  -5.02119E+04  -1.24393E+05  -1.45107E+05
   9.87276E-02   3.81666E-03   8.45465E-01   1.42429E-03   5.05668E-02   5.60839E+03  -6.09534E+04  -5.02409E+04  -1.24450E+05  -1.44994E+05
   9.97276E-02   3.81242E-03   8.44527E-01   1.42271E-03   5.05107E-02   5.79869E+03  -6.09148E+04  -5.02701E+04  -1.24508E+05  -1.44881E+05
   1.00728E-01   3.80819E-03   8.43588E-01   1.42113E-03   5.04546E-02   5.98828E+03  -6.08767E+04  -5.02994E+04  -1.24565E+05  -1.44768E+05
   1.01728E-01   3.80395E-03   8.42650E-01   1.41955E-03   5.03985E-02   6.17719E+03  -6.08391E+04  -5.03289E+04  -1.24623E+05  -1.44656E+05
   1.02728E-01   3.79972E-03   8.41712E-01   1.41797E-03   5.03424E-02   6.36541E+03  -6.08019E+04  -5.03586E+04  -1.24681E+05  -1.44543E+05
   1.03728E-01   3.79548E-03   8.40774E-01   1.41639E-03   5.02863E-02   6.55299E+03  -6.07653E+04  -5.03884E+04  -1.24739E+05  -1.44430E+05
   1.04728E-01   3.79125E-03   8.39836E-01   1.41481E-03   5.02301E-02   6.73992E+03  -6.07291E+04  -5.04184E+04  -1.24797E+05  -1.44316E+05
   1.05728E-01   3.78702E-03   8.38898E-01   1.41323E-03   5.01740E-02   6.92623E+03  -6.06934E+04  -5.04486E+04  -1.24856E+05  -1.44203E+05
   1.06728E-01   3.78278E-03   8.37960E-01   1.41165E-03   5.01179E-02   7.11193E+03  -6.06583E+04  -5.04790E+04  -1.24914E+05  -1.44090E+05
   1.07728E-01   3.77855E-03   8.37022E-01   1.41007E-03   5.00618E-02   7.29703E+03  -6.06236E+04  -5.05095E+04  -1.24973E+05  -1.43977E+05
   1.08728E-01   3.77431E-03   8.36084E-01   1.40849E-03   5.00057E-02   7.48156E+03  -6.05895E+04  -5.05402E+04  -1.25032E+05  -1.43864E+05
   1.09728E-01   3.77008E-03   8.35146E-01   1.40691E-03   4.99496E-02   7.66552E+03  -6.05558E+04  -5.05711E+04  -1.25091E+05  -1.43750E+05
   1.10728E-01   3.76584E-03   8.34208E-01   1.40533E-03   4.98935E-02   7.84893E+03  -6.05227E+04  -5.06021E+04  -1.25150E+05  -1.43637E+05
   1.11728E-01   3.76161E-03   8.33270E-01   1.40375E-03   4.98374E-02   8.03181E+03  -6.04901E+04  -5.06334E+04  -1.25209E+05  -1.43524E+05
   1.12728E-01   3.75737E-03   8.32332E-01   1.40217E-03   4.97813E-02   8.21415E+03  -6.04580E+04  -5.06648E+04  -1.25268E+05  -1.43410E+05
   1.13728E-01   3.75314E-03   8.31393E-01   1.40059E-03   4.97252E-02   8.39599E+03  -6.04264E+04  -5.06964E+04  -1.25328E+05  -1.43297E+05
   1.14728E-01   3.74890E-03   8.30455E-01   1.39900E-03   4.96691E-02   8.57733E+03  -6.03953E+04  -5.07281E+04  -1.25388E+05  -1.43183E+05
   1.15728E-01   3.74467E-03   8.29517E-01   1.39742E-03   4.96130E-02   8.75818E+03  -6.03648E+04  -5.07601E+04  -1.25448E+05  -1.43069E+05
   1.16728E-01   3.74043E-03   8.28579E-01   1.39584E-03   4.95569E-02   8.93856E+03  -6.03348E+04  -5.07922E+04  -1.25507E+05  -1.42956E+05
   1.17728E-01   3.73620E-03   8.27641E-01   1.39426E-03   4.95008E-02   9.11848E+03  -6.03053E+04  -5.08245E+04  -1.25568E+05  -1.42842E+05
   1.18728E-01   3.73196E-03   8.26703E-01   1.39268E-03   4.94447E-02   9.29794E+03  -6.02764E+04  -5.08570E+04  -1.25628E+05  -1.42728E+05
   1.19728E-01   3.72773E-03   8.25765E-01   1.39110E-03   4.93886E-02   9.47696E+03  -6.02480E+04  -5.08896E+04  -1.25688E+05  -1.42614E+05
   1.20728E-01   3.72349E-03   8.24827E-01   1.38952E-03   4.93325E-02   9.65555E+03  -6.02202E+04  -5.09225E+04  -1.25749E+05  -1.42501E+05
   1.21728E-01   3.71926E-03   8.23889E-01   1.38794E-03   4.92763E-02   9.83373E+03  -6.01929E+04  -5.09555E+04  -1.25809E+05  -1.42387E+05
   1.22728E-01   3.71502E-03   8.22951E-01   1.38636E-03   4.92202E-02   1.00115E+04  -6.01662E+04  -5.09887E+04  -1.25870E+05  -1.42273E+05
   1.23728E-01   3.71079E-03   8.22013E-01   1.38478E-03   4.91641E-02   1.01889E+04  -6.01400E+04  -5.10222E+04  -1.25931E+05  -1.42159E+05
   1.24728E-01   3.70656E-03   8.21075E-01   1.38320E-03   4.91080E-02   1.03658E+04  -6.01144E+04  -5.10557E+04  -1.25992E+05  -1.42045E+05
   1.25728E-01   3.70232E-03   8.20137E-01   1.38162E-03   4.90519E-02   1.05424E+04  -6.00893E+04  -5.10895E+04  -1.26053E+05  -1.41930E+05
   1.26728E-01   3.69809E-03   8.19198E-01   1.38004E-03   4.89958E-02   1.07187E+04  -6.00648E+04  -5.11235E+04  -1.26115E+05  -1.41816E+05
   1.27728E-01   3.69385E-03   8.18260E-01   1.37846E-03   4.89397E-02   1.08946E+04  -6.00409E+04  -5.11577E+04  -1.26176E+05  -1.41702E+05
   1.28728E-01   3.68962E-03   8.17322E-01   1.37688E-03   4.88836E-02   1.10701E+04  -6.00175E+04  -5.11920E+04  -1.26238E+05  -1.41588E+05
   1.29728E-01   3.68538E-03   8.16384E-01   1.37530E-03   4.88275E-02   1.12453E+04  -5.99947E+04  -5.12266E+04  -1.26299E+05  -1.41474E+05
   1.30728E-01   3.68115E-03   8.15446E-01   1.37372E-03   4.87714E-02   1.14201E+04  -5.99726E+04  -5.12613E+04  -1.26361E+05  -1.41359E+05
   1.31728E-01   3.67691E-03   8.14508E-01   1.37214E-03   4.87153E-02   1.15947E+04  -5.99509E+04  -5.12963E+04  -1.26423E+05  -1.41245E+05
   1.32728E-01   3.67268E-03   8.13570E-01   1.37056E-03   4.86592E-02   1.17689E+04  -5.99299E+04  -5.13314E+04  -1.26485E+05  -1.41130E+05
   1.33728E-01   3.66844E-03   8.12632E-01   1.36898E-03   4.86031E-02   1.19428E+04  -5.99095E+04  -5.13667E+04  -1.26548E+05  -1.41016E+05
   1.34728E-01   3.66421E-03   8.11694E-01   1.36740E-03   4.85470E-02   1.21164E+04  -5.98897E+04  -5.14023E+04  -1.26610E+05  -1.40901E+05
   1.35728E-01   3.65997E-03   8.10756E-01   1.36582E-03   4.84909E-02   1.22898E+04  -5.98704E+04  -5.14380E+04  -1.26672E+05  -1.40787E+05
   1.36728E-01   3.65574E-03   8.09818E-01   1.36424E-03   4.84348E-02   1.24628E+04  -5.98518E+04  -5.14739E+04  -1.26735E+05  -1.40672E+05
   1.37728E-01   3.65150E-03   8.08880E-01   1.36266E-03   4.83787E-02   1.26356E+04  -5.98338E+04  -5.15100E+04  -1.26798E+05  -1.40557E+05
   1.38728E-01   3.64727E-03   8.07941E-01   1.36108E-03   4.83225E-02   1.28081E+04  -5.98164E+04  -5.15464E+04  -1.26861E+05  -1.40443E+05
   1.39728E-01   3.64303E-03   8.07003E-01   1.35950E-03   4.82664E-02   1.29804E+04  -5.97996E+04  -5.15829E+04  -1.26924E+05  -1.40328E+05
   1.40728E-01   3.63880E-03   8.06065E-01   1.35792E-03   4.82103E-02   1.31524E+04  -5.97834E+04  -5.16197E+04  -1.26987E+05  -1.40213E+05
   1.41728E-01   3.63456E-03   8.05127E-01   1.35634E-03   4.81542E-02   1.33242E+04  -5.97678E+04  -5.16566E+04  -1.27050E+05  -1.40098E+05
   1.42728E-01   3.63033E-03   8.04189E-01   1.35476E-03   4.80981E-02   1.34958E+04  -5.97529E+04  -5.16938E+04  -1.27114E+05  -1.39983E+05
   1.43728E-01   3.62609E-03   8.03251E-01   1.35318E-03   4.80420E-02   1.36671E+04  -5.97386E+04  -5.17311E+04  -1.27177E+05  -1.39868E+05
   1.44728E-01   3.62186E-03   8.02313E-01   1.35160E-03   4.79859E-02   1.38382E+04  -5.97250E+04  -5.17687E+04  -1.27241E+05  -1.39753E+05
   1.45728E-01   3.61763E-03   8.01375E-01   1.35002E-03   4.79298E-02   1.40091E+04  -5.97120E+04  -5.18065E+04  -1.27305E+05  -1.39638E+05
   1.46728E-01   3.61339E-03   8.00437E-01   1.34844E-03   4.78737E-02   1.41798E+04  -5.96996E+04  -5.18445E+04  -1.27369E+05  -1.39523E+05
   1.47728E-01   3.60916E-03   7.99499E-01   1.34685E-03   4.78176E-02   1.43503E+04  -5.96879E+04  -5.18827E+04  -1.27433E+05  -1.39408E+05
   1.48728E-01   3.60492E-03   7.98561E-01   1.34527E-03   4.77615E-02   1.45206E+04  -5.96768E+04  -5.19211E+04  -1.27497E+05  -1.39293E+05
   1.49728E-01   3.60069E-03   7.97623E-01   1.34369E-03   4.77054E-02   1.46908E+04  -5.96664E+04  -5.19598E+04  -1.27561E+05  -1.39178E+05
   1.50728E-01   3.59645E-03   7.96685E-01   1.34211E-03   4.76493E-02   1.48607E+04  -5.96566E+04  -5.19986E+04  -1.27625E+05  -1.39062E+05
   1.51728E-01   3.59222E-03   7.95746E-01   1.34053E-03   4.75932E-02   1.50305E+04  -5.96476E+04  -5.20377E+04  -1.27690E+05  -1.38947E+05
   1.52728E-01   3.58798E-03   7.94808E-01   1.33895E-03   4.75371E-02   1.52002E+04  -5.96392E+04  -5.20770E+04  -1.27755E+05  -1.38832E+05
   1.53728E-01   3.58375E-03   7.93870E-01   1.33737E-03   4.74810E-02   1.53696E+04  -5.96314E+04  -5.21165E+04  -1.27820E+05  -1.38716E+05
   1.54728E-01   3.57951E-03   7.92932E-01   1.33579E-03   4.74248E-02   1.55390E+04  -5.96244E+04  -5.21563E+04  -1.27885E+05  -1.38601E+05
   1.55728E-01   3.57528E-03   7.91994E-01   1.33421E-03   4.73687E-02   1.57082E+04  -5.96180E+04  -5.21962E+04  -1.27950E+05  -1.38485E+05
   1.56728E-01   3.57104E-03   7.91056E-01   1.33263E-03   4.73126E-02   1.58773E+04  -5.96123E+04  -5.22364E+04  -1.28015E+05  -1.38370E+05
   1.57728E-01   3.56681E-03   7.90118E-01   1.33105E-03   4.72565E-02   1.60462E+04  -5.96073E+04  -5.22769E+04  -1.28080E+05  -1.38254E+05
   1.58728E-01   3.56257E-03   7.89180E-01   1.32947E-03   4.72004E-02   1.62150E+04  -5.96031E+04  -5.23175E+04  -1.28146E+05  -1.38138E+05
   1.59728E-01   3.55834E-03   7.88242E-01   1.32789E-03   4.71443E-02   1.63837E+04  -5.95995E+04  -5.23584E+04  -1.28211E+05  -1.38023E+05
   1.60728E-01   3.55410E-03   7.87304E-01   1.32631E-03   4.70882E-02   1.65524E+04  -5.95966E+04  -5.23995E+04  -1.28277E+05  -1.37907E+05
   1.61728E-01   3.54987E-03   7.86366E-01   1.32473E-03   4.70321E-02   1.67209E+04  -5.95945E+04  -5.24409E+04  -1.28343E+05  -1.37791E+05
   1.62728E-01   3.54563E-03   7.85428E-01   1.32315E-03   4.69760E-02   1.68893E+04  -5.95930E+04  -5.24825E+04  -1.28409E+05  -1.37676E+05
   1.63728E-01   3.54140E-03   7.84490E-01   1.32157E-03   4.69199E-02   1.70576E+04  -5.95923E+04  -5.25243E+04  -1.28475E+05  -1.37560E+05
   1.64728E-01   3.53717E-03   7.83551E-01   1.31999E-03   4.68638E-02   1.72259E+04  -5.95923E+04  -5.25663E+04  -1.28542E+05  -1.37444E+05
   1.65728E-01   3.53293E-03   7.82613E-01   1.31841E-03   4.68077E-02   1.73941E+04  -5.95931E+04  -5.26086E+04  -1.28608E+05  -1.37328E+05
   1.66728E-01   3.52870E-03   7.81675E-01   1.31683E-03   4.67516E-02   1.75622E+04  -5.95946E+04  -5.26512E+04  -1.28675E+05  -1.37212E+05
   1.67728E-01   3.52446E-03   7.80737E-01   1.31525E-03   4.66955E-02   1.77303E+04  -5.95968E+04  -5.26940E+04  -1.28741E+05  -1.37096E+05
   1.68728E-01   3.52023E-03   7.79799E-01   1.31367E-03   4.66394E-02   1.78983E+04  -5.95998E+04  -5.27370E+04  -1.28808E+05  -1.36980E+05
   1.69728E-01   3.51599E-03   7.78861E-01   1.31209E-03   4.65833E-02   1.80662E+04  -5.96036E+04  -5.27803E+04  -1.28875E+05  -1.36864E+05
   1.70728E-01   3.51176E-03   7.77923E-01   1.31051E-03   4.65272E-02   1.82342E+04  -5.96081E+04  -5.28238E+04  -1.28943E+05  -1.36748E+05
   1.71728E-01   3.50752E-03   7.76985E-01   1.30893E-03   4.64710E-02   1.84021E+04  -5.96134E+04  -5.28676E+04  -1.29010E+05  -1.36632E+05
   1.72728E-01   3.50329E-03   7.76047E-01   1.30735E-03   4.64149E-02   1.85699E+04  -5.96195E+04  -5.29116E+04  -1.29078E+05  -1.36516E+05
   1.73728E-01   3.49905E-03   7.75109E-01   1.30577E-03   4.63588E-02   1.87378E+04  -5.96263E+04  -5.29559E+04  -1.29145E+05  -1.36400E+05
   1.74728E-01   3.49482E-03   7.74171E-01   1.30419E-03   4.63027E-02   1.89056E+04  -5.96339E+04  -5.30005E+04  -1.29213E+05  -1.36284E+05
   1.75728E-01   3.49058E-03   7.73233E-01   1.30261E-03   4.62466E-02   1.90734E+04  -5.96423E+04  -5.30453E+04  -1.29281E+05  -1.36167E+05
   1.76728E-01   3.48635E-03   7.72294E-01   1.30103E-03   4.61905E-02   1.92413E+04  -5.96516E+04  -5.30903E+04  -1.29349E+05  -1.36051E+05
   1.77728E-01   3.48211E-03   7.71356E-01   1.29945E-03   4.61344E-02   1.94091E+04  -5.96616E+04  -5.31357E+04  -1.29418E+05  -1.35935E+05
   1.78728E-01   3.47788E-03   7.70418E-01   1.29787E-03   4.60783E-02   1.95769E+04  -5.96724E+04  -5.31813E+04  -1.29486E+05  -1.35819E+05
   1.79728E-01   3.47364E-03   7.69480E-01   1.29628E-03   4.60222E-02   1.97448E+04  -5.96841E+04  -5.32271E+04  -1.29555E+05  -1.35703E+05
   1.80728E-01   3.46941E-03   7.68542E-01   1.29470E-03   4.59661E-02   1.99127E+04  -5.96965E+04  -5.32733E+04  -1.29624E+05  -1.35586E+05
   1.81728E-01   3.46517E-03   7.67604E-01   1.29312E-03   4.59100E-02   2.00806E+04  -5.97098E+04  -5.33197E+04  -1.29693E+05  -1.35470E+05
   1.82728E-01   3.46094E-03   7.66666E-01   1.29154E-03   4.58539E-02   2.02485E+04  -5.97240E+04  -5.33663E+04  -1.29762E+05  -1.35354E+05
   1.83728E-01   3.45671E-03   7.65728E-01   1.28996E-03   4.57978E-02   2.04165E+04  -5.97389E+04  -5.34133E+04  -1.29831E+05  -1.35237E+05
   1.84728E-01   3.45247E-03   7.64790E-01   1.28838E-03   4.57417E-02   2.05846E+04  -5.97548E+04  -5.34605E+04  -1.29901E+05  -1.35121E+05
   1.85728E-01   3.44824E-03   7.63852E-01   1.28680E-03   4.56856E-02   2.07527E+04  -5.97715E+04  -5.35080E+04  -1.29971E+05  -1.35004E+05
   1.86728E-01   3.44400E-03   7.62914E-01   1.28522E-03   4.56295E-02   2.09208E+04  -5.97890E+04  -5.35558E+04  -1.30041E+05  -1.34888E+05
   1.87728E-01   3.43977E-03   7.61976E-01   1.28364E-03   4.55734E-02   2.10891E+04  -5.98074E+04  -5.36039E+04  -1.30111E+05  -1.34772E+05
   1.88728E-01   3.43553E-03   7.61038E-01   1.28206E-03   4.55172E-02   2.12574E+04  -5.98267E+04  -5.36522E+04  -1.30181E+05  -1.34655E+05
   1.89728E-01   3.43130E-03   7.60099E-01   1.28048E-03   4.54611E-02   2.14258E+04  -5.98469E+04  -5.37009E+04  -1.30252E+05  -1.34539E+05
   1.90728E-01   3.42706E-03   7.59161E-01   1.27890E-03   4.54050E-02   2.15943E+04  -5.98680E+04  -5.37498E+04  -1.30323E+05  -1.34422E+05
   1.91728E-01   3.42283E-03   7.58223E-01   1.27732E-03   4.53489E-02   2.17628E+04  -5.98899E+04  -5.37990E+04  -1.30394E+05  -1.34306E+05
   1.92728E-01   3.41859E-03   7.57285E-01   1.27574E-03   4.52928E-02   2.19315E+04  -5.99128E+04  -5.38486E+04  -1.30465E+05  -1.34190E+05
   1.93728E-01   3.41436E-03   7.56347E-01   1.27416E-03   4.52367E-02   2.21003E+04  -5.99366E+04  -5.38984E+04  -1.30536E+05  -1.34073E+05
   1.94728E-01   3.41012E-03   7.55409E-01   1.27258E-03   4.51806E-02   2.22692E+04  -5.99613E+04  -5.39485E+04  -1.30608E+05  -1.33957E+05
   1.95728E-01   3.40589E-03   7.54471E-01   1.27100E-03   4.51245E-02   2.24382E+04  -5.99869E+04  -5.39990E+04  -1.30680E+05  -1.33840E+05
   1.96728E-01   3.40165E-03   7.53533E-01   1.26942E-03   4.50684E-02   2.26073E+04  -6.00135E+04  -5.40497E+04  -1.30752E+05  -1.33724E+05
   1.97728E-01   3.39742E-03   7.52595E-01   1.26784E-03   4.50123E-02   2.27766E+04  -6.00410E+04  -5.41007E+04  -1.30824E+05  -1.33608E+05
   1.98728E-01   3.39318E-03   7.51657E-01   1.26626E-03   4.49562E-02   2.29460E+04  -6.00694E+04  -5.41521E+04  -1.30897E+05  -1.33491E+05
   1.99728E-01   3.38895E-03   7.50719E-01   1.26468E-03   4.49001E-02   2.31156E+04  -6.00989E+04  -5.42038E+04  -1.30969E+05  -1.33375E+05
   2.00728E-01   3.38471E-03   7.49781E-01   1.26310E-03   4.48440E-02   2.32853E+04  -6.01292E+04  -5.42558E+04  -1.31043E+05  -1.33259E+05
   2.01728E-01   3.38048E-03   7.48843E-01   1.26152E-03   4.47879E-02   2.34552E+04  -6.01606E+04  -5.43081E+04  -1.31116E+05  -1.33142E+05
   2.02728E-01   3.37625E-03   7.47904E-01   1.25994E-03   4.47318E-02   2.36252E+04  -6.01930E+04  -5.43607E+04  -1.31189E+05  -1.33026E+05
   2.03728E-01   3.37201E-03   7.46966E-01   1.25836E-03   4.46757E-02   2.37954E+04  -6.02263E+04  -5.44137E+04  -1.31263E+05  -1.32910E+05
   2.04728E-01   3.36778E-03   7.46028E-01   1.25678E-03   4.46195E-02   2.39658E+04  -6.02606E+04  -5.44670E+04  -1.31337E+05  -1.32793E+05
   2.05728E-01   3.36354E-03   7.45090E-01   1.25520E-03   4.45634E-02   2.41364E+04  -6.02960E+04  -5.45206E+04  -1.31412E+05  -1.32677E+05
   2.06728E-01   3.35931E-03   7.44152E-01   1.25362E-03   4.45073E-02   2.43071E+04  -6.03323E+04  -5.45745E+04  -1.31486E+05  -1.32561E+05
   2.07728E-01   3.35507E-03   7.43214E-01   1.25204E-03   4.44512E-02   2.44781E+04  -6.03697E+04  -5.46288E+04  -1.31561E+05  -1.32445E+05
   2.08728E-01   3.35084E-03   7.42276E-01   1.25046E-03   4.43951E-02   2.46492E+04  -6.04082E+04  -5.46834E+04  -1.31636E+05  -1.32329E+05
   2.09728E-01   3.34660E-03   7.41338E-01   1.24888E-03   4.43390E-02   2.48206E+04  -6.04476E+04  -5.47384E+04  -1.31712E+05  -1.32213E+05
   2.10728E-01   3.34237E-03   7.40400E-01   1.24730E-03   4.42829E-02   2.49922E+04  -6.04882E+04  -5.47937E+04  -1.31788E+05  -1.32097E+05
   2.11728E-01   3.33813E-03   7.39462E-01   1.24571E-03   4.42268E-02   2.51640E+04  -6.05298E+04  -5.48494E+04  -1.31864E+05  -1.31981E+05
   2.12728E-01   3.33390E-03   7.38524E-01   1.24413E-03   4.41707E-02   2.53360E+04  -6.05724E+04  -5.49054E+04  -1.31940E+05  -1.31865E+05
   2.13728E-01   3.32966E-03   7.37586E-01   1.24255E-03   4.41146E-02   2.55083E+04  -6.06162E+04  -5.49618E+04  -1.32017E+05  -1.31749E+05
   2.14728E-01   3.32543E-03   7.36647E-01   1.24097E-03   4.40585E-02   2.56808E+04  -6.06610E+04  -5.50185E+04  -1.32094E+05  -1.31633E+05
   2.15728E-01   3.32119E-03   7.35709E-01   1.23939E-03   4.40024E-02   2.58535E+04  -6.07069E+04  -5.50756E+04  -1.32171E+05  -1.31517E+05
   2.16728E-01   3.31696E-03   7.34771E-01   1.23781E-03   4.39463E-02   2.60265E+04  -6.07540E+04  -5.51331E+04  -1.32249E+05  -1.31402E+05
   2.17728E-01   3.31272E-03   7.33833E-01   1.23623E-03   4.38902E-02   2.61998E+04  -6.08021E+04  -5.51909E+04  -1.32327E+05  -1.31286E+05
   2.18728E-01   3.30849E-03   7.32895E-01   1.23465E-03   4.38341E-02   2.63733E+04  -6.08514E+04  -5.52491E+04  -1.32405E+05  -1.31170E+05
   2.19728E-01   3.30425E-03   7.31957E-01   1.23307E-03   4.37780E-02   2.65471E+04  -6.09018E+04  -5.53076E+04  -1.32484E+05  -1.31055E+05
   2.20728E-01   3.30002E-03   7.31019E-01   1.23149E-03   4.37219E-02   2.67212E+04  -6.09534E+04  -5.53666E+04  -1.32563E+05  -1.30939E+05
   2.21728E-01   3.29578E-03   7.30081E-01   1.22991E-03   4.36657E-02   2.68956E+04  -6.10062E+04  -5.54259E+04  -1.32643E+05  -1.30824E+05
   2.22728E-01   3.29155E-03   7.29143E-01   1.22833E-03   4.36096E-02   2.70703E+04  -6.10601E+04  -5.54856E+04  -1.32722E+05  -1.30709E+05
   2.23728E-01   3.28732E-03   7.28205E-01   1.22675E-03   4.35535E-02   2.72452E+04  -6.11152E+04  -5.55457E+04  -1.32803E+05  -1.30594E+05
   2.24728E-01   3.28308E-03   7.27267E-01   1.22517E-03   4.34974E-02   2.74205E+04  -6.11714E+04  -5.56062E+04  -1.32883E+05  -1.30478E+05
   2.25728E-01   3.27885E-03   7.26329E-01   1.22359E-03   4.34413E-02   2.75961E+04  -6.12289E+04  -5.56671E+04  -1.32964E+05  -1.30363E+05
   2.26728E-01   3.27461E-03   7.25391E-01   1.22201E-03   4.33852E-02   2.77719E+04  -6.12876E+04  -5.57284E+04  -1.33046E+05  -1.30249E+05
   2.27728E-01   3.27038E-03   7.24452E-01   1.22043E-03   4.33291E-02   2.79482E+04  -6.13476E+04  -5.57901E+04  -1.33127E+05  -1.30134E+05
   2.28728E-01   3.26614E-03   7.23514E-01   1.21885E-03   4.32730E-02   2.81247E+04  -6.14087E+04  -5.58522E+04  -1.33209E+05  -1.30019E+05
   2.29728E-01   3.26191E-03   7.22576E-01   1.21727E-03   4.32169E-02   2.83016E+04  -6.14711E+04  -5.59147E+04  -1.33292E+05  -1.29905E+05
   2.30728E-01   3.25767E-03   7.21638E-01   1.21569E-03   4.31608E-02   2.84788E+04  -6.15348E+04  -5.59776E+04  -1.33375E+05  -1.29790E+05
   2.31728E-01   3.25344E-03   7.20700E-01   1.21411E-03   4.31047E-02   2.86564E+04  -6.15997E+04  -5.60410E+04  -1.33458E+05  -1.29676E+05
   2.32728E-01   3.24920E-03   7.19762E-01   1.21253E-03   4.30486E-02   2.88343E+04  -6.16659E+04  -5.61047E+04  -1.33542E+05  -1.29561E+05
   2.33728E-01   3.24497E-03   7.18824E-01   1.21095E-03   4.29925E-02   2.90126E+04  -6.17334E+04  -5.61689E+04  -1.33627E+05  -1.29447E+05
   2.34728E-01   3.24073E-03   7.17886E-01   1.20937E-03   4.29364E-02   2.91912E+04  -6.18022E+04  -5.62335E+04  -1.33711E+05  -1.29333E+05
   2.35728E-01   3.23650E-03   7.16948E-01   1.20779E-03   4.28803E-02   2.93702E+04  -6.18723E+04  -5.62986E+04  -1.33797E+05  -1.29220E+05
   2.36728E-01   3.23226E-03   7.16010E-01   1.20621E-03   4.28242E-02   2.95496E+04  -6.19438E+04  -5.63641E+04  -1.33882E+05  -1.29106E+05
   2.37728E-01   3.22803E-03   7.15072E-01   1.20463E-03   4.27681E-02   2.97294E+04  -6.20166E+04  -5.64300E+04  -1.33969E+05  -1.28992E+05
   2.38728E-01   3.22379E-03   7.14134E-01   1.20305E-03   4.27119E-02   2.99096E+04  -6.20907E+04  -5.64963E+04  -1.34055E+05  -1.28879E+05
   2.39728E-01   3.21956E-03   7.13196E-01   1.20147E-03   4.26558E-02   3.00902E+04  -6.21662E+04  -5.65632E+04  -1.34142E+05  -1.28766E+05
   2.40728E-01   3.21532E-03   7.12257E-01   1.19989E-03   4.25997E-02   3.02711E+04  -6.22431E+04  -5.66304E+04  -1.34230E+05  -1.28653E+05
   2.41728E-01   3.21109E-03   7.11319E-01   1.19831E-03   4.25436E-02   3.04525E+04  -6.23214E+04  -5.66981E+04  -1.34318E+05  -1.28540E+05
   2.42728E-01   3.20686E-03   7.10381E-01   1.19673E-03   4.24875E-02   3.06343E+04  -6.24010E+04  -5.67663E+04  -1.34407E+05  -1.28427E+05
   2.43728E-01   3.20262E-03   7.09443E-01   1.19514E-03   4.24314E-02   3.08165E+04  -6.24821E+04  -5.68350E+04  -1.34496E+05  -1.28314E+05
   2.44728E-01   3.19839E-03   7.08505E-01   1.19356E-03   4.23753E-02   3.09992E+04  -6.25646E+04  -5.69041E+04  -1.34586E+05  -1.28202E+05
   2.45728E-01   3.19415E-03   7.07567E-01   1.19198E-03   4.23192E-02   3.11822E+04  -6.26486E+04  -5.69737E+04  -1.34676E+05  -1.28090E+05
   2.46728E-01   3.18992E-03   7.06629E-01   1.19040E-03   4.22631E-02   3.13657E+04  -6.27340E+04  -5.70437E+04  -1.34767E+05  -1.27978E+05
   2.47728E-01   3.18568E-03   7.05691E-01   1.18882E-03   4.22070E-02   3.15497E+04  -6.28208E+04  -5.71143E+04  -1.34859E+05  -1.27866E+05
   2.48728E-01   3.18145E-03   7.04753E-01   1.18724E-03   4.21509E-02   3.17341E+04  -6.29092E+04  -5.71853E+04  -1.34951E+05  -1.27754E+05
   2.49728E-01   3.17721E-03   7.03815E-01   1.18566E-03   4.20948E-02   3.19190E+04  -6.29990E+04  -5.72568E+04  -1.35043E+05  -1.27643E+05
   2.50728E-01   3.17298E-03   7.02877E-01   1.18408E-03   4.20387E-02   3.21043E+04  -6.30904E+04  -5.73288E+04  -1.35136E+05  -1.27532E+05
   2.51728E-01   3.16874E-03   7.01939E-01   1.18250E-03   4.19826E-02   3.22901E+04  -6.31833E+04  -5.74013E+04  -1.35230E+05  -1.27421E+05
   2.52728E-01   3.16451E-03   7.01000E-01   1.18092E-03   4.19265E-02   3.24763E+04  -6.32777E+04  -5.74743E+04  -1.35324E+05  -1.27310E+05
   2.53728E-01   3.16027E-03   7.00062E-01   1.17934E-03   4.18704E-02   3.26631E+04  -6.33736E+04  -5.75479E+04  -1.35419E+05  -1.27199E+05
   2.54728E-01   3.15604E-03   6.99124E-01   1.17776E-03   4.18142E-02   3.28503E+04  -6.34711E+04  -5.76219E+04  -1.35515E+05  -1.27089E+05
   2.55728E-01   3.15180E-03   6.98186E-01   1.17618E-03   4.17581E-02   3.30380E+04  -6.35702E+04  -5.76964E+04  -1.35611E+05  -1.26979E+05
   2.56728E-01   3.14757E-03   6.97248E-01   1.17460E-03   4.17020E-02   3.32262E+04  -6.36709E+04  -5.77715E+04  -1.35708E+05  -1.26869E+05
   2.57728E-01   3.14333E-03   6.96310E-01   1.17302E-03   4.16459E-02   3.34149E+04  -6.37732E+04  -5.78471E+04  -1.35805E+05  -1.26760E+05
   2.58728E-01   3.13910E-03   6.95372E-01   1.17144E-03   4.15898E-02   3.36041E+04  -6.38771E+04  -5.79232E+04  -1.35904E+05  -1.26650E+05
   2.59728E-01   3.13486E-03   6.94434E-01   1.16986E-03   4.15337E-02   3.37938E+04  -6.39827E+04  -5.79999E+04  -1.36002E+05  -1.26541E+05
   2.60728E-01   3.13063E-03   6.93496E-01   1.16828E-03   4.14776E-02   3.39840E+04  -6.40899E+04  -5.80770E+04  -1.36102E+05  -1.26433E+05
   2.61728E-01   3.12640E-03   6.92558E-01   1.16670E-03   4.14215E-02   3.41748E+04  -6.41988E+04  -5.81548E+04  -1.36202E+05  -1.26324E+05
   2.62728E-01   3.12216E-03   6.91620E-01   1.16512E-03   4.13654E-02   3.43661E+04  -6.43093E+04  -5.82331E+04  -1.36303E+05  -1.26216E+05
   2.63728E-01   3.11793E-03   6.90682E-01   1.16354E-03   4.13093E-02   3.45579E+04  -6.44216E+04  -5.83119E+04  -1.36405E+05  -1.26108E+05
   2.64728E-01   3.11369E-03   6.89744E-01   1.16196E-03   4.12532E-02   3.47502E+04  -6.45355E+04  -5.83913E+04  -1.36507E+05  -1.26000E+05
   2.65728E-01   3.10946E-03   6.88805E-01   1.16038E-03   4.11971E-02   3.49431E+04  -6.46512E+04  -5.84712E+04  -1.36610E+05  -1.25893E+05
   2.66728E-01   3.10522E-03   6.87867E-01   1.15880E-03   4.11410E-02   3.51366E+04  -6.47687E+04  -5.85517E+04  -1.36714E+05  -1.25786E+05
   2.67728E-01   3.10099E-03   6.86929E-01   1.15722E-03   4.10849E-02   3.53306E+04  -6.48879E+04  -5.86328E+04  -1.36818E+05  -1.25679E+05
   2.68728E-01   3.09675E-03   6.85991E-01   1.15564E-03   4.10288E-02   3.55251E+04  -6.50088E+04  -5.87145E+04  -1.36924E+05  -1.25573E+05
   2.69728E-01   3.09252E-03   6.85053E-01   1.15406E-03   4.09727E-02   3.57202E+04  -6.51316E+04  -5.87967E+04  -1.37030E+05  -1.25467E+05
   2.70728E-01   3.08828E-03   6.84115E-01   1.15248E-03   4.09166E-02   3.59159E+04  -6.52562E+04  -5.88795E+04  -1.37137E+05  -1.25361E+05
   2.71728E-01   3.08405E-03   6.83177E-01   1.15090E-03   4.08604E-02   3.61122E+04  -6.53826E+04  -5.89629E+04  -1.37244E+05  -1.25256E+05
   2.72728E-01   3.07981E-03   6.82239E-01   1.14932E-03   4.08043E-02   3.63090E+04  -6.55108E+04  -5.90470E+04  -1.37353E+05  -1.25151E+05
   2.73728E-01   3.07558E-03   6.81301E-01   1.14774E-03   4.07482E-02   3.65065E+04  -6.56409E+04  -5.91316E+04  -1.37462E+05  -1.25046E+05
   2.74728E-01   3.07134E-03   6.80363E-01   1.14616E-03   4.06921E-02   3.67045E+04  -6.57729E+04  -5.92168E+04  -1.37572E+05  -1.24942E+05
   2.75728E-01   3.06711E-03   6.79425E-01   1.14457E-03   4.06360E-02   3.69031E+04  -6.59068E+04  -5.93026E+04  -1.37683E+05  -1.24838E+05
   2.76728E-01   3.06287E-03   6.78487E-01   1.14299E-03   4.05799E-02   3.71023E+04  -6.60426E+04  -5.93890E+04  -1.37795E+05  -1.24734E+05
   2.77728E-01   3.05864E-03   6.77549E-01   1.14141E-03   4.05238E-02   3.73021E+04  -6.61803E+04  -5.94761E+04  -1.37907E+05  -1.24631E+05
   2.78728E-01   3.05440E-03   6.76610E-01   1.13983E-03   4.04677E-02   3.75025E+04  -6.63199E+04  -5.95638E+04  -1.38021E+05  -1.24528E+05
   2.79728E-01   3.05017E-03   6.75672E-01   1.13825E-03   4.04116E-02   3.77035E+04  -6.64616E+04  -5.96521E+04  -1.38135E+05  -1.24426E+05
   2.80728E-01   3.04593E-03   6.74734E-01   1.13667E-03   4.03555E-02   3.79051E+04  -6.66052E+04  -5.97410E+04  -1.38251E+05  -1.24324E+05
   2.81728E-01   3.04170E-03   6.73796E-01   1.13509E-03   4.02994E-02   3.81074E+04  -6.67508E+04  -5.98306E+04  -1.38367E+05  -1.24223E+05
   2.82728E-01   3.03747E-03   6.72858E-01   1.13351E-03   4.02433E-02   3.83103E+04  -6.68984E+04  -5.99208E+04  -1.38484E+05  -1.24121E+05
   2.83728E-01   3.03323E-03   6.71920E-01   1.13193E-03   4.01872E-02   3.85138E+04  -6.70481E+04  -6.00117E+04  -1.38602E+05  -1.24021E+05
   2.84728E-01   3.02900E-03   6.70982E-01   1.13035E-03   4.01311E-02   3.87179E+04  -6.71998E+04  -6.01032E+04  -1.38721E+05  -1.23920E+05
   2.85728E-01   3.02476E-03   6.70044E-01   1.12877E-03   4.00750E-02   3.89227E+04  -6.73536E+04  -6.01954E+04  -1.38841E+05  -1.23821E+05
   2.86728E-01   3.02053E-03   6.69106E-01   1.12719E-03   4.00189E-02   3.91281E+04  -6.75095E+04  -6.02882E+04  -1.38962E+05  -1.23721E+05
   2.87728E-01   3.01629E-03   6.68168E-01   1.12561E-03   3.99628E-02   3.93342E+04  -6.76674E+04  -6.03817E+04  -1.39084E+05  -1.23622E+05
   2.88728E-01   3.01206E-03   6.67230E-01   1.12403E-03   3.99066E-02   3.95409E+04  -6.78276E+04  -6.04759E+04  -1.39207E+05  -1.23524E+05
   2.89728E-01   3.00782E-03   6.66292E-01   1.12245E-03   3.98505E-02   3.97483E+04  -6.79899E+04  -6.05708E+04  -1.39331E+05  -1.23426E+05
   2.90728E-01   3.00359E-03   6.65353E-01   1.12087E-03   3.97944E-02   3.99563E+04  -6.81543E+04  -6.06663E+04  -1.39455E+05  -1.23329E+05
   2.91728E-01   2.99935E-03   6.64415E-01   1.11929E-03   3.97383E-02   4.01650E+04  -6.83210E+04  -6.07626E+04  -1.39581E+05  -1.23232E+05
   2.92728E-01   2.99512E-03   6.63477E-01   1.11771E-03   3.96822E-02   4.03743E+04  -6.84898E+04  -6.08595E+04  -1.39708E+05  -1.23135E+05
   2.93728E-01   2.99088E-03   6.62539E-01   1.11613E-03   3.96261E-02   4.05843E+04  -6.86609E+04  -6.09571E+04  -1.39837E+05  -1.23040E+05
   2.94728E-01   2.98665E-03   6.61601E-01   1.11455E-03   3.95700E-02   4.07950E+04  -6.88342E+04  -6.10555E+04  -1.39966E+05  -1.22944E+05
   2.95728E-01   2.98241E-03   6.60663E-01   1.11297E-03   3.95139E-02   4.10064E+04  -6.90098E+04  -6.11545E+04  -1.40096E+05  -1.22849E+05
   2.96728E-01   2.97818E-03   6.59725E-01   1.11139E-03   3.94578E-02   4.12184E+04  -6.91877E+04  -6.12542E+04  -1.40227E+05  -1.22755E+05
   2.97728E-01   2.97394E-03   6.58787E-01   1.10981E-03   3.94017E-02   4.14311E+04  -6.93679E+04  -6.13547E+04  -1.40360E+05  -1.22661E+05
   2.98728E-01   2.96971E-03   6.57849E-01   1.10823E-03   3.93456E-02   4.16445E+04  -6.95505E+04  -6.14559E+04  -1.40493E+05  -1.22568E+05
   2.99728E-01   2.96547E-03   6.56911E-01   1.10665E-03   3.92895E-02   4.18586E+04  -6.97354E+04  -6.15578E+04  -1.40628E+05  -1.22476E+05
   2.99990E-01   2.96436E-03   6.56665E-01   1.10623E-03   3.92748E-02   4.19149E+04  -6.97843E+04  -6.15847E+04  -1.40664E+05  -1.22451E+05

 Phase Region for:
     FCC_A1                        
 col-1=X(C), col-2=X(CU), col-3=X(FE), col-4=X(MN), col-5=X(SI), col-6=MU(C), col-7=MU(CU), col-8=MU(FE), col-9=MU(MN), col-10=MU(SI),
   9.72763E-03   4.19355E-03   9.28954E-01   1.56494E-03   5.55602E-02  -2.32396E+04  -6.59677E+04  -4.82237E+04  -1.19993E+05  -1.54807E+05
   8.72763E-03   4.19779E-03   9.29892E-01   1.56652E-03   5.56163E-02  -2.42911E+04  -6.60383E+04  -4.82066E+04  -1.19951E+05  -1.54914E+05
   7.72763E-03   4.20202E-03   9.30830E-01   1.56810E-03   5.56724E-02  -2.54603E+04  -6.61091E+04  -4.81896E+04  -1.19908E+05  -1.55021E+05
   6.72763E-03   4.20626E-03   9.31768E-01   1.56968E-03   5.57285E-02  -2.67800E+04  -6.61802E+04  -4.81727E+04  -1.19865E+05  -1.55128E+05
   5.72763E-03   4.21049E-03   9.32706E-01   1.57126E-03   5.57846E-02  -2.82989E+04  -6.62515E+04  -4.81559E+04  -1.19823E+05  -1.55235E+05
   4.72763E-03   4.21472E-03   9.33644E-01   1.57284E-03   5.58407E-02  -3.00938E+04  -6.63231E+04  -4.81393E+04  -1.19780E+05  -1.55343E+05
   3.72763E-03   4.21896E-03   9.34582E-01   1.57442E-03   5.58969E-02  -3.22970E+04  -6.63949E+04  -4.81227E+04  -1.19738E+05  -1.55449E+05
   2.72763E-03   4.22319E-03   9.35520E-01   1.57600E-03   5.59530E-02  -3.51665E+04  -6.64670E+04  -4.81062E+04  -1.19696E+05  -1.55556E+05
   1.72763E-03   4.22743E-03   9.36458E-01   1.57758E-03   5.60091E-02  -3.93237E+04  -6.65393E+04  -4.80899E+04  -1.19654E+05  -1.55663E+05
   7.27626E-04   4.23166E-03   9.37396E-01   1.57916E-03   5.60652E-02  -4.71216E+04  -6.66118E+04  -4.80736E+04  -1.19613E+05  -1.55770E+05
   1.00000E-05   4.23470E-03   9.38070E-01   1.58029E-03   5.61054E-02  -8.54339E+04  -6.66640E+04  -4.80620E+04  -1.19583E+05  -1.55846E+05
