
 Phase Region for:
     FCC_A1#1                      
 col-1=X(C), col-2=X(CU), col-3=X(FE), col-4=X(MN), col-5=X(SI), col-6=MU(C), col-7=MU(CU), col-8=MU(FE), col-9=MU(MN), col-10=MU(SI),
   9.72763E-03   3.51779E-03   9.34974E-01   2.03448E-03   4.97456E-02   1.30524E+04  -1.40283E+04  -1.59146E+04  -5.75543E+04  -1.31436E+05
   1.07276E-02   3.51423E-03   9.34030E-01   2.03243E-03   4.96954E-02   1.35946E+04  -1.39560E+04  -1.59263E+04  -5.76063E+04  -1.31331E+05
   1.17276E-02   3.51068E-03   9.33086E-01   2.03037E-03   4.96452E-02   1.40954E+04  -1.38839E+04  -1.59381E+04  -5.76584E+04  -1.31225E+05
   1.27276E-02   3.50713E-03   9.32142E-01   2.02832E-03   4.95949E-02   1.45615E+04  -1.38121E+04  -1.59500E+04  -5.77107E+04  -1.31119E+05
   1.37276E-02   3.50358E-03   9.31198E-01   2.02626E-03   4.95447E-02   1.49982E+04  -1.37406E+04  -1.59620E+04  -5.77631E+04  -1.31014E+05
   1.47276E-02   3.50002E-03   9.30254E-01   2.02421E-03   4.94945E-02   1.54098E+04  -1.36693E+04  -1.59741E+04  -5.78157E+04  -1.30908E+05
   1.57276E-02   3.49647E-03   9.29310E-01   2.02215E-03   4.94442E-02   1.57995E+04  -1.35983E+04  -1.59863E+04  -5.78685E+04  -1.30802E+05
   1.67276E-02   3.49292E-03   9.28365E-01   2.02010E-03   4.93940E-02   1.61700E+04  -1.35275E+04  -1.59985E+04  -5.79214E+04  -1.30696E+05
   1.77276E-02   3.48937E-03   9.27421E-01   2.01804E-03   4.93438E-02   1.65237E+04  -1.34570E+04  -1.60109E+04  -5.79745E+04  -1.30590E+05
   1.87276E-02   3.48582E-03   9.26477E-01   2.01599E-03   4.92935E-02   1.68623E+04  -1.33867E+04  -1.60233E+04  -5.80277E+04  -1.30484E+05
   1.97276E-02   3.48226E-03   9.25533E-01   2.01394E-03   4.92433E-02   1.71875E+04  -1.33167E+04  -1.60359E+04  -5.80811E+04  -1.30377E+05
   2.07276E-02   3.47871E-03   9.24589E-01   2.01188E-03   4.91931E-02   1.75005E+04  -1.32469E+04  -1.60485E+04  -5.81347E+04  -1.30271E+05
   2.17276E-02   3.47516E-03   9.23645E-01   2.00983E-03   4.91428E-02   1.78026E+04  -1.31775E+04  -1.60613E+04  -5.81885E+04  -1.30165E+05
   2.27276E-02   3.47161E-03   9.22700E-01   2.00777E-03   4.90926E-02   1.80948E+04  -1.31083E+04  -1.60741E+04  -5.82424E+04  -1.30058E+05
   2.37276E-02   3.46805E-03   9.21756E-01   2.00572E-03   4.90424E-02   1.83779E+04  -1.30393E+04  -1.60870E+04  -5.82965E+04  -1.29952E+05
   2.47276E-02   3.46450E-03   9.20812E-01   2.00366E-03   4.89921E-02   1.86527E+04  -1.29706E+04  -1.61001E+04  -5.83507E+04  -1.29845E+05
   2.57276E-02   3.46095E-03   9.19868E-01   2.00161E-03   4.89419E-02   1.89198E+04  -1.29022E+04  -1.61132E+04  -5.84051E+04  -1.29739E+05
   2.67276E-02   3.45740E-03   9.18924E-01   1.99955E-03   4.88916E-02   1.91799E+04  -1.28341E+04  -1.61264E+04  -5.84597E+04  -1.29632E+05
   2.77276E-02   3.45384E-03   9.17980E-01   1.99750E-03   4.88414E-02   1.94335E+04  -1.27663E+04  -1.61398E+04  -5.85145E+04  -1.29525E+05
   2.87276E-02   3.45029E-03   9.17035E-01   1.99545E-03   4.87912E-02   1.96811E+04  -1.26987E+04  -1.61532E+04  -5.85694E+04  -1.29418E+05
   2.97276E-02   3.44674E-03   9.16091E-01   1.99339E-03   4.87409E-02   1.99230E+04  -1.26314E+04  -1.61668E+04  -5.86245E+04  -1.29311E+05
   3.07276E-02   3.44319E-03   9.15147E-01   1.99134E-03   4.86907E-02   2.01597E+04  -1.25644E+04  -1.61804E+04  -5.86798E+04  -1.29204E+05
   3.17276E-02   3.43964E-03   9.14203E-01   1.98928E-03   4.86405E-02   2.03915E+04  -1.24977E+04  -1.61941E+04  -5.87352E+04  -1.29097E+05
   3.27276E-02   3.43608E-03   9.13259E-01   1.98723E-03   4.85902E-02   2.06188E+04  -1.24313E+04  -1.62080E+04  -5.87908E+04  -1.28990E+05
   3.37276E-02   3.43253E-03   9.12315E-01   1.98517E-03   4.85400E-02   2.08417E+04  -1.23652E+04  -1.62219E+04  -5.88466E+04  -1.28883E+05
   3.47276E-02   3.42898E-03   9.11371E-01   1.98312E-03   4.84898E-02   2.10606E+04  -1.22993E+04  -1.62360E+04  -5.89026E+04  -1.28776E+05
   3.57276E-02   3.42543E-03   9.10426E-01   1.98106E-03   4.84395E-02   2.12758E+04  -1.22338E+04  -1.62501E+04  -5.89587E+04  -1.28668E+05
   3.67276E-02   3.42187E-03   9.09482E-01   1.97901E-03   4.83893E-02   2.14874E+04  -1.21685E+04  -1.62644E+04  -5.90150E+04  -1.28561E+05
   3.77276E-02   3.41832E-03   9.08538E-01   1.97695E-03   4.83391E-02   2.16956E+04  -1.21036E+04  -1.62787E+04  -5.90715E+04  -1.28453E+05
   3.87276E-02   3.41477E-03   9.07594E-01   1.97490E-03   4.82888E-02   2.19006E+04  -1.20389E+04  -1.62932E+04  -5.91282E+04  -1.28346E+05
   3.97276E-02   3.41122E-03   9.06650E-01   1.97285E-03   4.82386E-02   2.21026E+04  -1.19746E+04  -1.63078E+04  -5.91851E+04  -1.28238E+05
   4.07276E-02   3.40766E-03   9.05706E-01   1.97079E-03   4.81884E-02   2.23018E+04  -1.19106E+04  -1.63225E+04  -5.92421E+04  -1.28131E+05
   4.17276E-02   3.40411E-03   9.04761E-01   1.96874E-03   4.81381E-02   2.24982E+04  -1.18469E+04  -1.63373E+04  -5.92993E+04  -1.28023E+05
   4.27276E-02   3.40056E-03   9.03817E-01   1.96668E-03   4.80879E-02   2.26921E+04  -1.17834E+04  -1.63522E+04  -5.93567E+04  -1.27915E+05
   4.37276E-02   3.39701E-03   9.02873E-01   1.96463E-03   4.80377E-02   2.28836E+04  -1.17203E+04  -1.63672E+04  -5.94143E+04  -1.27807E+05
   4.47276E-02   3.39345E-03   9.01929E-01   1.96257E-03   4.79874E-02   2.30727E+04  -1.16576E+04  -1.63823E+04  -5.94721E+04  -1.27699E+05
   4.57276E-02   3.38990E-03   9.00985E-01   1.96052E-03   4.79372E-02   2.32596E+04  -1.15951E+04  -1.63975E+04  -5.95300E+04  -1.27591E+05
   4.67276E-02   3.38635E-03   9.00041E-01   1.95846E-03   4.78870E-02   2.34444E+04  -1.15330E+04  -1.64129E+04  -5.95881E+04  -1.27483E+05
   4.77276E-02   3.38280E-03   8.99096E-01   1.95641E-03   4.78367E-02   2.36273E+04  -1.14712E+04  -1.64283E+04  -5.96465E+04  -1.27375E+05
   4.87276E-02   3.37925E-03   8.98152E-01   1.95436E-03   4.77865E-02   2.38081E+04  -1.14097E+04  -1.64439E+04  -5.97050E+04  -1.27267E+05
   4.97276E-02   3.37569E-03   8.97208E-01   1.95230E-03   4.77363E-02   2.39872E+04  -1.13485E+04  -1.64596E+04  -5.97636E+04  -1.27159E+05
   5.07276E-02   3.37214E-03   8.96264E-01   1.95025E-03   4.76860E-02   2.41645E+04  -1.12877E+04  -1.64754E+04  -5.98225E+04  -1.27051E+05
   5.17276E-02   3.36859E-03   8.95320E-01   1.94819E-03   4.76358E-02   2.43401E+04  -1.12272E+04  -1.64913E+04  -5.98816E+04  -1.26942E+05
   5.27276E-02   3.36504E-03   8.94376E-01   1.94614E-03   4.75856E-02   2.45137E+04  -1.11670E+04  -1.65073E+04  -5.99404E+04  -1.26834E+05
   5.37276E-02   3.36148E-03   8.93431E-01   1.94408E-03   4.75353E-02   2.46860E+04  -1.11072E+04  -1.65234E+04  -5.99996E+04  -1.26725E+05
   5.47276E-02   3.35793E-03   8.92487E-01   1.94203E-03   4.74851E-02   2.48568E+04  -1.10477E+04  -1.65397E+04  -6.00590E+04  -1.26617E+05
   5.57276E-02   3.35438E-03   8.91543E-01   1.93997E-03   4.74349E-02   2.50261E+04  -1.09885E+04  -1.65560E+04  -6.01186E+04  -1.26508E+05
   5.67276E-02   3.35083E-03   8.90599E-01   1.93792E-03   4.73846E-02   2.51941E+04  -1.09297E+04  -1.65725E+04  -6.01782E+04  -1.26399E+05
   5.77276E-02   3.34727E-03   8.89655E-01   1.93587E-03   4.73344E-02   2.53606E+04  -1.08712E+04  -1.65891E+04  -6.02380E+04  -1.26291E+05
   5.87276E-02   3.34372E-03   8.88711E-01   1.93381E-03   4.72841E-02   2.55259E+04  -1.08131E+04  -1.66058E+04  -6.02980E+04  -1.26182E+05
   5.97276E-02   3.34017E-03   8.87767E-01   1.93176E-03   4.72339E-02   2.56899E+04  -1.07553E+04  -1.66226E+04  -6.03580E+04  -1.26073E+05
   6.07276E-02   3.33662E-03   8.86822E-01   1.92970E-03   4.71837E-02   2.58526E+04  -1.06979E+04  -1.66395E+04  -6.04181E+04  -1.25964E+05
   6.17276E-02   3.33306E-03   8.85878E-01   1.92765E-03   4.71334E-02   2.60141E+04  -1.06408E+04  -1.66566E+04  -6.04783E+04  -1.25855E+05
   6.27276E-02   3.32951E-03   8.84934E-01   1.92559E-03   4.70832E-02   2.61745E+04  -1.05841E+04  -1.66737E+04  -6.05386E+04  -1.25746E+05
   6.37276E-02   3.32596E-03   8.83990E-01   1.92354E-03   4.70330E-02   2.63338E+04  -1.05277E+04  -1.66910E+04  -6.05989E+04  -1.25637E+05
   6.47276E-02   3.32241E-03   8.83046E-01   1.92148E-03   4.69827E-02   2.64919E+04  -1.04717E+04  -1.67084E+04  -6.06593E+04  -1.25527E+05
   6.57276E-02   3.31886E-03   8.82102E-01   1.91943E-03   4.69325E-02   2.66489E+04  -1.04160E+04  -1.67259E+04  -6.07198E+04  -1.25418E+05
   6.67276E-02   3.31530E-03   8.81157E-01   1.91738E-03   4.68823E-02   2.68049E+04  -1.03607E+04  -1.67435E+04  -6.07803E+04  -1.25309E+05
   6.77276E-02   3.31175E-03   8.80213E-01   1.91532E-03   4.68320E-02   2.69599E+04  -1.03058E+04  -1.67612E+04  -6.08408E+04  -1.25199E+05
   6.87276E-02   3.30820E-03   8.79269E-01   1.91327E-03   4.67818E-02   2.71139E+04  -1.02512E+04  -1.67791E+04  -6.09013E+04  -1.25090E+05
   6.97276E-02   3.30465E-03   8.78325E-01   1.91121E-03   4.67316E-02   2.72668E+04  -1.01969E+04  -1.67970E+04  -6.09618E+04  -1.24980E+05
   7.07276E-02   3.30109E-03   8.77381E-01   1.90916E-03   4.66813E-02   2.74188E+04  -1.01430E+04  -1.68151E+04  -6.10223E+04  -1.24870E+05
   7.17276E-02   3.29754E-03   8.76437E-01   1.90710E-03   4.66311E-02   2.75699E+04  -1.00895E+04  -1.68333E+04  -6.10828E+04  -1.24761E+05
   7.27276E-02   3.29399E-03   8.75492E-01   1.90505E-03   4.65809E-02   2.77200E+04  -1.00364E+04  -1.68516E+04  -6.11432E+04  -1.24651E+05
   7.37276E-02   3.29044E-03   8.74548E-01   1.90299E-03   4.65306E-02   2.78692E+04  -9.98355E+03  -1.68700E+04  -6.12035E+04  -1.24541E+05
   7.47276E-02   3.28688E-03   8.73604E-01   1.90094E-03   4.64804E-02   2.80175E+04  -9.93110E+03  -1.68885E+04  -6.12638E+04  -1.24431E+05
   7.57276E-02   3.28333E-03   8.72660E-01   1.89889E-03   4.64302E-02   2.81649E+04  -9.87901E+03  -1.69071E+04  -6.13240E+04  -1.24321E+05
   7.67276E-02   3.27978E-03   8.71716E-01   1.89683E-03   4.63799E-02   2.83114E+04  -9.82728E+03  -1.69258E+04  -6.13840E+04  -1.24210E+05
   7.77276E-02   3.27623E-03   8.70772E-01   1.89478E-03   4.63297E-02   2.84571E+04  -9.77591E+03  -1.69447E+04  -6.14440E+04  -1.24100E+05
   7.87276E-02   3.27267E-03   8.69828E-01   1.89272E-03   4.62795E-02   2.86019E+04  -9.72490E+03  -1.69636E+04  -6.15038E+04  -1.23990E+05
   7.97276E-02   3.26912E-03   8.68883E-01   1.89067E-03   4.62292E-02   2.87458E+04  -9.67424E+03  -1.69827E+04  -6.15634E+04  -1.23879E+05
   8.07276E-02   3.26557E-03   8.67939E-01   1.88861E-03   4.61790E-02   2.88889E+04  -9.62394E+03  -1.70018E+04  -6.16229E+04  -1.23769E+05
   8.17276E-02   3.26202E-03   8.66995E-01   1.88656E-03   4.61288E-02   2.90311E+04  -9.57400E+03  -1.70211E+04  -6.16821E+04  -1.23658E+05
   8.27276E-02   3.25847E-03   8.66051E-01   1.88450E-03   4.60785E-02   2.91726E+04  -9.52441E+03  -1.70405E+04  -6.17412E+04  -1.23547E+05
   8.37276E-02   3.25491E-03   8.65107E-01   1.88245E-03   4.60283E-02   2.93132E+04  -9.47518E+03  -1.70600E+04  -6.18000E+04  -1.23436E+05
   8.47276E-02   3.25136E-03   8.64163E-01   1.88040E-03   4.59781E-02   2.94529E+04  -9.42630E+03  -1.70796E+04  -6.18586E+04  -1.23325E+05
   8.57276E-02   3.24781E-03   8.63218E-01   1.87834E-03   4.59278E-02   2.95919E+04  -9.37777E+03  -1.70992E+04  -6.19169E+04  -1.23214E+05
   8.67276E-02   3.24426E-03   8.62274E-01   1.87629E-03   4.58776E-02   2.97300E+04  -9.32960E+03  -1.71190E+04  -6.19749E+04  -1.23102E+05
   8.77276E-02   3.24070E-03   8.61330E-01   1.87423E-03   4.58274E-02   2.98674E+04  -9.28177E+03  -1.71389E+04  -6.20325E+04  -1.22991E+05
   8.87276E-02   3.23715E-03   8.60386E-01   1.87218E-03   4.57771E-02   3.00039E+04  -9.23429E+03  -1.71589E+04  -6.20899E+04  -1.22879E+05
   8.97276E-02   3.23360E-03   8.59442E-01   1.87012E-03   4.57269E-02   3.01396E+04  -9.18715E+03  -1.71790E+04  -6.21469E+04  -1.22767E+05
   9.07276E-02   3.23005E-03   8.58498E-01   1.86807E-03   4.56767E-02   3.02746E+04  -9.14036E+03  -1.71992E+04  -6.22035E+04  -1.22656E+05
   9.17276E-02   3.22649E-03   8.57553E-01   1.86601E-03   4.56264E-02   3.04087E+04  -9.09390E+03  -1.72194E+04  -6.22598E+04  -1.22544E+05
   9.27276E-02   3.22294E-03   8.56609E-01   1.86396E-03   4.55762E-02   3.05420E+04  -9.04779E+03  -1.72398E+04  -6.23156E+04  -1.22431E+05
   9.37276E-02   3.21939E-03   8.55665E-01   1.86190E-03   4.55259E-02   3.06745E+04  -9.00202E+03  -1.72603E+04  -6.23710E+04  -1.22319E+05
   9.47276E-02   3.21584E-03   8.54721E-01   1.85985E-03   4.54757E-02   3.08062E+04  -8.95658E+03  -1.72808E+04  -6.24259E+04  -1.22206E+05
   9.57276E-02   3.21229E-03   8.53777E-01   1.85780E-03   4.54255E-02   3.09372E+04  -8.91147E+03  -1.73015E+04  -6.24804E+04  -1.22094E+05
   9.67276E-02   3.20873E-03   8.52833E-01   1.85574E-03   4.53752E-02   3.10673E+04  -8.86668E+03  -1.73222E+04  -6.25343E+04  -1.21981E+05
   9.77276E-02   3.20518E-03   8.51888E-01   1.85369E-03   4.53250E-02   3.11966E+04  -8.82223E+03  -1.73430E+04  -6.25877E+04  -1.21868E+05
   9.87276E-02   3.20163E-03   8.50944E-01   1.85163E-03   4.52748E-02   3.13251E+04  -8.77810E+03  -1.73639E+04  -6.26406E+04  -1.21754E+05
   9.97276E-02   3.19808E-03   8.50000E-01   1.84958E-03   4.52245E-02   3.14528E+04  -8.73428E+03  -1.73849E+04  -6.26929E+04  -1.21641E+05
   1.00728E-01   3.19452E-03   8.49056E-01   1.84752E-03   4.51743E-02   3.15797E+04  -8.69079E+03  -1.74060E+04  -6.27446E+04  -1.21527E+05
   1.01728E-01   3.19097E-03   8.48112E-01   1.84547E-03   4.51241E-02   3.17059E+04  -8.64761E+03  -1.74271E+04  -6.27957E+04  -1.21414E+05
   1.02728E-01   3.18742E-03   8.47168E-01   1.84341E-03   4.50738E-02   3.18312E+04  -8.60473E+03  -1.74484E+04  -6.28461E+04  -1.21299E+05
   1.03728E-01   3.18387E-03   8.46224E-01   1.84136E-03   4.50236E-02   3.19556E+04  -8.56217E+03  -1.74697E+04  -6.28959E+04  -1.21185E+05
   1.04728E-01   3.18031E-03   8.45279E-01   1.83931E-03   4.49734E-02   3.20793E+04  -8.51990E+03  -1.74911E+04  -6.29450E+04  -1.21071E+05
   1.05728E-01   3.17676E-03   8.44335E-01   1.83725E-03   4.49231E-02   3.22022E+04  -8.47794E+03  -1.75125E+04  -6.29934E+04  -1.20956E+05
   1.06728E-01   3.17321E-03   8.43391E-01   1.83520E-03   4.48729E-02   3.23242E+04  -8.43627E+03  -1.75340E+04  -6.30410E+04  -1.20841E+05
   1.07728E-01   3.16966E-03   8.42447E-01   1.83314E-03   4.48227E-02   3.24455E+04  -8.39489E+03  -1.75557E+04  -6.30879E+04  -1.20726E+05
   1.08728E-01   3.16610E-03   8.41503E-01   1.83109E-03   4.47724E-02   3.25659E+04  -8.35379E+03  -1.75773E+04  -6.31340E+04  -1.20610E+05
   1.09728E-01   3.16255E-03   8.40559E-01   1.82903E-03   4.47222E-02   3.26855E+04  -8.31298E+03  -1.75991E+04  -6.31792E+04  -1.20494E+05
   1.10728E-01   3.15900E-03   8.39614E-01   1.82698E-03   4.46720E-02   3.28043E+04  -8.27245E+03  -1.76209E+04  -6.32237E+04  -1.20378E+05
   1.11728E-01   3.15545E-03   8.38670E-01   1.82492E-03   4.46217E-02   3.29222E+04  -8.23219E+03  -1.76428E+04  -6.32673E+04  -1.20262E+05
   1.12728E-01   3.15190E-03   8.37726E-01   1.82287E-03   4.45715E-02   3.30393E+04  -8.19219E+03  -1.76647E+04  -6.33100E+04  -1.20145E+05
   1.13728E-01   3.14834E-03   8.36782E-01   1.82082E-03   4.45213E-02   3.31556E+04  -8.15246E+03  -1.76867E+04  -6.33517E+04  -1.20029E+05
   1.14728E-01   3.14479E-03   8.35838E-01   1.81876E-03   4.44710E-02   3.32711E+04  -8.11299E+03  -1.77088E+04  -6.33926E+04  -1.19911E+05
   1.15728E-01   3.14124E-03   8.34894E-01   1.81671E-03   4.44208E-02   3.33857E+04  -8.07377E+03  -1.77309E+04  -6.34325E+04  -1.19794E+05
   1.16728E-01   3.13769E-03   8.33949E-01   1.81465E-03   4.43706E-02   3.34995E+04  -8.03480E+03  -1.77531E+04  -6.34713E+04  -1.19676E+05
   1.17728E-01   3.13413E-03   8.33005E-01   1.81260E-03   4.43203E-02   3.36124E+04  -7.99607E+03  -1.77753E+04  -6.35092E+04  -1.19558E+05
   1.18728E-01   3.13058E-03   8.32061E-01   1.81054E-03   4.42701E-02   3.37245E+04  -7.95758E+03  -1.77976E+04  -6.35460E+04  -1.19440E+05
   1.19728E-01   3.12703E-03   8.31117E-01   1.80849E-03   4.42199E-02   3.38357E+04  -7.91931E+03  -1.78199E+04  -6.35818E+04  -1.19321E+05
   1.20728E-01   3.12348E-03   8.30173E-01   1.80643E-03   4.41696E-02   3.39461E+04  -7.88128E+03  -1.78423E+04  -6.36164E+04  -1.19202E+05
   1.21728E-01   3.11992E-03   8.29229E-01   1.80438E-03   4.41194E-02   3.40556E+04  -7.84346E+03  -1.78647E+04  -6.36500E+04  -1.19082E+05
   1.22728E-01   3.11637E-03   8.28285E-01   1.80233E-03   4.40692E-02   3.41643E+04  -7.80585E+03  -1.78872E+04  -6.36823E+04  -1.18962E+05
   1.23728E-01   3.11282E-03   8.27340E-01   1.80027E-03   4.40189E-02   3.42721E+04  -7.76845E+03  -1.79097E+04  -6.37135E+04  -1.18842E+05
   1.24728E-01   3.10927E-03   8.26396E-01   1.79822E-03   4.39687E-02   3.43790E+04  -7.73125E+03  -1.79323E+04  -6.37435E+04  -1.18721E+05
   1.25728E-01   3.10571E-03   8.25452E-01   1.79616E-03   4.39185E-02   3.44851E+04  -7.69424E+03  -1.79549E+04  -6.37722E+04  -1.18600E+05
   1.26728E-01   3.10216E-03   8.24508E-01   1.79411E-03   4.38682E-02   3.45903E+04  -7.65741E+03  -1.79775E+04  -6.37996E+04  -1.18479E+05
   1.27728E-01   3.09861E-03   8.23564E-01   1.79205E-03   4.38180E-02   3.46946E+04  -7.62076E+03  -1.80002E+04  -6.38257E+04  -1.18357E+05
   1.28728E-01   3.09506E-03   8.22620E-01   1.79000E-03   4.37677E-02   3.47979E+04  -7.58428E+03  -1.80229E+04  -6.38504E+04  -1.18234E+05
   1.29728E-01   3.09151E-03   8.21675E-01   1.78794E-03   4.37175E-02   3.49004E+04  -7.54796E+03  -1.80456E+04  -6.38737E+04  -1.18112E+05
   1.30728E-01   3.08795E-03   8.20731E-01   1.78589E-03   4.36673E-02   3.50020E+04  -7.51179E+03  -1.80684E+04  -6.38956E+04  -1.17988E+05
   1.31728E-01   3.08440E-03   8.19787E-01   1.78384E-03   4.36170E-02   3.51027E+04  -7.47576E+03  -1.80912E+04  -6.39161E+04  -1.17865E+05
   1.32728E-01   3.08085E-03   8.18843E-01   1.78178E-03   4.35668E-02   3.52024E+04  -7.43986E+03  -1.81140E+04  -6.39350E+04  -1.17740E+05
   1.33728E-01   3.07730E-03   8.17899E-01   1.77973E-03   4.35166E-02   3.53012E+04  -7.40408E+03  -1.81368E+04  -6.39523E+04  -1.17616E+05
   1.34728E-01   3.07374E-03   8.16955E-01   1.77767E-03   4.34663E-02   3.53990E+04  -7.36841E+03  -1.81596E+04  -6.39681E+04  -1.17490E+05
   1.35728E-01   3.07019E-03   8.16010E-01   1.77562E-03   4.34161E-02   3.54958E+04  -7.33283E+03  -1.81824E+04  -6.39821E+04  -1.17365E+05
   1.36728E-01   3.06664E-03   8.15066E-01   1.77356E-03   4.33659E-02   3.55917E+04  -7.29734E+03  -1.82053E+04  -6.39945E+04  -1.17238E+05
   1.37728E-01   3.06309E-03   8.14122E-01   1.77151E-03   4.33156E-02   3.56865E+04  -7.26192E+03  -1.82281E+04  -6.40050E+04  -1.17111E+05
   1.38728E-01   3.05953E-03   8.13178E-01   1.76945E-03   4.32654E-02   3.57803E+04  -7.22654E+03  -1.82509E+04  -6.40137E+04  -1.16984E+05
   1.39728E-01   3.05598E-03   8.12234E-01   1.76740E-03   4.32152E-02   3.58731E+04  -7.19121E+03  -1.82738E+04  -6.40205E+04  -1.16856E+05
   1.40728E-01   3.05243E-03   8.11290E-01   1.76535E-03   4.31649E-02   3.59647E+04  -7.15589E+03  -1.82966E+04  -6.40253E+04  -1.16727E+05
   1.41728E-01   3.04888E-03   8.10346E-01   1.76329E-03   4.31147E-02   3.60552E+04  -7.12056E+03  -1.83193E+04  -6.40280E+04  -1.16598E+05
   1.42728E-01   3.04533E-03   8.09401E-01   1.76124E-03   4.30645E-02   3.61446E+04  -7.08521E+03  -1.83421E+04  -6.40285E+04  -1.16468E+05
   1.43728E-01   3.04177E-03   8.08457E-01   1.75918E-03   4.30142E-02   3.62327E+04  -7.04981E+03  -1.83648E+04  -6.40267E+04  -1.16337E+05
   1.44728E-01   3.03822E-03   8.07513E-01   1.75713E-03   4.29640E-02   3.63196E+04  -7.01433E+03  -1.83874E+04  -6.40225E+04  -1.16205E+05
   1.45728E-01   3.03467E-03   8.06569E-01   1.75507E-03   4.29138E-02   3.64052E+04  -6.97874E+03  -1.84100E+04  -6.40158E+04  -1.16073E+05
   1.46728E-01   3.03112E-03   8.05625E-01   1.75302E-03   4.28635E-02   3.64894E+04  -6.94300E+03  -1.84325E+04  -6.40064E+04  -1.15940E+05
   1.47728E-01   3.02756E-03   8.04681E-01   1.75096E-03   4.28133E-02   3.65721E+04  -6.90709E+03  -1.84549E+04  -6.39942E+04  -1.15806E+05
   1.48728E-01   3.02401E-03   8.03736E-01   1.74891E-03   4.27631E-02   3.66533E+04  -6.87095E+03  -1.84773E+04  -6.39790E+04  -1.15671E+05
   1.49728E-01   3.02046E-03   8.02792E-01   1.74685E-03   4.27128E-02   3.67329E+04  -6.83453E+03  -1.84994E+04  -6.39606E+04  -1.15536E+05
   1.50728E-01   3.01691E-03   8.01848E-01   1.74480E-03   4.26626E-02   3.68107E+04  -6.79780E+03  -1.85215E+04  -6.39387E+04  -1.15399E+05
   1.51728E-01   3.01335E-03   8.00904E-01   1.74275E-03   4.26124E-02   3.68867E+04  -6.76067E+03  -1.85433E+04  -6.39132E+04  -1.15261E+05
   1.52728E-01   3.00980E-03   7.99960E-01   1.74069E-03   4.25621E-02   3.69606E+04  -6.72310E+03  -1.85650E+04  -6.38837E+04  -1.15122E+05
   1.53728E-01   3.00625E-03   7.99016E-01   1.73864E-03   4.25119E-02   3.70324E+04  -6.68499E+03  -1.85864E+04  -6.38500E+04  -1.14982E+05
   1.54728E-01   3.00270E-03   7.98071E-01   1.73658E-03   4.24617E-02   3.71019E+04  -6.64627E+03  -1.86076E+04  -6.38116E+04  -1.14840E+05
   1.55728E-01   2.99914E-03   7.97127E-01   1.73453E-03   4.24114E-02   3.71689E+04  -6.60683E+03  -1.86285E+04  -6.37682E+04  -1.14697E+05
   1.56728E-01   2.99559E-03   7.96183E-01   1.73247E-03   4.23612E-02   3.72330E+04  -6.56656E+03  -1.86490E+04  -6.37193E+04  -1.14553E+05
   1.57728E-01   2.99204E-03   7.95239E-01   1.73042E-03   4.23110E-02   3.72941E+04  -6.52534E+03  -1.86691E+04  -6.36645E+04  -1.14407E+05
   1.58728E-01   2.98849E-03   7.94295E-01   1.72836E-03   4.22607E-02   3.73519E+04  -6.48302E+03  -1.86888E+04  -6.36031E+04  -1.14259E+05
   1.59728E-01   2.98494E-03   7.93351E-01   1.72631E-03   4.22105E-02   3.74061E+04  -6.43943E+03  -1.87079E+04  -6.35344E+04  -1.14109E+05
   1.60728E-01   2.98138E-03   7.92406E-01   1.72426E-03   4.21603E-02   3.74561E+04  -6.39440E+03  -1.87265E+04  -6.34578E+04  -1.13957E+05
   1.61728E-01   2.97783E-03   7.91462E-01   1.72220E-03   4.21100E-02   3.74824E+04  -6.34045E+03  -1.87409E+04  -6.33402E+04  -1.13795E+05
   1.62728E-01   2.97428E-03   7.90518E-01   1.72015E-03   4.20598E-02   3.73771E+04  -6.23647E+03  -1.87317E+04  -6.30008E+04  -1.13584E+05
   1.63728E-01   2.97073E-03   7.89574E-01   1.71809E-03   4.20095E-02   3.72906E+04  -6.13853E+03  -1.87258E+04  -6.26892E+04  -1.13378E+05
   1.64728E-01   2.96717E-03   7.88630E-01   1.71604E-03   4.19593E-02   3.72213E+04  -6.04626E+03  -1.87231E+04  -6.24030E+04  -1.13176E+05
   1.65728E-01   2.96362E-03   7.87686E-01   1.71398E-03   4.19091E-02   3.71678E+04  -5.95928E+03  -1.87232E+04  -6.21404E+04  -1.12980E+05
   1.66728E-01   2.96007E-03   7.86742E-01   1.71193E-03   4.18588E-02   3.71290E+04  -5.87727E+03  -1.87261E+04  -6.18994E+04  -1.12787E+05
   1.67728E-01   2.95652E-03   7.85797E-01   1.70987E-03   4.18086E-02   3.71037E+04  -5.79996E+03  -1.87316E+04  -6.16787E+04  -1.12598E+05
   1.68728E-01   2.95296E-03   7.84853E-01   1.70782E-03   4.17584E-02   3.70909E+04  -5.72707E+03  -1.87394E+04  -6.14766E+04  -1.12412E+05
   1.69728E-01   2.94941E-03   7.83909E-01   1.70577E-03   4.17081E-02   3.70898E+04  -5.65838E+03  -1.87495E+04  -6.12918E+04  -1.12230E+05
   1.70728E-01   2.94586E-03   7.82965E-01   1.70371E-03   4.16579E-02   3.70994E+04  -5.59366E+03  -1.87617E+04  -6.11233E+04  -1.12051E+05
   1.71728E-01   2.94231E-03   7.82021E-01   1.70166E-03   4.16077E-02   3.71191E+04  -5.53274E+03  -1.87760E+04  -6.09698E+04  -1.11875E+05
   1.72728E-01   2.93875E-03   7.81077E-01   1.69960E-03   4.15574E-02   3.71482E+04  -5.47542E+03  -1.87921E+04  -6.08305E+04  -1.11702E+05
   1.73728E-01   2.93520E-03   7.80132E-01   1.69755E-03   4.15072E-02   3.71860E+04  -5.42157E+03  -1.88101E+04  -6.07044E+04  -1.11531E+05
   1.74728E-01   2.93165E-03   7.79188E-01   1.69549E-03   4.14570E-02   3.72320E+04  -5.37102E+03  -1.88298E+04  -6.05907E+04  -1.11363E+05
   1.75728E-01   2.92810E-03   7.78244E-01   1.69344E-03   4.14067E-02   3.72858E+04  -5.32365E+03  -1.88511E+04  -6.04886E+04  -1.11197E+05
   1.76728E-01   2.92455E-03   7.77300E-01   1.69138E-03   4.13565E-02   3.73467E+04  -5.27934E+03  -1.88740E+04  -6.03976E+04  -1.11034E+05
   1.77728E-01   2.92099E-03   7.76356E-01   1.68933E-03   4.13063E-02   3.74144E+04  -5.23798E+03  -1.88983E+04  -6.03168E+04  -1.10872E+05
   1.78728E-01   2.91744E-03   7.75412E-01   1.68728E-03   4.12560E-02   3.74885E+04  -5.19946E+03  -1.89241E+04  -6.02458E+04  -1.10713E+05
   1.79728E-01   2.91389E-03   7.74467E-01   1.68522E-03   4.12058E-02   3.75686E+04  -5.16370E+03  -1.89513E+04  -6.01841E+04  -1.10555E+05
   1.80728E-01   2.91034E-03   7.73523E-01   1.68317E-03   4.11556E-02   3.76543E+04  -5.13061E+03  -1.89798E+04  -6.01311E+04  -1.10399E+05
   1.81728E-01   2.90678E-03   7.72579E-01   1.68111E-03   4.11053E-02   3.77454E+04  -5.10010E+03  -1.90096E+04  -6.00863E+04  -1.10245E+05
   1.82728E-01   2.90323E-03   7.71635E-01   1.67906E-03   4.10551E-02   3.78416E+04  -5.07212E+03  -1.90406E+04  -6.00494E+04  -1.10092E+05
   1.83728E-01   2.89968E-03   7.70691E-01   1.67700E-03   4.10049E-02   3.79425E+04  -5.04659E+03  -1.90728E+04  -6.00199E+04  -1.09941E+05
   1.84728E-01   2.89613E-03   7.69747E-01   1.67495E-03   4.09546E-02   3.80480E+04  -5.02346E+03  -1.91061E+04  -5.99976E+04  -1.09792E+05
   1.85728E-01   2.89257E-03   7.68803E-01   1.67289E-03   4.09044E-02   3.81578E+04  -5.00266E+03  -1.91405E+04  -5.99819E+04  -1.09644E+05
   1.86728E-01   2.88902E-03   7.67858E-01   1.67084E-03   4.08542E-02   3.82716E+04  -4.98414E+03  -1.91760E+04  -5.99728E+04  -1.09497E+05
   1.87728E-01   2.88547E-03   7.66914E-01   1.66879E-03   4.08039E-02   3.83894E+04  -4.96786E+03  -1.92125E+04  -5.99697E+04  -1.09352E+05
   1.88728E-01   2.88192E-03   7.65970E-01   1.66673E-03   4.07537E-02   3.85108E+04  -4.95377E+03  -1.92500E+04  -5.99725E+04  -1.09208E+05
   1.89728E-01   2.87836E-03   7.65026E-01   1.66468E-03   4.07035E-02   3.86358E+04  -4.94183E+03  -1.92885E+04  -5.99809E+04  -1.09066E+05
   1.90728E-01   2.87481E-03   7.64082E-01   1.66262E-03   4.06532E-02   3.87641E+04  -4.93200E+03  -1.93280E+04  -5.99947E+04  -1.08924E+05
   1.91728E-01   2.87126E-03   7.63138E-01   1.66057E-03   4.06030E-02   3.88956E+04  -4.92425E+03  -1.93684E+04  -6.00137E+04  -1.08784E+05
   1.92728E-01   2.86771E-03   7.62193E-01   1.65851E-03   4.05528E-02   3.90301E+04  -4.91855E+03  -1.94097E+04  -6.00375E+04  -1.08645E+05
   1.93728E-01   2.86416E-03   7.61249E-01   1.65646E-03   4.05025E-02   3.91676E+04  -4.91486E+03  -1.94518E+04  -6.00661E+04  -1.08507E+05
   1.94728E-01   2.86060E-03   7.60305E-01   1.65440E-03   4.04523E-02   3.93078E+04  -4.91316E+03  -1.94948E+04  -6.00993E+04  -1.08370E+05
   1.95728E-01   2.85705E-03   7.59361E-01   1.65235E-03   4.04021E-02   3.94507E+04  -4.91342E+03  -1.95387E+04  -6.01368E+04  -1.08234E+05
   1.96728E-01   2.85350E-03   7.58417E-01   1.65030E-03   4.03518E-02   3.95961E+04  -4.91562E+03  -1.95834E+04  -6.01785E+04  -1.08099E+05
   1.97728E-01   2.84995E-03   7.57473E-01   1.64824E-03   4.03016E-02   3.97440E+04  -4.91973E+03  -1.96289E+04  -6.02242E+04  -1.07965E+05
   1.98728E-01   2.84639E-03   7.56528E-01   1.64619E-03   4.02513E-02   3.98942E+04  -4.92574E+03  -1.96752E+04  -6.02739E+04  -1.07832E+05
   1.99728E-01   2.84284E-03   7.55584E-01   1.64413E-03   4.02011E-02   4.00467E+04  -4.93362E+03  -1.97222E+04  -6.03273E+04  -1.07700E+05
   2.00728E-01   2.83929E-03   7.54640E-01   1.64208E-03   4.01509E-02   4.02013E+04  -4.94337E+03  -1.97700E+04  -6.03843E+04  -1.07569E+05
   2.01728E-01   2.83574E-03   7.53696E-01   1.64002E-03   4.01006E-02   4.03580E+04  -4.95495E+03  -1.98186E+04  -6.04449E+04  -1.07438E+05
   2.02728E-01   2.83218E-03   7.52752E-01   1.63797E-03   4.00504E-02   4.05166E+04  -4.96837E+03  -1.98679E+04  -6.05088E+04  -1.07309E+05
   2.03728E-01   2.82863E-03   7.51808E-01   1.63591E-03   4.00002E-02   4.06772E+04  -4.98360E+03  -1.99179E+04  -6.05761E+04  -1.07180E+05
   2.04728E-01   2.82508E-03   7.50863E-01   1.63386E-03   3.99499E-02   4.08396E+04  -5.00063E+03  -1.99686E+04  -6.06465E+04  -1.07053E+05
   2.05728E-01   2.82153E-03   7.49919E-01   1.63180E-03   3.98997E-02   4.10038E+04  -5.01945E+03  -2.00201E+04  -6.07200E+04  -1.06926E+05
   2.06728E-01   2.81798E-03   7.48975E-01   1.62975E-03   3.98495E-02   4.11697E+04  -5.04005E+03  -2.00722E+04  -6.07964E+04  -1.06800E+05
   2.07728E-01   2.81442E-03   7.48031E-01   1.62770E-03   3.97992E-02   4.13372E+04  -5.06243E+03  -2.01250E+04  -6.08758E+04  -1.06674E+05
   2.08728E-01   2.81087E-03   7.47087E-01   1.62564E-03   3.97490E-02   4.15063E+04  -5.08657E+03  -2.01784E+04  -6.09579E+04  -1.06550E+05
   2.09728E-01   2.80732E-03   7.46143E-01   1.62359E-03   3.96988E-02   4.16770E+04  -5.11246E+03  -2.02326E+04  -6.10428E+04  -1.06426E+05
   2.10728E-01   2.80377E-03   7.45199E-01   1.62153E-03   3.96485E-02   4.18491E+04  -5.14010E+03  -2.02873E+04  -6.11304E+04  -1.06303E+05
   2.11728E-01   2.80021E-03   7.44254E-01   1.61948E-03   3.95983E-02   4.20227E+04  -5.16949E+03  -2.03428E+04  -6.12205E+04  -1.06181E+05
   2.12728E-01   2.79666E-03   7.43310E-01   1.61742E-03   3.95481E-02   4.21976E+04  -5.20061E+03  -2.03988E+04  -6.13131E+04  -1.06059E+05
   2.13728E-01   2.79311E-03   7.42366E-01   1.61537E-03   3.94978E-02   4.23738E+04  -5.23346E+03  -2.04555E+04  -6.14082E+04  -1.05938E+05
   2.14728E-01   2.78956E-03   7.41422E-01   1.61331E-03   3.94476E-02   4.25514E+04  -5.26804E+03  -2.05128E+04  -6.15056E+04  -1.05818E+05
   2.15728E-01   2.78600E-03   7.40478E-01   1.61126E-03   3.93974E-02   4.27302E+04  -5.30435E+03  -2.05708E+04  -6.16054E+04  -1.05698E+05
   2.16728E-01   2.78245E-03   7.39534E-01   1.60921E-03   3.93471E-02   4.29102E+04  -5.34238E+03  -2.06293E+04  -6.17074E+04  -1.05580E+05
   2.17728E-01   2.77890E-03   7.38589E-01   1.60715E-03   3.92969E-02   4.30914E+04  -5.38212E+03  -2.06885E+04  -6.18117E+04  -1.05461E+05
   2.18728E-01   2.77535E-03   7.37645E-01   1.60510E-03   3.92467E-02   4.32737E+04  -5.42359E+03  -2.07483E+04  -6.19180E+04  -1.05344E+05
   2.19728E-01   2.77179E-03   7.36701E-01   1.60304E-03   3.91964E-02   4.34571E+04  -5.46677E+03  -2.08086E+04  -6.20265E+04  -1.05227E+05
   2.20728E-01   2.76824E-03   7.35757E-01   1.60099E-03   3.91462E-02   4.36416E+04  -5.51166E+03  -2.08696E+04  -6.21371E+04  -1.05111E+05
   2.21728E-01   2.76469E-03   7.34813E-01   1.59893E-03   3.90960E-02   4.38271E+04  -5.55827E+03  -2.09311E+04  -6.22497E+04  -1.04995E+05
   2.22728E-01   2.76114E-03   7.33869E-01   1.59688E-03   3.90457E-02   4.40137E+04  -5.60660E+03  -2.09933E+04  -6.23642E+04  -1.04881E+05
   2.23728E-01   2.75759E-03   7.32924E-01   1.59482E-03   3.89955E-02   4.42012E+04  -5.65664E+03  -2.10560E+04  -6.24807E+04  -1.04766E+05
   2.24728E-01   2.75403E-03   7.31980E-01   1.59277E-03   3.89453E-02   4.43896E+04  -5.70839E+03  -2.11193E+04  -6.25990E+04  -1.04653E+05
   2.25728E-01   2.75048E-03   7.31036E-01   1.59072E-03   3.88950E-02   4.45790E+04  -5.76186E+03  -2.11831E+04  -6.27192E+04  -1.04540E+05
   2.26728E-01   2.74693E-03   7.30092E-01   1.58866E-03   3.88448E-02   4.47693E+04  -5.81706E+03  -2.12475E+04  -6.28412E+04  -1.04427E+05
   2.27728E-01   2.74338E-03   7.29148E-01   1.58661E-03   3.87946E-02   4.49605E+04  -5.87397E+03  -2.13125E+04  -6.29650E+04  -1.04315E+05
   2.28728E-01   2.73982E-03   7.28204E-01   1.58455E-03   3.87443E-02   4.51525E+04  -5.93260E+03  -2.13781E+04  -6.30906E+04  -1.04204E+05
   2.29728E-01   2.73627E-03   7.27260E-01   1.58250E-03   3.86941E-02   4.53454E+04  -5.99296E+03  -2.14442E+04  -6.32179E+04  -1.04094E+05
   2.30728E-01   2.73272E-03   7.26315E-01   1.58044E-03   3.86439E-02   4.55390E+04  -6.05505E+03  -2.15109E+04  -6.33468E+04  -1.03984E+05
   2.31728E-01   2.72917E-03   7.25371E-01   1.57839E-03   3.85936E-02   4.57335E+04  -6.11887E+03  -2.15782E+04  -6.34775E+04  -1.03874E+05
   2.32728E-01   2.72561E-03   7.24427E-01   1.57633E-03   3.85434E-02   4.59287E+04  -6.18443E+03  -2.16460E+04  -6.36097E+04  -1.03766E+05
   2.33728E-01   2.72206E-03   7.23483E-01   1.57428E-03   3.84931E-02   4.61247E+04  -6.25173E+03  -2.17143E+04  -6.37436E+04  -1.03657E+05
   2.34728E-01   2.71851E-03   7.22539E-01   1.57223E-03   3.84429E-02   4.63214E+04  -6.32077E+03  -2.17832E+04  -6.38790E+04  -1.03550E+05
   2.35728E-01   2.71496E-03   7.21595E-01   1.57017E-03   3.83927E-02   4.65189E+04  -6.39155E+03  -2.18527E+04  -6.40160E+04  -1.03443E+05
   2.36728E-01   2.71140E-03   7.20650E-01   1.56812E-03   3.83424E-02   4.67170E+04  -6.46409E+03  -2.19227E+04  -6.41545E+04  -1.03336E+05
   2.37728E-01   2.70785E-03   7.19706E-01   1.56606E-03   3.82922E-02   4.69158E+04  -6.53838E+03  -2.19932E+04  -6.42945E+04  -1.03230E+05
   2.38728E-01   2.70430E-03   7.18762E-01   1.56401E-03   3.82420E-02   4.71153E+04  -6.61444E+03  -2.20643E+04  -6.44360E+04  -1.03125E+05
   2.39728E-01   2.70075E-03   7.17818E-01   1.56195E-03   3.81917E-02   4.73155E+04  -6.69227E+03  -2.21359E+04  -6.45790E+04  -1.03020E+05
   2.40728E-01   2.69720E-03   7.16874E-01   1.55990E-03   3.81415E-02   4.75163E+04  -6.77186E+03  -2.22081E+04  -6.47234E+04  -1.02916E+05
   2.41728E-01   2.69364E-03   7.15930E-01   1.55784E-03   3.80913E-02   4.77177E+04  -6.85324E+03  -2.22808E+04  -6.48693E+04  -1.02812E+05
   2.42728E-01   2.69009E-03   7.14985E-01   1.55579E-03   3.80410E-02   4.79198E+04  -6.93640E+03  -2.23541E+04  -6.50166E+04  -1.02709E+05
   2.43728E-01   2.68654E-03   7.14041E-01   1.55374E-03   3.79908E-02   4.81224E+04  -7.02135E+03  -2.24279E+04  -6.51652E+04  -1.02607E+05
   2.44728E-01   2.68299E-03   7.13097E-01   1.55168E-03   3.79406E-02   4.83257E+04  -7.10810E+03  -2.25022E+04  -6.53153E+04  -1.02505E+05
   2.45728E-01   2.67943E-03   7.12153E-01   1.54963E-03   3.78903E-02   4.85295E+04  -7.19666E+03  -2.25771E+04  -6.54667E+04  -1.02404E+05
   2.46728E-01   2.67588E-03   7.11209E-01   1.54757E-03   3.78401E-02   4.87339E+04  -7.28702E+03  -2.26525E+04  -6.56194E+04  -1.02303E+05
   2.47728E-01   2.67233E-03   7.10265E-01   1.54552E-03   3.77899E-02   4.89389E+04  -7.37920E+03  -2.27284E+04  -6.57735E+04  -1.02203E+05
   2.48728E-01   2.66878E-03   7.09320E-01   1.54346E-03   3.77396E-02   4.91444E+04  -7.47321E+03  -2.28049E+04  -6.59289E+04  -1.02103E+05
   2.49728E-01   2.66522E-03   7.08376E-01   1.54141E-03   3.76894E-02   4.93504E+04  -7.56905E+03  -2.28819E+04  -6.60856E+04  -1.02004E+05
   2.50728E-01   2.66167E-03   7.07432E-01   1.53935E-03   3.76392E-02   4.95570E+04  -7.66673E+03  -2.29595E+04  -6.62436E+04  -1.01905E+05
   2.51728E-01   2.65812E-03   7.06488E-01   1.53730E-03   3.75889E-02   4.97641E+04  -7.76626E+03  -2.30376E+04  -6.64029E+04  -1.01807E+05
   2.52728E-01   2.65457E-03   7.05544E-01   1.53525E-03   3.75387E-02   4.99717E+04  -7.86764E+03  -2.31162E+04  -6.65634E+04  -1.01710E+05
   2.53728E-01   2.65102E-03   7.04600E-01   1.53319E-03   3.74885E-02   5.01798E+04  -7.97088E+03  -2.31953E+04  -6.67252E+04  -1.01613E+05
   2.54728E-01   2.64746E-03   7.03656E-01   1.53114E-03   3.74382E-02   5.03884E+04  -8.07600E+03  -2.32750E+04  -6.68883E+04  -1.01517E+05
   2.55728E-01   2.64391E-03   7.02711E-01   1.52908E-03   3.73880E-02   5.05975E+04  -8.18300E+03  -2.33553E+04  -6.70525E+04  -1.01421E+05
   2.56728E-01   2.64036E-03   7.01767E-01   1.52703E-03   3.73378E-02   5.08071E+04  -8.29189E+03  -2.34360E+04  -6.72180E+04  -1.01326E+05
   2.57728E-01   2.63681E-03   7.00823E-01   1.52497E-03   3.72875E-02   5.10171E+04  -8.40267E+03  -2.35173E+04  -6.73848E+04  -1.01231E+05
   2.58728E-01   2.63325E-03   6.99879E-01   1.52292E-03   3.72373E-02   5.12277E+04  -8.51536E+03  -2.35992E+04  -6.75527E+04  -1.01137E+05
   2.59728E-01   2.62970E-03   6.98935E-01   1.52086E-03   3.71871E-02   5.14386E+04  -8.62996E+03  -2.36815E+04  -6.77218E+04  -1.01044E+05
   2.60728E-01   2.62615E-03   6.97991E-01   1.51881E-03   3.71368E-02   5.16501E+04  -8.74649E+03  -2.37644E+04  -6.78921E+04  -1.00951E+05
   2.61728E-01   2.62260E-03   6.97046E-01   1.51675E-03   3.70866E-02   5.18619E+04  -8.86496E+03  -2.38479E+04  -6.80636E+04  -1.00858E+05
   2.62728E-01   2.61904E-03   6.96102E-01   1.51470E-03   3.70364E-02   5.20742E+04  -8.98536E+03  -2.39319E+04  -6.82363E+04  -1.00766E+05
   2.63728E-01   2.61549E-03   6.95158E-01   1.51265E-03   3.69861E-02   5.22870E+04  -9.10772E+03  -2.40164E+04  -6.84101E+04  -1.00675E+05
   2.64728E-01   2.61194E-03   6.94214E-01   1.51059E-03   3.69359E-02   5.25002E+04  -9.23204E+03  -2.41014E+04  -6.85851E+04  -1.00584E+05
   2.65728E-01   2.60839E-03   6.93270E-01   1.50854E-03   3.68857E-02   5.27138E+04  -9.35833E+03  -2.41870E+04  -6.87612E+04  -1.00494E+05
   2.66728E-01   2.60483E-03   6.92326E-01   1.50648E-03   3.68354E-02   5.29278E+04  -9.48661E+03  -2.42732E+04  -6.89385E+04  -1.00405E+05
   2.67728E-01   2.60128E-03   6.91381E-01   1.50443E-03   3.67852E-02   5.31422E+04  -9.61688E+03  -2.43599E+04  -6.91169E+04  -1.00316E+05
   2.68728E-01   2.59773E-03   6.90437E-01   1.50237E-03   3.67349E-02   5.33570E+04  -9.74915E+03  -2.44471E+04  -6.92965E+04  -1.00227E+05
   2.69728E-01   2.59418E-03   6.89493E-01   1.50032E-03   3.66847E-02   5.35722E+04  -9.88343E+03  -2.45348E+04  -6.94771E+04  -1.00139E+05
   2.70728E-01   2.59063E-03   6.88549E-01   1.49826E-03   3.66345E-02   5.37879E+04  -1.00197E+04  -2.46231E+04  -6.96590E+04  -1.00052E+05
   2.71728E-01   2.58707E-03   6.87605E-01   1.49621E-03   3.65842E-02   5.40039E+04  -1.01581E+04  -2.47120E+04  -6.98419E+04  -9.99652E+04
   2.72728E-01   2.58352E-03   6.86661E-01   1.49416E-03   3.65340E-02   5.42203E+04  -1.02985E+04  -2.48014E+04  -7.00259E+04  -9.98790E+04
   2.73728E-01   2.57997E-03   6.85717E-01   1.49210E-03   3.64838E-02   5.44371E+04  -1.04409E+04  -2.48913E+04  -7.02110E+04  -9.97934E+04
   2.74728E-01   2.57642E-03   6.84772E-01   1.49005E-03   3.64335E-02   5.46542E+04  -1.05854E+04  -2.49818E+04  -7.03973E+04  -9.97084E+04
   2.75728E-01   2.57286E-03   6.83828E-01   1.48799E-03   3.63833E-02   5.48718E+04  -1.07320E+04  -2.50728E+04  -7.05846E+04  -9.96239E+04
   2.76728E-01   2.56931E-03   6.82884E-01   1.48594E-03   3.63331E-02   5.50897E+04  -1.08807E+04  -2.51644E+04  -7.07731E+04  -9.95400E+04
   2.77728E-01   2.56576E-03   6.81940E-01   1.48388E-03   3.62828E-02   5.53080E+04  -1.10314E+04  -2.52565E+04  -7.09626E+04  -9.94567E+04
   2.78728E-01   2.56221E-03   6.80996E-01   1.48183E-03   3.62326E-02   5.55266E+04  -1.11843E+04  -2.53492E+04  -7.11532E+04  -9.93740E+04
   2.79728E-01   2.55865E-03   6.80052E-01   1.47977E-03   3.61824E-02   5.57456E+04  -1.13393E+04  -2.54424E+04  -7.13449E+04  -9.92918E+04
   2.80728E-01   2.55510E-03   6.79107E-01   1.47772E-03   3.61321E-02   5.59650E+04  -1.14965E+04  -2.55362E+04  -7.15377E+04  -9.92103E+04
   2.81728E-01   2.55155E-03   6.78163E-01   1.47567E-03   3.60819E-02   5.61847E+04  -1.16558E+04  -2.56305E+04  -7.17315E+04  -9.91293E+04
   2.82728E-01   2.54800E-03   6.77219E-01   1.47361E-03   3.60317E-02   5.64047E+04  -1.18172E+04  -2.57254E+04  -7.19264E+04  -9.90489E+04
   2.83728E-01   2.54444E-03   6.76275E-01   1.47156E-03   3.59814E-02   5.66251E+04  -1.19808E+04  -2.58209E+04  -7.21224E+04  -9.89691E+04
   2.84728E-01   2.54089E-03   6.75331E-01   1.46950E-03   3.59312E-02   5.68459E+04  -1.21466E+04  -2.59169E+04  -7.23195E+04  -9.88899E+04
   2.85728E-01   2.53734E-03   6.74387E-01   1.46745E-03   3.58810E-02   5.70669E+04  -1.23146E+04  -2.60134E+04  -7.25176E+04  -9.88112E+04
   2.86728E-01   2.53379E-03   6.73442E-01   1.46539E-03   3.58307E-02   5.72884E+04  -1.24848E+04  -2.61106E+04  -7.27168E+04  -9.87332E+04
   2.87728E-01   2.53024E-03   6.72498E-01   1.46334E-03   3.57805E-02   5.75101E+04  -1.26573E+04  -2.62082E+04  -7.29171E+04  -9.86558E+04
   2.88728E-01   2.52668E-03   6.71554E-01   1.46128E-03   3.57303E-02   5.77322E+04  -1.28319E+04  -2.63065E+04  -7.31184E+04  -9.85789E+04
   2.89728E-01   2.52313E-03   6.70610E-01   1.45923E-03   3.56800E-02   5.79546E+04  -1.30088E+04  -2.64053E+04  -7.33207E+04  -9.85027E+04
   2.90728E-01   2.51958E-03   6.69666E-01   1.45718E-03   3.56298E-02   5.81773E+04  -1.31880E+04  -2.65047E+04  -7.35242E+04  -9.84270E+04
   2.91728E-01   2.51603E-03   6.68722E-01   1.45512E-03   3.55796E-02   5.84004E+04  -1.33694E+04  -2.66046E+04  -7.37286E+04  -9.83520E+04
   2.92728E-01   2.51247E-03   6.67778E-01   1.45307E-03   3.55293E-02   5.86238E+04  -1.35532E+04  -2.67051E+04  -7.39342E+04  -9.82776E+04
   2.93728E-01   2.50892E-03   6.66833E-01   1.45101E-03   3.54791E-02   5.88475E+04  -1.37392E+04  -2.68062E+04  -7.41407E+04  -9.82037E+04
   2.94728E-01   2.50537E-03   6.65889E-01   1.44896E-03   3.54289E-02   5.90715E+04  -1.39275E+04  -2.69078E+04  -7.43483E+04  -9.81305E+04
   2.95728E-01   2.50182E-03   6.64945E-01   1.44690E-03   3.53786E-02   5.92958E+04  -1.41182E+04  -2.70100E+04  -7.45570E+04  -9.80579E+04
   2.96728E-01   2.49826E-03   6.64001E-01   1.44485E-03   3.53284E-02   5.95204E+04  -1.43112E+04  -2.71128E+04  -7.47667E+04  -9.79859E+04
   2.97728E-01   2.49471E-03   6.63057E-01   1.44279E-03   3.52782E-02   5.97454E+04  -1.45065E+04  -2.72162E+04  -7.49775E+04  -9.79145E+04
   2.98728E-01   2.49116E-03   6.62113E-01   1.44074E-03   3.52279E-02   5.99706E+04  -1.47042E+04  -2.73201E+04  -7.51892E+04  -9.78438E+04
   2.99728E-01   2.48761E-03   6.61168E-01   1.43869E-03   3.51777E-02   6.01962E+04  -1.49043E+04  -2.74246E+04  -7.54021E+04  -9.77736E+04
   2.99990E-01   2.48668E-03   6.60921E-01   1.43815E-03   3.51645E-02   6.02554E+04  -1.49572E+04  -2.74522E+04  -7.54581E+04  -9.77553E+04

 Phase Region for:
     FCC_A1#1                      
 col-1=X(C), col-2=X(CU), col-3=X(FE), col-4=X(MN), col-5=X(SI), col-6=MU(C), col-7=MU(CU), col-8=MU(FE), col-9=MU(MN), col-10=MU(SI),
   9.72763E-03   3.51779E-03   9.34974E-01   2.03448E-03   4.97456E-02   1.30524E+04  -1.40283E+04  -1.59146E+04  -5.75543E+04  -1.31436E+05
   8.72763E-03   3.52134E-03   9.35919E-01   2.03653E-03   4.97959E-02   1.24598E+04  -1.41008E+04  -1.59030E+04  -5.75025E+04  -1.31542E+05
   7.72763E-03   3.52489E-03   9.36863E-01   2.03859E-03   4.98461E-02   1.18043E+04  -1.41736E+04  -1.58915E+04  -5.74509E+04  -1.31647E+05
   6.72763E-03   3.52844E-03   9.37807E-01   2.04064E-03   4.98963E-02   1.10685E+04  -1.42466E+04  -1.58801E+04  -5.73994E+04  -1.31753E+05
   5.72763E-03   3.53200E-03   9.38751E-01   2.04270E-03   4.99466E-02   1.02264E+04  -1.43198E+04  -1.58687E+04  -5.73481E+04  -1.31858E+05
   4.72763E-03   3.53555E-03   9.39695E-01   2.04475E-03   4.99968E-02   9.23709E+03  -1.43933E+04  -1.58575E+04  -5.72971E+04  -1.31963E+05
   3.72763E-03   3.53910E-03   9.40639E-01   2.04681E-03   5.00470E-02   8.02964E+03  -1.44670E+04  -1.58463E+04  -5.72461E+04  -1.32068E+05
   2.72763E-03   3.54265E-03   9.41584E-01   2.04886E-03   5.00973E-02   6.46641E+03  -1.45409E+04  -1.58352E+04  -5.71953E+04  -1.32173E+05
   1.72763E-03   3.54621E-03   9.42528E-01   2.05092E-03   5.01475E-02   4.21548E+03  -1.46151E+04  -1.58242E+04  -5.71446E+04  -1.32278E+05
   7.27626E-04   3.54976E-03   9.43472E-01   2.05297E-03   5.01977E-02   2.02331E+01  -1.46895E+04  -1.58133E+04  -5.70940E+04  -1.32383E+05
   1.00000E-05   3.55231E-03   9.44149E-01   2.05444E-03   5.02338E-02  -2.04636E+04  -1.47431E+04  -1.58056E+04  -5.70579E+04  -1.32458E+05

 Phase Region for:
     FCC_A1#2                      
 col-1=X(C), col-2=X(CU), col-3=X(FE), col-4=X(MN), col-5=X(SI), col-6=MU(C), col-7=MU(CU), col-8=MU(FE), col-9=MU(MN), col-10=MU(SI),
   9.72763E-03   9.90184E-01   1.52426E-05   7.31498E-05   2.57967E-12   2.21336E+05  -2.15483E+04  -2.26542E+04  -6.39266E+04  -1.39248E+05
   1.07276E-02   9.89178E-01   1.65009E-05   7.76865E-05   2.71873E-12   2.21565E+05  -2.15507E+04  -2.26566E+04  -6.39290E+04  -1.39251E+05
   1.17276E-02   9.88172E-01   1.78650E-05   8.25091E-05   2.86546E-12   2.21752E+05  -2.15528E+04  -2.26587E+04  -6.39312E+04  -1.39253E+05
   1.27276E-02   9.87165E-01   1.93437E-05   8.76356E-05   3.02031E-12   2.21904E+05  -2.15547E+04  -2.26606E+04  -6.39331E+04  -1.39255E+05
   1.37276E-02   9.86158E-01   2.09469E-05   9.30855E-05   3.18373E-12   2.22025E+05  -2.15563E+04  -2.26623E+04  -6.39347E+04  -1.39256E+05
   1.47276E-02   9.85151E-01   2.26852E-05   9.88795E-05   3.35620E-12   2.22121E+05  -2.15577E+04  -2.26637E+04  -6.39361E+04  -1.39258E+05
   1.57276E-02   9.84143E-01   2.45702E-05   1.05040E-04   3.53826E-12   2.22194E+05  -2.15588E+04  -2.26648E+04  -6.39373E+04  -1.39259E+05
   1.67276E-02   9.83134E-01   2.66146E-05   1.11589E-04   3.73044E-12   2.22247E+05  -2.15597E+04  -2.26657E+04  -6.39382E+04  -1.39260E+05
   1.77276E-02   9.82125E-01   2.88320E-05   1.18553E-04   3.93333E-12   2.22282E+05  -2.15603E+04  -2.26663E+04  -6.39388E+04  -1.39260E+05
   1.87276E-02   9.81115E-01   3.12374E-05   1.25958E-04   4.14753E-12   2.22301E+05  -2.15607E+04  -2.26667E+04  -6.39391E+04  -1.39261E+05
   1.97276E-02   9.80105E-01   3.38468E-05   1.33832E-04   4.37371E-12   2.22306E+05  -2.15608E+04  -2.26668E+04  -6.39392E+04  -1.39261E+05
   2.07276E-02   9.79093E-01   3.66781E-05   1.42206E-04   4.61256E-12   2.22298E+05  -2.15606E+04  -2.26666E+04  -6.39391E+04  -1.39261E+05
   2.17276E-02   9.78082E-01   3.97502E-05   1.51111E-04   4.86479E-12   2.22279E+05  -2.15602E+04  -2.26662E+04  -6.39386E+04  -1.39260E+05
   2.27276E-02   9.77069E-01   4.30842E-05   1.60582E-04   5.13121E-12   2.22248E+05  -2.15595E+04  -2.26655E+04  -6.39379E+04  -1.39259E+05
   2.37276E-02   9.76055E-01   4.67027E-05   1.70655E-04   5.41262E-12   2.22207E+05  -2.15585E+04  -2.26645E+04  -6.39370E+04  -1.39258E+05
   2.47276E-02   9.75040E-01   5.06305E-05   1.81369E-04   5.70991E-12   2.22157E+05  -2.15573E+04  -2.26633E+04  -6.39357E+04  -1.39257E+05
   2.57276E-02   9.74025E-01   5.48945E-05   1.92765E-04   6.02401E-12   2.22099E+05  -2.15557E+04  -2.26617E+04  -6.39342E+04  -1.39256E+05
   2.67276E-02   9.73008E-01   5.95240E-05   2.04887E-04   6.35590E-12   2.22032E+05  -2.15539E+04  -2.26599E+04  -6.39324E+04  -1.39254E+05
   2.77276E-02   9.71990E-01   6.45509E-05   2.17782E-04   6.70664E-12   2.21958E+05  -2.15519E+04  -2.26578E+04  -6.39303E+04  -1.39252E+05
   2.87276E-02   9.70971E-01   7.00100E-05   2.31500E-04   7.07733E-12   2.21877E+05  -2.15495E+04  -2.26555E+04  -6.39279E+04  -1.39250E+05
   2.97276E-02   9.69950E-01   7.59392E-05   2.46094E-04   7.46918E-12   2.21789E+05  -2.15469E+04  -2.26528E+04  -6.39252E+04  -1.39247E+05
   3.07276E-02   9.68928E-01   8.23798E-05   2.61621E-04   7.88343E-12   2.21695E+05  -2.15439E+04  -2.26498E+04  -6.39223E+04  -1.39244E+05
   3.17276E-02   9.67905E-01   8.93768E-05   2.78140E-04   8.32144E-12   2.21595E+05  -2.15407E+04  -2.26466E+04  -6.39190E+04  -1.39241E+05
   3.27276E-02   9.66880E-01   9.69792E-05   2.95717E-04   8.78464E-12   2.21488E+05  -2.15372E+04  -2.26430E+04  -6.39154E+04  -1.39237E+05
   3.37276E-02   9.65853E-01   1.05240E-04   3.14419E-04   9.27456E-12   2.21377E+05  -2.15333E+04  -2.26392E+04  -6.39116E+04  -1.39233E+05
   3.47276E-02   9.64824E-01   1.14219E-04   3.34320E-04   9.79281E-12   2.21260E+05  -2.15292E+04  -2.26350E+04  -6.39074E+04  -1.39229E+05
   3.57276E-02   9.63793E-01   1.23978E-04   3.55497E-04   1.03411E-11   2.21138E+05  -2.15247E+04  -2.26305E+04  -6.39029E+04  -1.39225E+05
   3.67276E-02   9.62760E-01   1.34588E-04   3.78033E-04   1.09214E-11   2.21011E+05  -2.15199E+04  -2.26257E+04  -6.38981E+04  -1.39220E+05
   3.77276E-02   9.61724E-01   1.46124E-04   4.02017E-04   1.15356E-11   2.20879E+05  -2.15148E+04  -2.26206E+04  -6.38930E+04  -1.39215E+05
   3.87276E-02   9.60686E-01   1.58668E-04   4.27542E-04   1.21858E-11   2.20742E+05  -2.15094E+04  -2.26152E+04  -6.38875E+04  -1.39209E+05
   3.97276E-02   9.59645E-01   1.72311E-04   4.54708E-04   1.28742E-11   2.20601E+05  -2.15036E+04  -2.26094E+04  -6.38817E+04  -1.39204E+05
   4.07276E-02   9.58602E-01   1.87152E-04   4.83623E-04   1.36034E-11   2.20455E+05  -2.14975E+04  -2.26032E+04  -6.38756E+04  -1.39198E+05
   4.17276E-02   9.57555E-01   2.03299E-04   5.14400E-04   1.43760E-11   2.20305E+05  -2.14911E+04  -2.25968E+04  -6.38691E+04  -1.39191E+05
   4.27276E-02   9.56504E-01   2.20869E-04   5.47160E-04   1.51946E-11   2.20151E+05  -2.14843E+04  -2.25899E+04  -6.38622E+04  -1.39184E+05
   4.37276E-02   9.55450E-01   2.39991E-04   5.82033E-04   1.60623E-11   2.19992E+05  -2.14771E+04  -2.25827E+04  -6.38550E+04  -1.39177E+05
   4.47276E-02   9.54392E-01   2.60806E-04   6.19157E-04   1.69824E-11   2.19829E+05  -2.14696E+04  -2.25752E+04  -6.38474E+04  -1.39170E+05
   4.57276E-02   9.53330E-01   2.83468E-04   6.58677E-04   1.79582E-11   2.19662E+05  -2.14616E+04  -2.25672E+04  -6.38394E+04  -1.39162E+05
   4.67276E-02   9.52263E-01   3.08147E-04   7.00751E-04   1.89936E-11   2.19490E+05  -2.14533E+04  -2.25588E+04  -6.38311E+04  -1.39153E+05
   4.77276E-02   9.51192E-01   3.35026E-04   7.45546E-04   2.00925E-11   2.19314E+05  -2.14446E+04  -2.25501E+04  -6.38223E+04  -1.39145E+05
   4.87276E-02   9.50115E-01   3.64309E-04   7.93238E-04   2.12594E-11   2.19134E+05  -2.14355E+04  -2.25409E+04  -6.38131E+04  -1.39136E+05
   4.97276E-02   9.49032E-01   3.96217E-04   8.44019E-04   2.24990E-11   2.18949E+05  -2.14259E+04  -2.25313E+04  -6.38035E+04  -1.39126E+05
   5.07276E-02   9.47943E-01   4.30995E-04   8.98090E-04   2.38163E-11   2.18760E+05  -2.14159E+04  -2.25213E+04  -6.37934E+04  -1.39116E+05
   5.17276E-02   9.46848E-01   4.68909E-04   9.55666E-04   2.52169E-11   2.18566E+05  -2.14054E+04  -2.25108E+04  -6.37829E+04  -1.39106E+05
   5.27276E-02   9.45745E-01   5.10254E-04   1.01698E-03   2.67069E-11   2.18368E+05  -2.13945E+04  -2.24998E+04  -6.37719E+04  -1.39095E+05
   5.37276E-02   9.44635E-01   5.55352E-04   1.08227E-03   2.82929E-11   2.18164E+05  -2.13830E+04  -2.24883E+04  -6.37605E+04  -1.39083E+05
   5.47276E-02   9.43516E-01   6.04557E-04   1.15181E-03   2.99821E-11   2.17956E+05  -2.13711E+04  -2.24764E+04  -6.37485E+04  -1.39071E+05
   5.57276E-02   9.42388E-01   6.58262E-04   1.22586E-03   3.17824E-11   2.17743E+05  -2.13586E+04  -2.24638E+04  -6.37359E+04  -1.39059E+05
   5.67276E-02   9.41251E-01   7.16895E-04   1.30474E-03   3.37024E-11   2.17524E+05  -2.13456E+04  -2.24508E+04  -6.37228E+04  -1.39046E+05
   5.77276E-02   9.40103E-01   7.80932E-04   1.38875E-03   3.57516E-11   2.17300E+05  -2.13320E+04  -2.24371E+04  -6.37092E+04  -1.39032E+05
   5.87276E-02   9.38943E-01   8.50896E-04   1.47823E-03   3.79406E-11   2.17069E+05  -2.13178E+04  -2.24229E+04  -6.36949E+04  -1.39018E+05
   5.97276E-02   9.37771E-01   9.27367E-04   1.57355E-03   4.02810E-11   2.16833E+05  -2.13029E+04  -2.24079E+04  -6.36799E+04  -1.39003E+05
   6.07276E-02   9.36586E-01   1.01098E-03   1.67510E-03   4.27857E-11   2.16591E+05  -2.12873E+04  -2.23924E+04  -6.36643E+04  -1.38988E+05
   6.17276E-02   9.35387E-01   1.10245E-03   1.78328E-03   4.54689E-11   2.16342E+05  -2.12711E+04  -2.23761E+04  -6.36480E+04  -1.38971E+05
   6.27276E-02   9.34171E-01   1.20257E-03   1.89854E-03   4.83466E-11   2.16085E+05  -2.12541E+04  -2.23590E+04  -6.36310E+04  -1.38954E+05
   6.37276E-02   9.32939E-01   1.31219E-03   2.02135E-03   5.14368E-11   2.15822E+05  -2.12363E+04  -2.23412E+04  -6.36131E+04  -1.38937E+05
   6.47276E-02   9.31688E-01   1.43230E-03   2.15221E-03   5.47596E-11   2.15550E+05  -2.12176E+04  -2.23225E+04  -6.35943E+04  -1.38918E+05
   6.57276E-02   9.30417E-01   1.56398E-03   2.29167E-03   5.83376E-11   2.15270E+05  -2.11981E+04  -2.23028E+04  -6.35747E+04  -1.38899E+05
   6.67276E-02   9.29124E-01   1.70844E-03   2.44029E-03   6.21965E-11   2.14980E+05  -2.11775E+04  -2.22823E+04  -6.35541E+04  -1.38878E+05
   6.77276E-02   9.27807E-01   1.86702E-03   2.59871E-03   6.63656E-11   2.14681E+05  -2.11560E+04  -2.22606E+04  -6.35325E+04  -1.38856E+05
   6.87276E-02   9.26464E-01   2.04125E-03   2.76758E-03   7.08783E-11   2.14371E+05  -2.11333E+04  -2.22379E+04  -6.35097E+04  -1.38834E+05
   6.97276E-02   9.25092E-01   2.23283E-03   2.94762E-03   7.57728E-11   2.14050E+05  -2.11094E+04  -2.22140E+04  -6.34858E+04  -1.38810E+05
   7.07276E-02   9.23689E-01   2.44367E-03   3.13959E-03   8.10935E-11   2.13717E+05  -2.10843E+04  -2.21888E+04  -6.34605E+04  -1.38785E+05
   7.17276E-02   9.22252E-01   2.67597E-03   3.34432E-03   8.68917E-11   2.13371E+05  -2.10577E+04  -2.21621E+04  -6.34339E+04  -1.38758E+05
   7.27276E-02   9.20777E-01   2.93218E-03   3.56270E-03   9.32273E-11   2.13010E+05  -2.10296E+04  -2.21340E+04  -6.34057E+04  -1.38730E+05
   7.37276E-02   9.19262E-01   3.21511E-03   3.79569E-03   1.00171E-10   2.12634E+05  -2.09999E+04  -2.21042E+04  -6.33758E+04  -1.38700E+05
   7.47276E-02   9.17700E-01   3.52799E-03   4.04434E-03   1.07805E-10   2.12240E+05  -2.09683E+04  -2.20726E+04  -6.33442E+04  -1.38669E+05
   7.57276E-02   9.16088E-01   3.87449E-03   4.30977E-03   1.16231E-10   2.11828E+05  -2.09348E+04  -2.20389E+04  -6.33105E+04  -1.38635E+05
   7.67276E-02   9.14420E-01   4.25891E-03   4.59324E-03   1.25566E-10   2.11395E+05  -2.08990E+04  -2.20031E+04  -6.32747E+04  -1.38600E+05
   7.77276E-02   9.12690E-01   4.68620E-03   4.89608E-03   1.35956E-10   2.10939E+05  -2.08609E+04  -2.19649E+04  -6.32364E+04  -1.38562E+05
   7.87276E-02   9.10890E-01   5.16219E-03   5.21980E-03   1.47578E-10   2.10457E+05  -2.08200E+04  -2.19239E+04  -6.31954E+04  -1.38521E+05
   7.97276E-02   9.09013E-01   5.69372E-03   5.56605E-03   1.60652E-10   2.09947E+05  -2.07761E+04  -2.18799E+04  -6.31513E+04  -1.38477E+05
   8.07276E-02   9.07047E-01   6.28896E-03   5.93668E-03   1.75454E-10   2.09405E+05  -2.07288E+04  -2.18325E+04  -6.31039E+04  -1.38430E+05
   8.17276E-02   9.04981E-01   6.95774E-03   6.33378E-03   1.92332E-10   2.08826E+05  -2.06776E+04  -2.17813E+04  -6.30526E+04  -1.38378E+05
   8.27276E-02   9.02801E-01   7.71201E-03   6.75973E-03   2.11739E-10   2.08206E+05  -2.06221E+04  -2.17256E+04  -6.29969E+04  -1.38323E+05
   8.37276E-02   9.00489E-01   8.56652E-03   7.21730E-03   2.34269E-10   2.07539E+05  -2.05615E+04  -2.16649E+04  -6.29362E+04  -1.38262E+05
   8.47276E-02   8.98023E-01   9.53979E-03   7.70974E-03   2.60721E-10   2.06817E+05  -2.04951E+04  -2.15983E+04  -6.28695E+04  -1.38196E+05
   8.57276E-02   8.95376E-01   1.06555E-02   8.24099E-03   2.92191E-10   2.06029E+05  -2.04217E+04  -2.15248E+04  -6.27959E+04  -1.38123E+05
   8.67276E-02   8.92512E-01   1.19449E-02   8.81592E-03   3.30239E-10   2.05164E+05  -2.03401E+04  -2.14430E+04  -6.27141E+04  -1.38041E+05
   8.77276E-02   8.89381E-01   1.34501E-02   9.44080E-03   3.77156E-10   2.04204E+05  -2.02483E+04  -2.13511E+04  -6.26221E+04  -1.37949E+05
   8.87276E-02   8.85918E-01   1.52304E-02   1.01241E-02   4.36473E-10   2.03125E+05  -2.01439E+04  -2.12465E+04  -6.25174E+04  -1.37845E+05
   8.97276E-02   8.82020E-01   1.73741E-02   1.08778E-02   5.13975E-10   2.01892E+05  -2.00231E+04  -2.11255E+04  -6.23963E+04  -1.37724E+05
   9.07276E-02   8.77530E-01   2.00223E-02   1.17206E-02   6.19945E-10   2.00449E+05  -1.98800E+04  -2.09821E+04  -6.22527E+04  -1.37581E+05
   9.17276E-02   8.72161E-01   2.34264E-02   1.26850E-02   7.75062E-10   1.98696E+05  -1.97039E+04  -2.08057E+04  -6.20762E+04  -1.37405E+05
   9.27276E-02   8.65304E-01   2.81283E-02   1.38401E-02   1.03034E-09   1.96418E+05  -1.94725E+04  -2.05739E+04  -6.18442E+04  -1.37174E+05
   9.37276E-02   8.54964E-01   3.58977E-02   1.54103E-02   1.58332E-09   1.92921E+05  -1.91128E+04  -2.02136E+04  -6.14836E+04  -1.36815E+05

 Phase Region for:
     FCC_A1#2                      
 col-1=X(C), col-2=X(CU), col-3=X(FE), col-4=X(MN), col-5=X(SI), col-6=MU(C), col-7=MU(CU), col-8=MU(FE), col-9=MU(MN), col-10=MU(SI),
   9.72763E-03   9.90184E-01   1.52426E-05   7.31498E-05   2.57967E-12   2.21336E+05  -2.15483E+04  -2.26542E+04  -6.39266E+04  -1.39248E+05
   8.72763E-03   9.91189E-01   1.40816E-05   6.88816E-05   2.44787E-12   2.21055E+05  -2.15457E+04  -2.26515E+04  -6.39239E+04  -1.39246E+05
   7.72763E-03   9.92194E-01   1.30103E-05   6.48661E-05   2.32295E-12   2.20711E+05  -2.15429E+04  -2.26486E+04  -6.39209E+04  -1.39243E+05
   6.72763E-03   9.93199E-01   1.20218E-05   6.10880E-05   2.20454E-12   2.20286E+05  -2.15398E+04  -2.26454E+04  -6.39177E+04  -1.39240E+05
   5.72763E-03   9.94204E-01   1.11094E-05   5.75333E-05   2.09229E-12   2.19754E+05  -2.15364E+04  -2.26420E+04  -6.39143E+04  -1.39237E+05
   4.72763E-03   9.95208E-01   1.02674E-05   5.41887E-05   1.98587E-12   2.19074E+05  -2.15329E+04  -2.26383E+04  -6.39105E+04  -1.39233E+05
   3.72763E-03   9.96212E-01   9.49013E-06   5.10418E-05   1.88497E-12   2.18175E+05  -2.15291E+04  -2.26344E+04  -6.39065E+04  -1.39229E+05
   2.72763E-03   9.97216E-01   8.77268E-06   4.80810E-05   1.78930E-12   2.16919E+05  -2.15251E+04  -2.26301E+04  -6.39022E+04  -1.39225E+05
   1.72763E-03   9.98219E-01   8.11046E-06   4.52960E-05   1.69857E-12   2.14976E+05  -2.15208E+04  -2.26255E+04  -6.38974E+04  -1.39221E+05
   7.27626E-04   9.99222E-01   7.49949E-06   4.26791E-05   1.61249E-12   2.11087E+05  -2.15163E+04  -2.26204E+04  -6.38919E+04  -1.39217E+05
   1.00000E-05   9.99942E-01   7.09469E-06   4.09356E-05   1.55311E-12   1.90823E+05  -2.15130E+04  -2.26134E+04  -6.38832E+04  -1.39215E+05
