
 Phase Region for:
     BCC_A2                        
 col-1=X(C), col-2=X(CU), col-3=X(FE), col-4=X(MN), col-5=X(SI), col-6=MU(C), col-7=MU(CU), col-8=MU(FE), col-9=MU(MN), col-10=MU(SI),
   2.88620E-02   3.44981E-03   9.16909E-01   1.99517E-03   4.87844E-02   6.42095E+04  -4.38097E+03  -1.92189E+04  -4.27520E+04  -1.31277E+05
   9.99900E-03   3.51682E-03   9.34718E-01   2.03392E-03   4.97320E-02   5.89700E+04  -4.14953E+03  -1.90018E+04  -4.12411E+04  -1.33536E+05

 Phase Region for:
     BCC_A2                        
 col-1=X(C), col-2=X(CU), col-3=X(FE), col-4=X(MN), col-5=X(SI), col-6=MU(C), col-7=MU(CU), col-8=MU(FE), col-9=MU(MN), col-10=MU(SI),
   2.88620E-02   3.44981E-03   9.16909E-01   1.99517E-03   4.87844E-02   6.42095E+04  -4.38097E+03  -1.92189E+04  -4.27520E+04  -1.31277E+05
   2.87620E-02   3.45017E-03   9.17003E-01   1.99537E-03   4.87895E-02   6.41920E+04  -4.37968E+03  -1.92177E+04  -4.27438E+04  -1.31289E+05
   2.86620E-02   3.45053E-03   9.17097E-01   1.99558E-03   4.87945E-02   6.41744E+04  -4.37840E+03  -1.92165E+04  -4.27357E+04  -1.31301E+05
   2.85620E-02   3.45088E-03   9.17192E-01   1.99579E-03   4.87995E-02   6.41567E+04  -4.37711E+03  -1.92154E+04  -4.27275E+04  -1.31313E+05
   2.84620E-02   3.45124E-03   9.17286E-01   1.99599E-03   4.88045E-02   6.41390E+04  -4.37583E+03  -1.92142E+04  -4.27193E+04  -1.31326E+05
   2.83620E-02   3.45159E-03   9.17381E-01   1.99620E-03   4.88095E-02   6.41212E+04  -4.37454E+03  -1.92130E+04  -4.27112E+04  -1.31338E+05
   2.82620E-02   3.45195E-03   9.17475E-01   1.99640E-03   4.88146E-02   6.41033E+04  -4.37326E+03  -1.92118E+04  -4.27030E+04  -1.31350E+05
   2.81620E-02   3.45230E-03   9.17569E-01   1.99661E-03   4.88196E-02   6.40854E+04  -4.37197E+03  -1.92107E+04  -4.26948E+04  -1.31362E+05
   2.80620E-02   3.45266E-03   9.17664E-01   1.99681E-03   4.88246E-02   6.40675E+04  -4.37069E+03  -1.92095E+04  -4.26867E+04  -1.31374E+05
   2.79620E-02   3.45301E-03   9.17758E-01   1.99702E-03   4.88296E-02   6.40495E+04  -4.36941E+03  -1.92083E+04  -4.26785E+04  -1.31386E+05
   2.78620E-02   3.45337E-03   9.17853E-01   1.99722E-03   4.88347E-02   6.40314E+04  -4.36813E+03  -1.92071E+04  -4.26704E+04  -1.31399E+05
   2.77620E-02   3.45372E-03   9.17947E-01   1.99743E-03   4.88397E-02   6.40132E+04  -4.36685E+03  -1.92060E+04  -4.26622E+04  -1.31411E+05
   2.76620E-02   3.45408E-03   9.18042E-01   1.99763E-03   4.88447E-02   6.39950E+04  -4.36557E+03  -1.92048E+04  -4.26540E+04  -1.31423E+05
   2.75620E-02   3.45443E-03   9.18136E-01   1.99784E-03   4.88497E-02   6.39768E+04  -4.36429E+03  -1.92036E+04  -4.26459E+04  -1.31435E+05
   2.74620E-02   3.45479E-03   9.18230E-01   1.99805E-03   4.88548E-02   6.39584E+04  -4.36301E+03  -1.92024E+04  -4.26377E+04  -1.31447E+05
   2.73620E-02   3.45514E-03   9.18325E-01   1.99825E-03   4.88598E-02   6.39400E+04  -4.36174E+03  -1.92013E+04  -4.26296E+04  -1.31459E+05
   2.72620E-02   3.45550E-03   9.18419E-01   1.99846E-03   4.88648E-02   6.39216E+04  -4.36046E+03  -1.92001E+04  -4.26215E+04  -1.31472E+05
   2.71620E-02   3.45585E-03   9.18514E-01   1.99866E-03   4.88698E-02   6.39030E+04  -4.35918E+03  -1.91989E+04  -4.26133E+04  -1.31484E+05
   2.70620E-02   3.45621E-03   9.18608E-01   1.99887E-03   4.88748E-02   6.38845E+04  -4.35791E+03  -1.91977E+04  -4.26052E+04  -1.31496E+05
   2.69620E-02   3.45656E-03   9.18702E-01   1.99907E-03   4.88799E-02   6.38658E+04  -4.35663E+03  -1.91966E+04  -4.25970E+04  -1.31508E+05
   2.68620E-02   3.45692E-03   9.18797E-01   1.99928E-03   4.88849E-02   6.38471E+04  -4.35536E+03  -1.91954E+04  -4.25889E+04  -1.31520E+05
   2.67620E-02   3.45727E-03   9.18891E-01   1.99948E-03   4.88899E-02   6.38283E+04  -4.35408E+03  -1.91942E+04  -4.25807E+04  -1.31532E+05
   2.66620E-02   3.45763E-03   9.18986E-01   1.99969E-03   4.88949E-02   6.38095E+04  -4.35281E+03  -1.91930E+04  -4.25726E+04  -1.31545E+05
   2.65620E-02   3.45799E-03   9.19080E-01   1.99989E-03   4.89000E-02   6.37906E+04  -4.35154E+03  -1.91919E+04  -4.25645E+04  -1.31557E+05
   2.64620E-02   3.45834E-03   9.19175E-01   2.00010E-03   4.89050E-02   6.37716E+04  -4.35027E+03  -1.91907E+04  -4.25563E+04  -1.31569E+05
   2.63620E-02   3.45870E-03   9.19269E-01   2.00031E-03   4.89100E-02   6.37525E+04  -4.34900E+03  -1.91895E+04  -4.25482E+04  -1.31581E+05
   2.62620E-02   3.45905E-03   9.19363E-01   2.00051E-03   4.89150E-02   6.37334E+04  -4.34773E+03  -1.91884E+04  -4.25401E+04  -1.31593E+05
   2.61620E-02   3.45941E-03   9.19458E-01   2.00072E-03   4.89201E-02   6.37142E+04  -4.34646E+03  -1.91872E+04  -4.25320E+04  -1.31605E+05
   2.60620E-02   3.45976E-03   9.19552E-01   2.00092E-03   4.89251E-02   6.36950E+04  -4.34519E+03  -1.91860E+04  -4.25238E+04  -1.31617E+05
   2.59620E-02   3.46012E-03   9.19647E-01   2.00113E-03   4.89301E-02   6.36756E+04  -4.34392E+03  -1.91849E+04  -4.25157E+04  -1.31630E+05
   2.58620E-02   3.46047E-03   9.19741E-01   2.00133E-03   4.89351E-02   6.36562E+04  -4.34265E+03  -1.91837E+04  -4.25076E+04  -1.31642E+05
   2.57620E-02   3.46083E-03   9.19835E-01   2.00154E-03   4.89402E-02   6.36368E+04  -4.34138E+03  -1.91825E+04  -4.24995E+04  -1.31654E+05
   2.56620E-02   3.46118E-03   9.19930E-01   2.00174E-03   4.89452E-02   6.36172E+04  -4.34012E+03  -1.91813E+04  -4.24913E+04  -1.31666E+05
   2.55620E-02   3.46154E-03   9.20024E-01   2.00195E-03   4.89502E-02   6.35976E+04  -4.33885E+03  -1.91802E+04  -4.24832E+04  -1.31678E+05
   2.54620E-02   3.46189E-03   9.20119E-01   2.00215E-03   4.89552E-02   6.35779E+04  -4.33759E+03  -1.91790E+04  -4.24751E+04  -1.31690E+05
   2.53620E-02   3.46225E-03   9.20213E-01   2.00236E-03   4.89602E-02   6.35582E+04  -4.33632E+03  -1.91778E+04  -4.24670E+04  -1.31702E+05
   2.52620E-02   3.46260E-03   9.20308E-01   2.00257E-03   4.89653E-02   6.35383E+04  -4.33506E+03  -1.91767E+04  -4.24589E+04  -1.31714E+05
   2.51620E-02   3.46296E-03   9.20402E-01   2.00277E-03   4.89703E-02   6.35184E+04  -4.33379E+03  -1.91755E+04  -4.24508E+04  -1.31727E+05
   2.50620E-02   3.46331E-03   9.20496E-01   2.00298E-03   4.89753E-02   6.34984E+04  -4.33253E+03  -1.91743E+04  -4.24427E+04  -1.31739E+05
   2.49620E-02   3.46367E-03   9.20591E-01   2.00318E-03   4.89803E-02   6.34784E+04  -4.33127E+03  -1.91732E+04  -4.24346E+04  -1.31751E+05
   2.48620E-02   3.46402E-03   9.20685E-01   2.00339E-03   4.89854E-02   6.34583E+04  -4.33001E+03  -1.91720E+04  -4.24265E+04  -1.31763E+05
   2.47620E-02   3.46438E-03   9.20780E-01   2.00359E-03   4.89904E-02   6.34380E+04  -4.32875E+03  -1.91708E+04  -4.24184E+04  -1.31775E+05
   2.46620E-02   3.46473E-03   9.20874E-01   2.00380E-03   4.89954E-02   6.34178E+04  -4.32749E+03  -1.91697E+04  -4.24103E+04  -1.31787E+05
   2.45620E-02   3.46509E-03   9.20968E-01   2.00400E-03   4.90004E-02   6.33974E+04  -4.32623E+03  -1.91685E+04  -4.24022E+04  -1.31799E+05
   2.44620E-02   3.46545E-03   9.21063E-01   2.00421E-03   4.90055E-02   6.33769E+04  -4.32497E+03  -1.91673E+04  -4.23941E+04  -1.31811E+05
   2.43620E-02   3.46580E-03   9.21157E-01   2.00441E-03   4.90105E-02   6.33564E+04  -4.32371E+03  -1.91662E+04  -4.23860E+04  -1.31823E+05
   2.42620E-02   3.46616E-03   9.21252E-01   2.00462E-03   4.90155E-02   6.33358E+04  -4.32245E+03  -1.91650E+04  -4.23779E+04  -1.31836E+05
   2.41620E-02   3.46651E-03   9.21346E-01   2.00483E-03   4.90205E-02   6.33151E+04  -4.32120E+03  -1.91638E+04  -4.23698E+04  -1.31848E+05
   2.40620E-02   3.46687E-03   9.21441E-01   2.00503E-03   4.90256E-02   6.32944E+04  -4.31994E+03  -1.91627E+04  -4.23617E+04  -1.31860E+05
   2.39620E-02   3.46722E-03   9.21535E-01   2.00524E-03   4.90306E-02   6.32735E+04  -4.31868E+03  -1.91615E+04  -4.23536E+04  -1.31872E+05
   2.38620E-02   3.46758E-03   9.21629E-01   2.00544E-03   4.90356E-02   6.32526E+04  -4.31743E+03  -1.91604E+04  -4.23455E+04  -1.31884E+05
   2.37620E-02   3.46793E-03   9.21724E-01   2.00565E-03   4.90406E-02   6.32316E+04  -4.31617E+03  -1.91592E+04  -4.23374E+04  -1.31896E+05
   2.36620E-02   3.46829E-03   9.21818E-01   2.00585E-03   4.90456E-02   6.32105E+04  -4.31492E+03  -1.91580E+04  -4.23294E+04  -1.31908E+05
   2.35620E-02   3.46864E-03   9.21913E-01   2.00606E-03   4.90507E-02   6.31893E+04  -4.31367E+03  -1.91569E+04  -4.23213E+04  -1.31920E+05
   2.34620E-02   3.46900E-03   9.22007E-01   2.00626E-03   4.90557E-02   6.31680E+04  -4.31242E+03  -1.91557E+04  -4.23132E+04  -1.31932E+05
   2.33620E-02   3.46935E-03   9.22101E-01   2.00647E-03   4.90607E-02   6.31466E+04  -4.31116E+03  -1.91545E+04  -4.23051E+04  -1.31944E+05
   2.32620E-02   3.46971E-03   9.22196E-01   2.00667E-03   4.90657E-02   6.31252E+04  -4.30991E+03  -1.91534E+04  -4.22970E+04  -1.31956E+05
   2.31620E-02   3.47006E-03   9.22290E-01   2.00688E-03   4.90708E-02   6.31037E+04  -4.30866E+03  -1.91522E+04  -4.22890E+04  -1.31968E+05
   2.30620E-02   3.47042E-03   9.22385E-01   2.00708E-03   4.90758E-02   6.30820E+04  -4.30741E+03  -1.91511E+04  -4.22809E+04  -1.31980E+05
   2.29620E-02   3.47077E-03   9.22479E-01   2.00729E-03   4.90808E-02   6.30603E+04  -4.30616E+03  -1.91499E+04  -4.22728E+04  -1.31993E+05
   2.28620E-02   3.47113E-03   9.22574E-01   2.00750E-03   4.90858E-02   6.30385E+04  -4.30491E+03  -1.91487E+04  -4.22648E+04  -1.32005E+05
   2.27620E-02   3.47148E-03   9.22668E-01   2.00770E-03   4.90909E-02   6.30166E+04  -4.30367E+03  -1.91476E+04  -4.22567E+04  -1.32017E+05
   2.26620E-02   3.47184E-03   9.22762E-01   2.00791E-03   4.90959E-02   6.29947E+04  -4.30242E+03  -1.91464E+04  -4.22486E+04  -1.32029E+05
   2.25620E-02   3.47219E-03   9.22857E-01   2.00811E-03   4.91009E-02   6.29726E+04  -4.30117E+03  -1.91453E+04  -4.22406E+04  -1.32041E+05
   2.24620E-02   3.47255E-03   9.22951E-01   2.00832E-03   4.91059E-02   6.29504E+04  -4.29993E+03  -1.91441E+04  -4.22325E+04  -1.32053E+05
   2.23620E-02   3.47290E-03   9.23046E-01   2.00852E-03   4.91110E-02   6.29281E+04  -4.29868E+03  -1.91429E+04  -4.22244E+04  -1.32065E+05
   2.22620E-02   3.47326E-03   9.23140E-01   2.00873E-03   4.91160E-02   6.29058E+04  -4.29744E+03  -1.91418E+04  -4.22164E+04  -1.32077E+05
   2.21620E-02   3.47362E-03   9.23234E-01   2.00893E-03   4.91210E-02   6.28833E+04  -4.29619E+03  -1.91406E+04  -4.22083E+04  -1.32089E+05
   2.20620E-02   3.47397E-03   9.23329E-01   2.00914E-03   4.91260E-02   6.28608E+04  -4.29495E+03  -1.91395E+04  -4.22003E+04  -1.32101E+05
   2.19620E-02   3.47433E-03   9.23423E-01   2.00934E-03   4.91310E-02   6.28381E+04  -4.29371E+03  -1.91383E+04  -4.21922E+04  -1.32113E+05
   2.18620E-02   3.47468E-03   9.23518E-01   2.00955E-03   4.91361E-02   6.28154E+04  -4.29246E+03  -1.91371E+04  -4.21842E+04  -1.32125E+05
   2.17620E-02   3.47504E-03   9.23612E-01   2.00976E-03   4.91411E-02   6.27925E+04  -4.29122E+03  -1.91360E+04  -4.21761E+04  -1.32137E+05
   2.16620E-02   3.47539E-03   9.23707E-01   2.00996E-03   4.91461E-02   6.27696E+04  -4.28998E+03  -1.91348E+04  -4.21681E+04  -1.32149E+05
   2.15620E-02   3.47575E-03   9.23801E-01   2.01017E-03   4.91511E-02   6.27465E+04  -4.28874E+03  -1.91337E+04  -4.21600E+04  -1.32161E+05
   2.14620E-02   3.47610E-03   9.23895E-01   2.01037E-03   4.91562E-02   6.27234E+04  -4.28750E+03  -1.91325E+04  -4.21520E+04  -1.32173E+05
   2.13620E-02   3.47646E-03   9.23990E-01   2.01058E-03   4.91612E-02   6.27001E+04  -4.28626E+03  -1.91314E+04  -4.21439E+04  -1.32185E+05
   2.12620E-02   3.47681E-03   9.24084E-01   2.01078E-03   4.91662E-02   6.26768E+04  -4.28503E+03  -1.91302E+04  -4.21359E+04  -1.32197E+05
   2.11620E-02   3.47717E-03   9.24179E-01   2.01099E-03   4.91712E-02   6.26533E+04  -4.28379E+03  -1.91290E+04  -4.21278E+04  -1.32209E+05
   2.10620E-02   3.47752E-03   9.24273E-01   2.01119E-03   4.91763E-02   6.26297E+04  -4.28255E+03  -1.91279E+04  -4.21198E+04  -1.32221E+05
   2.09620E-02   3.47788E-03   9.24367E-01   2.01140E-03   4.91813E-02   6.26061E+04  -4.28131E+03  -1.91267E+04  -4.21118E+04  -1.32233E+05
   2.08620E-02   3.47823E-03   9.24462E-01   2.01160E-03   4.91863E-02   6.25823E+04  -4.28008E+03  -1.91256E+04  -4.21037E+04  -1.32245E+05
   2.07620E-02   3.47859E-03   9.24556E-01   2.01181E-03   4.91913E-02   6.25584E+04  -4.27884E+03  -1.91244E+04  -4.20957E+04  -1.32257E+05
   2.06620E-02   3.47894E-03   9.24651E-01   2.01202E-03   4.91963E-02   6.25344E+04  -4.27761E+03  -1.91233E+04  -4.20877E+04  -1.32269E+05
   2.05620E-02   3.47930E-03   9.24745E-01   2.01222E-03   4.92014E-02   6.25102E+04  -4.27637E+03  -1.91221E+04  -4.20796E+04  -1.32281E+05
   2.04620E-02   3.47965E-03   9.24840E-01   2.01243E-03   4.92064E-02   6.24860E+04  -4.27514E+03  -1.91210E+04  -4.20716E+04  -1.32293E+05
   2.03620E-02   3.48001E-03   9.24934E-01   2.01263E-03   4.92114E-02   6.24617E+04  -4.27391E+03  -1.91198E+04  -4.20636E+04  -1.32305E+05
   2.02620E-02   3.48036E-03   9.25028E-01   2.01284E-03   4.92164E-02   6.24372E+04  -4.27268E+03  -1.91186E+04  -4.20556E+04  -1.32317E+05
   2.01620E-02   3.48072E-03   9.25123E-01   2.01304E-03   4.92215E-02   6.24126E+04  -4.27144E+03  -1.91175E+04  -4.20475E+04  -1.32329E+05
   2.00620E-02   3.48108E-03   9.25217E-01   2.01325E-03   4.92265E-02   6.23879E+04  -4.27021E+03  -1.91163E+04  -4.20395E+04  -1.32341E+05
   1.99620E-02   3.48143E-03   9.25312E-01   2.01345E-03   4.92315E-02   6.23631E+04  -4.26898E+03  -1.91152E+04  -4.20315E+04  -1.32353E+05
   1.98620E-02   3.48179E-03   9.25406E-01   2.01366E-03   4.92365E-02   6.23382E+04  -4.26775E+03  -1.91140E+04  -4.20235E+04  -1.32365E+05
   1.97620E-02   3.48214E-03   9.25500E-01   2.01386E-03   4.92416E-02   6.23132E+04  -4.26653E+03  -1.91129E+04  -4.20155E+04  -1.32377E+05
   1.96620E-02   3.48250E-03   9.25595E-01   2.01407E-03   4.92466E-02   6.22880E+04  -4.26530E+03  -1.91117E+04  -4.20075E+04  -1.32389E+05
   1.95620E-02   3.48285E-03   9.25689E-01   2.01428E-03   4.92516E-02   6.22627E+04  -4.26407E+03  -1.91106E+04  -4.19994E+04  -1.32401E+05
   1.94620E-02   3.48321E-03   9.25784E-01   2.01448E-03   4.92566E-02   6.22373E+04  -4.26284E+03  -1.91094E+04  -4.19914E+04  -1.32413E+05
   1.93620E-02   3.48356E-03   9.25878E-01   2.01469E-03   4.92617E-02   6.22117E+04  -4.26162E+03  -1.91083E+04  -4.19834E+04  -1.32425E+05
   1.92620E-02   3.48392E-03   9.25973E-01   2.01489E-03   4.92667E-02   6.21861E+04  -4.26039E+03  -1.91071E+04  -4.19754E+04  -1.32437E+05
   1.91620E-02   3.48427E-03   9.26067E-01   2.01510E-03   4.92717E-02   6.21603E+04  -4.25917E+03  -1.91060E+04  -4.19674E+04  -1.32449E+05
   1.90620E-02   3.48463E-03   9.26161E-01   2.01530E-03   4.92767E-02   6.21343E+04  -4.25794E+03  -1.91048E+04  -4.19594E+04  -1.32461E+05
   1.89620E-02   3.48498E-03   9.26256E-01   2.01551E-03   4.92817E-02   6.21083E+04  -4.25672E+03  -1.91037E+04  -4.19514E+04  -1.32473E+05
   1.88620E-02   3.48534E-03   9.26350E-01   2.01571E-03   4.92868E-02   6.20821E+04  -4.25549E+03  -1.91025E+04  -4.19434E+04  -1.32485E+05
   1.87620E-02   3.48569E-03   9.26445E-01   2.01592E-03   4.92918E-02   6.20557E+04  -4.25427E+03  -1.91014E+04  -4.19354E+04  -1.32497E+05
   1.86620E-02   3.48605E-03   9.26539E-01   2.01612E-03   4.92968E-02   6.20293E+04  -4.25305E+03  -1.91002E+04  -4.19274E+04  -1.32509E+05
   1.85620E-02   3.48640E-03   9.26633E-01   2.01633E-03   4.93018E-02   6.20027E+04  -4.25183E+03  -1.90991E+04  -4.19194E+04  -1.32521E+05
   1.84620E-02   3.48676E-03   9.26728E-01   2.01654E-03   4.93069E-02   6.19759E+04  -4.25061E+03  -1.90979E+04  -4.19114E+04  -1.32533E+05
   1.83620E-02   3.48711E-03   9.26822E-01   2.01674E-03   4.93119E-02   6.19491E+04  -4.24939E+03  -1.90968E+04  -4.19034E+04  -1.32545E+05
   1.82620E-02   3.48747E-03   9.26917E-01   2.01695E-03   4.93169E-02   6.19220E+04  -4.24817E+03  -1.90956E+04  -4.18954E+04  -1.32557E+05
   1.81620E-02   3.48782E-03   9.27011E-01   2.01715E-03   4.93219E-02   6.18949E+04  -4.24695E+03  -1.90945E+04  -4.18875E+04  -1.32569E+05
   1.80620E-02   3.48818E-03   9.27105E-01   2.01736E-03   4.93270E-02   6.18676E+04  -4.24573E+03  -1.90933E+04  -4.18795E+04  -1.32581E+05
   1.79620E-02   3.48854E-03   9.27200E-01   2.01756E-03   4.93320E-02   6.18401E+04  -4.24451E+03  -1.90922E+04  -4.18715E+04  -1.32593E+05
   1.78620E-02   3.48889E-03   9.27294E-01   2.01777E-03   4.93370E-02   6.18125E+04  -4.24330E+03  -1.90911E+04  -4.18635E+04  -1.32605E+05
   1.77620E-02   3.48925E-03   9.27389E-01   2.01797E-03   4.93420E-02   6.17848E+04  -4.24208E+03  -1.90899E+04  -4.18555E+04  -1.32617E+05
   1.76620E-02   3.48960E-03   9.27483E-01   2.01818E-03   4.93471E-02   6.17569E+04  -4.24086E+03  -1.90888E+04  -4.18475E+04  -1.32629E+05
   1.75620E-02   3.48996E-03   9.27578E-01   2.01838E-03   4.93521E-02   6.17288E+04  -4.23965E+03  -1.90876E+04  -4.18396E+04  -1.32640E+05
   1.74620E-02   3.49031E-03   9.27672E-01   2.01859E-03   4.93571E-02   6.17006E+04  -4.23843E+03  -1.90865E+04  -4.18316E+04  -1.32652E+05
   1.73620E-02   3.49067E-03   9.27766E-01   2.01880E-03   4.93621E-02   6.16723E+04  -4.23722E+03  -1.90853E+04  -4.18236E+04  -1.32664E+05
   1.72620E-02   3.49102E-03   9.27861E-01   2.01900E-03   4.93671E-02   6.16437E+04  -4.23601E+03  -1.90842E+04  -4.18156E+04  -1.32676E+05
   1.71620E-02   3.49138E-03   9.27955E-01   2.01921E-03   4.93722E-02   6.16151E+04  -4.23479E+03  -1.90830E+04  -4.18077E+04  -1.32688E+05
   1.70620E-02   3.49173E-03   9.28050E-01   2.01941E-03   4.93772E-02   6.15862E+04  -4.23358E+03  -1.90819E+04  -4.17997E+04  -1.32700E+05
   1.69620E-02   3.49209E-03   9.28144E-01   2.01962E-03   4.93822E-02   6.15572E+04  -4.23237E+03  -1.90807E+04  -4.17917E+04  -1.32712E+05
   1.68620E-02   3.49244E-03   9.28238E-01   2.01982E-03   4.93872E-02   6.15280E+04  -4.23116E+03  -1.90796E+04  -4.17838E+04  -1.32724E+05
   1.67620E-02   3.49280E-03   9.28333E-01   2.02003E-03   4.93923E-02   6.14987E+04  -4.22995E+03  -1.90785E+04  -4.17758E+04  -1.32736E+05
   1.66620E-02   3.49315E-03   9.28427E-01   2.02023E-03   4.93973E-02   6.14692E+04  -4.22874E+03  -1.90773E+04  -4.17678E+04  -1.32748E+05
   1.65620E-02   3.49351E-03   9.28522E-01   2.02044E-03   4.94023E-02   6.14395E+04  -4.22753E+03  -1.90762E+04  -4.17599E+04  -1.32760E+05
   1.64620E-02   3.49386E-03   9.28616E-01   2.02064E-03   4.94073E-02   6.14097E+04  -4.22632E+03  -1.90750E+04  -4.17519E+04  -1.32772E+05
   1.63620E-02   3.49422E-03   9.28711E-01   2.02085E-03   4.94124E-02   6.13796E+04  -4.22511E+03  -1.90739E+04  -4.17440E+04  -1.32784E+05
   1.62620E-02   3.49457E-03   9.28805E-01   2.02106E-03   4.94174E-02   6.13494E+04  -4.22391E+03  -1.90727E+04  -4.17360E+04  -1.32795E+05
   1.61620E-02   3.49493E-03   9.28899E-01   2.02126E-03   4.94224E-02   6.13191E+04  -4.22270E+03  -1.90716E+04  -4.17281E+04  -1.32807E+05
   1.60620E-02   3.49528E-03   9.28994E-01   2.02147E-03   4.94274E-02   6.12885E+04  -4.22150E+03  -1.90705E+04  -4.17201E+04  -1.32819E+05
   1.59620E-02   3.49564E-03   9.29088E-01   2.02167E-03   4.94325E-02   6.12577E+04  -4.22029E+03  -1.90693E+04  -4.17122E+04  -1.32831E+05
   1.58620E-02   3.49600E-03   9.29183E-01   2.02188E-03   4.94375E-02   6.12268E+04  -4.21909E+03  -1.90682E+04  -4.17042E+04  -1.32843E+05
   1.57620E-02   3.49635E-03   9.29277E-01   2.02208E-03   4.94425E-02   6.11957E+04  -4.21788E+03  -1.90670E+04  -4.16963E+04  -1.32855E+05
   1.56620E-02   3.49671E-03   9.29371E-01   2.02229E-03   4.94475E-02   6.11643E+04  -4.21668E+03  -1.90659E+04  -4.16883E+04  -1.32867E+05
   1.55620E-02   3.49706E-03   9.29466E-01   2.02249E-03   4.94525E-02   6.11328E+04  -4.21548E+03  -1.90648E+04  -4.16804E+04  -1.32879E+05
   1.54620E-02   3.49742E-03   9.29560E-01   2.02270E-03   4.94576E-02   6.11011E+04  -4.21427E+03  -1.90636E+04  -4.16724E+04  -1.32891E+05
   1.53620E-02   3.49777E-03   9.29655E-01   2.02290E-03   4.94626E-02   6.10692E+04  -4.21307E+03  -1.90625E+04  -4.16645E+04  -1.32902E+05
   1.52620E-02   3.49813E-03   9.29749E-01   2.02311E-03   4.94676E-02   6.10371E+04  -4.21187E+03  -1.90613E+04  -4.16566E+04  -1.32914E+05
   1.51620E-02   3.49848E-03   9.29844E-01   2.02332E-03   4.94726E-02   6.10048E+04  -4.21067E+03  -1.90602E+04  -4.16486E+04  -1.32926E+05
   1.50620E-02   3.49884E-03   9.29938E-01   2.02352E-03   4.94777E-02   6.09723E+04  -4.20947E+03  -1.90591E+04  -4.16407E+04  -1.32938E+05
   1.49620E-02   3.49919E-03   9.30032E-01   2.02373E-03   4.94827E-02   6.09395E+04  -4.20827E+03  -1.90579E+04  -4.16327E+04  -1.32950E+05
   1.48620E-02   3.49955E-03   9.30127E-01   2.02393E-03   4.94877E-02   6.09066E+04  -4.20707E+03  -1.90568E+04  -4.16248E+04  -1.32962E+05
   1.47620E-02   3.49990E-03   9.30221E-01   2.02414E-03   4.94927E-02   6.08734E+04  -4.20588E+03  -1.90556E+04  -4.16169E+04  -1.32974E+05
   1.46620E-02   3.50026E-03   9.30316E-01   2.02434E-03   4.94978E-02   6.08400E+04  -4.20468E+03  -1.90545E+04  -4.16090E+04  -1.32986E+05
   1.45620E-02   3.50061E-03   9.30410E-01   2.02455E-03   4.95028E-02   6.08064E+04  -4.20348E+03  -1.90534E+04  -4.16010E+04  -1.32997E+05
   1.44620E-02   3.50097E-03   9.30504E-01   2.02475E-03   4.95078E-02   6.07726E+04  -4.20229E+03  -1.90522E+04  -4.15931E+04  -1.33009E+05
   1.43620E-02   3.50132E-03   9.30599E-01   2.02496E-03   4.95128E-02   6.07385E+04  -4.20109E+03  -1.90511E+04  -4.15852E+04  -1.33021E+05
   1.42620E-02   3.50168E-03   9.30693E-01   2.02516E-03   4.95178E-02   6.07043E+04  -4.19990E+03  -1.90500E+04  -4.15773E+04  -1.33033E+05
   1.41620E-02   3.50203E-03   9.30788E-01   2.02537E-03   4.95229E-02   6.06697E+04  -4.19870E+03  -1.90488E+04  -4.15693E+04  -1.33045E+05
   1.40620E-02   3.50239E-03   9.30882E-01   2.02558E-03   4.95279E-02   6.06350E+04  -4.19751E+03  -1.90477E+04  -4.15614E+04  -1.33057E+05
   1.39620E-02   3.50274E-03   9.30977E-01   2.02578E-03   4.95329E-02   6.06000E+04  -4.19632E+03  -1.90466E+04  -4.15535E+04  -1.33069E+05
   1.38620E-02   3.50310E-03   9.31071E-01   2.02599E-03   4.95379E-02   6.05647E+04  -4.19512E+03  -1.90454E+04  -4.15456E+04  -1.33080E+05
   1.37620E-02   3.50346E-03   9.31165E-01   2.02619E-03   4.95430E-02   6.05293E+04  -4.19393E+03  -1.90443E+04  -4.15377E+04  -1.33092E+05
   1.36620E-02   3.50381E-03   9.31260E-01   2.02640E-03   4.95480E-02   6.04935E+04  -4.19274E+03  -1.90431E+04  -4.15298E+04  -1.33104E+05
   1.35620E-02   3.50417E-03   9.31354E-01   2.02660E-03   4.95530E-02   6.04575E+04  -4.19155E+03  -1.90420E+04  -4.15219E+04  -1.33116E+05
   1.34620E-02   3.50452E-03   9.31449E-01   2.02681E-03   4.95580E-02   6.04213E+04  -4.19036E+03  -1.90409E+04  -4.15140E+04  -1.33128E+05
   1.33620E-02   3.50488E-03   9.31543E-01   2.02701E-03   4.95631E-02   6.03847E+04  -4.18917E+03  -1.90397E+04  -4.15060E+04  -1.33140E+05
   1.32620E-02   3.50523E-03   9.31637E-01   2.02722E-03   4.95681E-02   6.03480E+04  -4.18798E+03  -1.90386E+04  -4.14981E+04  -1.33151E+05
   1.31620E-02   3.50559E-03   9.31732E-01   2.02742E-03   4.95731E-02   6.03109E+04  -4.18679E+03  -1.90375E+04  -4.14902E+04  -1.33163E+05
   1.30620E-02   3.50594E-03   9.31826E-01   2.02763E-03   4.95781E-02   6.02736E+04  -4.18561E+03  -1.90363E+04  -4.14823E+04  -1.33175E+05
   1.29620E-02   3.50630E-03   9.31921E-01   2.02784E-03   4.95832E-02   6.02360E+04  -4.18442E+03  -1.90352E+04  -4.14744E+04  -1.33187E+05
   1.28620E-02   3.50665E-03   9.32015E-01   2.02804E-03   4.95882E-02   6.01981E+04  -4.18323E+03  -1.90341E+04  -4.14665E+04  -1.33199E+05
   1.27620E-02   3.50701E-03   9.32110E-01   2.02825E-03   4.95932E-02   6.01599E+04  -4.18205E+03  -1.90329E+04  -4.14586E+04  -1.33211E+05
   1.26620E-02   3.50736E-03   9.32204E-01   2.02845E-03   4.95982E-02   6.01214E+04  -4.18086E+03  -1.90318E+04  -4.14508E+04  -1.33222E+05
   1.25620E-02   3.50772E-03   9.32298E-01   2.02866E-03   4.96032E-02   6.00826E+04  -4.17968E+03  -1.90307E+04  -4.14429E+04  -1.33234E+05
   1.24620E-02   3.50807E-03   9.32393E-01   2.02886E-03   4.96083E-02   6.00436E+04  -4.17849E+03  -1.90296E+04  -4.14350E+04  -1.33246E+05
   1.23620E-02   3.50843E-03   9.32487E-01   2.02907E-03   4.96133E-02   6.00042E+04  -4.17731E+03  -1.90284E+04  -4.14271E+04  -1.33258E+05
   1.22620E-02   3.50878E-03   9.32582E-01   2.02927E-03   4.96183E-02   5.99645E+04  -4.17613E+03  -1.90273E+04  -4.14192E+04  -1.33270E+05
   1.21620E-02   3.50914E-03   9.32676E-01   2.02948E-03   4.96233E-02   5.99245E+04  -4.17495E+03  -1.90262E+04  -4.14113E+04  -1.33282E+05
   1.20620E-02   3.50949E-03   9.32770E-01   2.02968E-03   4.96284E-02   5.98842E+04  -4.17376E+03  -1.90250E+04  -4.14034E+04  -1.33293E+05
   1.19620E-02   3.50985E-03   9.32865E-01   2.02989E-03   4.96334E-02   5.98435E+04  -4.17258E+03  -1.90239E+04  -4.13955E+04  -1.33305E+05
   1.18620E-02   3.51020E-03   9.32959E-01   2.03009E-03   4.96384E-02   5.98025E+04  -4.17140E+03  -1.90228E+04  -4.13877E+04  -1.33317E+05
   1.17620E-02   3.51056E-03   9.33054E-01   2.03030E-03   4.96434E-02   5.97612E+04  -4.17022E+03  -1.90216E+04  -4.13798E+04  -1.33329E+05
   1.16620E-02   3.51092E-03   9.33148E-01   2.03051E-03   4.96485E-02   5.97195E+04  -4.16905E+03  -1.90205E+04  -4.13719E+04  -1.33341E+05
   1.15620E-02   3.51127E-03   9.33243E-01   2.03071E-03   4.96535E-02   5.96775E+04  -4.16787E+03  -1.90194E+04  -4.13640E+04  -1.33352E+05
   1.14620E-02   3.51163E-03   9.33337E-01   2.03092E-03   4.96585E-02   5.96351E+04  -4.16669E+03  -1.90183E+04  -4.13561E+04  -1.33364E+05
   1.13620E-02   3.51198E-03   9.33431E-01   2.03112E-03   4.96635E-02   5.95924E+04  -4.16551E+03  -1.90171E+04  -4.13483E+04  -1.33376E+05
   1.12620E-02   3.51234E-03   9.33526E-01   2.03133E-03   4.96686E-02   5.95493E+04  -4.16434E+03  -1.90160E+04  -4.13404E+04  -1.33388E+05
   1.11620E-02   3.51269E-03   9.33620E-01   2.03153E-03   4.96736E-02   5.95058E+04  -4.16316E+03  -1.90149E+04  -4.13325E+04  -1.33400E+05
   1.10620E-02   3.51305E-03   9.33715E-01   2.03174E-03   4.96786E-02   5.94619E+04  -4.16198E+03  -1.90137E+04  -4.13247E+04  -1.33411E+05
   1.09620E-02   3.51340E-03   9.33809E-01   2.03194E-03   4.96836E-02   5.94176E+04  -4.16081E+03  -1.90126E+04  -4.13168E+04  -1.33423E+05
   1.08620E-02   3.51376E-03   9.33903E-01   2.03215E-03   4.96886E-02   5.93730E+04  -4.15964E+03  -1.90115E+04  -4.13089E+04  -1.33435E+05
   1.07620E-02   3.51411E-03   9.33998E-01   2.03235E-03   4.96937E-02   5.93279E+04  -4.15846E+03  -1.90104E+04  -4.13011E+04  -1.33447E+05
   1.06620E-02   3.51447E-03   9.34092E-01   2.03256E-03   4.96987E-02   5.92825E+04  -4.15729E+03  -1.90092E+04  -4.12932E+04  -1.33458E+05
   1.05620E-02   3.51482E-03   9.34187E-01   2.03277E-03   4.97037E-02   5.92366E+04  -4.15612E+03  -1.90081E+04  -4.12854E+04  -1.33470E+05
   1.04620E-02   3.51518E-03   9.34281E-01   2.03297E-03   4.97087E-02   5.91903E+04  -4.15494E+03  -1.90070E+04  -4.12775E+04  -1.33482E+05
   1.03620E-02   3.51553E-03   9.34376E-01   2.03318E-03   4.97138E-02   5.91435E+04  -4.15377E+03  -1.90059E+04  -4.12696E+04  -1.33494E+05
   1.02620E-02   3.51589E-03   9.34470E-01   2.03338E-03   4.97188E-02   5.90963E+04  -4.15260E+03  -1.90047E+04  -4.12618E+04  -1.33505E+05
   1.01620E-02   3.51624E-03   9.34564E-01   2.03359E-03   4.97238E-02   5.90487E+04  -4.15143E+03  -1.90036E+04  -4.12539E+04  -1.33517E+05
   1.00620E-02   3.51660E-03   9.34659E-01   2.03379E-03   4.97288E-02   5.90006E+04  -4.15026E+03  -1.90025E+04  -4.12461E+04  -1.33529E+05
   9.96201E-03   3.51695E-03   9.34753E-01   2.03400E-03   4.97339E-02   5.89520E+04  -4.14910E+03  -1.90014E+04  -4.12382E+04  -1.33541E+05
   9.86201E-03   3.51731E-03   9.34848E-01   2.03420E-03   4.97389E-02   5.89029E+04  -4.14793E+03  -1.90002E+04  -4.12304E+04  -1.33553E+05
   9.76201E-03   3.51766E-03   9.34942E-01   2.03441E-03   4.97439E-02   5.88534E+04  -4.14676E+03  -1.89991E+04  -4.12225E+04  -1.33564E+05
   9.66201E-03   3.51802E-03   9.35036E-01   2.03461E-03   4.97489E-02   5.88033E+04  -4.14559E+03  -1.89980E+04  -4.12147E+04  -1.33576E+05
   9.56201E-03   3.51837E-03   9.35131E-01   2.03482E-03   4.97539E-02   5.87528E+04  -4.14443E+03  -1.89969E+04  -4.12069E+04  -1.33588E+05
   9.46201E-03   3.51873E-03   9.35225E-01   2.03503E-03   4.97590E-02   5.87017E+04  -4.14326E+03  -1.89957E+04  -4.11990E+04  -1.33600E+05
   9.36201E-03   3.51909E-03   9.35320E-01   2.03523E-03   4.97640E-02   5.86501E+04  -4.14210E+03  -1.89946E+04  -4.11912E+04  -1.33611E+05
   9.26201E-03   3.51944E-03   9.35414E-01   2.03544E-03   4.97690E-02   5.85979E+04  -4.14093E+03  -1.89935E+04  -4.11833E+04  -1.33623E+05
   9.16201E-03   3.51980E-03   9.35509E-01   2.03564E-03   4.97740E-02   5.85452E+04  -4.13977E+03  -1.89924E+04  -4.11755E+04  -1.33635E+05
   9.06201E-03   3.52015E-03   9.35603E-01   2.03585E-03   4.97791E-02   5.84919E+04  -4.13860E+03  -1.89912E+04  -4.11677E+04  -1.33647E+05
   8.96201E-03   3.52051E-03   9.35697E-01   2.03605E-03   4.97841E-02   5.84381E+04  -4.13744E+03  -1.89901E+04  -4.11598E+04  -1.33658E+05
   8.86201E-03   3.52086E-03   9.35792E-01   2.03626E-03   4.97891E-02   5.83836E+04  -4.13628E+03  -1.89890E+04  -4.11520E+04  -1.33670E+05
   8.76201E-03   3.52122E-03   9.35886E-01   2.03646E-03   4.97941E-02   5.83285E+04  -4.13512E+03  -1.89879E+04  -4.11442E+04  -1.33682E+05
   8.66201E-03   3.52157E-03   9.35981E-01   2.03667E-03   4.97992E-02   5.82729E+04  -4.13396E+03  -1.89868E+04  -4.11364E+04  -1.33693E+05
   8.56201E-03   3.52193E-03   9.36075E-01   2.03687E-03   4.98042E-02   5.82166E+04  -4.13280E+03  -1.89856E+04  -4.11285E+04  -1.33705E+05
   8.46201E-03   3.52228E-03   9.36169E-01   2.03708E-03   4.98092E-02   5.81596E+04  -4.13164E+03  -1.89845E+04  -4.11207E+04  -1.33717E+05
   8.36201E-03   3.52264E-03   9.36264E-01   2.03729E-03   4.98142E-02   5.81020E+04  -4.13048E+03  -1.89834E+04  -4.11129E+04  -1.33729E+05
   8.26201E-03   3.52299E-03   9.36358E-01   2.03749E-03   4.98193E-02   5.80436E+04  -4.12932E+03  -1.89823E+04  -4.11051E+04  -1.33740E+05
   8.16201E-03   3.52335E-03   9.36453E-01   2.03770E-03   4.98243E-02   5.79846E+04  -4.12816E+03  -1.89812E+04  -4.10972E+04  -1.33752E+05
   8.06201E-03   3.52370E-03   9.36547E-01   2.03790E-03   4.98293E-02   5.79249E+04  -4.12700E+03  -1.89800E+04  -4.10894E+04  -1.33764E+05
   7.96201E-03   3.52406E-03   9.36641E-01   2.03811E-03   4.98343E-02   5.78645E+04  -4.12585E+03  -1.89789E+04  -4.10816E+04  -1.33775E+05
   7.86201E-03   3.52441E-03   9.36736E-01   2.03831E-03   4.98393E-02   5.78032E+04  -4.12469E+03  -1.89778E+04  -4.10738E+04  -1.33787E+05
   7.76201E-03   3.52477E-03   9.36830E-01   2.03852E-03   4.98444E-02   5.77413E+04  -4.12353E+03  -1.89767E+04  -4.10660E+04  -1.33799E+05
   7.66201E-03   3.52512E-03   9.36925E-01   2.03872E-03   4.98494E-02   5.76785E+04  -4.12238E+03  -1.89756E+04  -4.10582E+04  -1.33811E+05
   7.56201E-03   3.52548E-03   9.37019E-01   2.03893E-03   4.98544E-02   5.76149E+04  -4.12122E+03  -1.89744E+04  -4.10504E+04  -1.33822E+05
   7.46201E-03   3.52583E-03   9.37114E-01   2.03913E-03   4.98594E-02   5.75505E+04  -4.12007E+03  -1.89733E+04  -4.10426E+04  -1.33834E+05
   7.36201E-03   3.52619E-03   9.37208E-01   2.03934E-03   4.98645E-02   5.74852E+04  -4.11892E+03  -1.89722E+04  -4.10347E+04  -1.33846E+05
   7.26201E-03   3.52655E-03   9.37302E-01   2.03955E-03   4.98695E-02   5.74191E+04  -4.11776E+03  -1.89711E+04  -4.10269E+04  -1.33857E+05
   7.16201E-03   3.52690E-03   9.37397E-01   2.03975E-03   4.98745E-02   5.73520E+04  -4.11661E+03  -1.89700E+04  -4.10191E+04  -1.33869E+05
   7.06201E-03   3.52726E-03   9.37491E-01   2.03996E-03   4.98795E-02   5.72840E+04  -4.11546E+03  -1.89689E+04  -4.10113E+04  -1.33881E+05
   6.96201E-03   3.52761E-03   9.37586E-01   2.04016E-03   4.98846E-02   5.72151E+04  -4.11431E+03  -1.89677E+04  -4.10035E+04  -1.33893E+05
   6.86201E-03   3.52797E-03   9.37680E-01   2.04037E-03   4.98896E-02   5.71452E+04  -4.11316E+03  -1.89666E+04  -4.09957E+04  -1.33904E+05
   6.76201E-03   3.52832E-03   9.37774E-01   2.04057E-03   4.98946E-02   5.70742E+04  -4.11201E+03  -1.89655E+04  -4.09879E+04  -1.33916E+05
   6.66201E-03   3.52868E-03   9.37869E-01   2.04078E-03   4.98996E-02   5.70023E+04  -4.11086E+03  -1.89644E+04  -4.09802E+04  -1.33928E+05
   6.56201E-03   3.52903E-03   9.37963E-01   2.04098E-03   4.99047E-02   5.69292E+04  -4.10971E+03  -1.89633E+04  -4.09724E+04  -1.33939E+05
   6.46201E-03   3.52939E-03   9.38058E-01   2.04119E-03   4.99097E-02   5.68550E+04  -4.10856E+03  -1.89622E+04  -4.09646E+04  -1.33951E+05
   6.36201E-03   3.52974E-03   9.38152E-01   2.04139E-03   4.99147E-02   5.67798E+04  -4.10742E+03  -1.89611E+04  -4.09568E+04  -1.33963E+05
   6.26201E-03   3.53010E-03   9.38247E-01   2.04160E-03   4.99197E-02   5.67033E+04  -4.10627E+03  -1.89599E+04  -4.09490E+04  -1.33974E+05
   6.16201E-03   3.53045E-03   9.38341E-01   2.04181E-03   4.99247E-02   5.66256E+04  -4.10512E+03  -1.89588E+04  -4.09412E+04  -1.33986E+05
   6.06201E-03   3.53081E-03   9.38435E-01   2.04201E-03   4.99298E-02   5.65466E+04  -4.10398E+03  -1.89577E+04  -4.09334E+04  -1.33998E+05
   5.96201E-03   3.53116E-03   9.38530E-01   2.04222E-03   4.99348E-02   5.64664E+04  -4.10283E+03  -1.89566E+04  -4.09256E+04  -1.34009E+05
   5.86201E-03   3.53152E-03   9.38624E-01   2.04242E-03   4.99398E-02   5.63848E+04  -4.10169E+03  -1.89555E+04  -4.09179E+04  -1.34021E+05
   5.76201E-03   3.53187E-03   9.38719E-01   2.04263E-03   4.99448E-02   5.63018E+04  -4.10055E+03  -1.89544E+04  -4.09101E+04  -1.34033E+05
   5.66201E-03   3.53223E-03   9.38813E-01   2.04283E-03   4.99499E-02   5.62174E+04  -4.09940E+03  -1.89533E+04  -4.09023E+04  -1.34044E+05
   5.56201E-03   3.53258E-03   9.38907E-01   2.04304E-03   4.99549E-02   5.61315E+04  -4.09826E+03  -1.89521E+04  -4.08945E+04  -1.34056E+05
   5.46201E-03   3.53294E-03   9.39002E-01   2.04324E-03   4.99599E-02   5.60441E+04  -4.09712E+03  -1.89510E+04  -4.08868E+04  -1.34068E+05
   5.36201E-03   3.53329E-03   9.39096E-01   2.04345E-03   4.99649E-02   5.59551E+04  -4.09598E+03  -1.89499E+04  -4.08790E+04  -1.34079E+05
   5.26201E-03   3.53365E-03   9.39191E-01   2.04365E-03   4.99700E-02   5.58644E+04  -4.09484E+03  -1.89488E+04  -4.08712E+04  -1.34091E+05
   5.16201E-03   3.53401E-03   9.39285E-01   2.04386E-03   4.99750E-02   5.57720E+04  -4.09369E+03  -1.89477E+04  -4.08634E+04  -1.34103E+05
   5.06201E-03   3.53436E-03   9.39380E-01   2.04407E-03   4.99800E-02   5.56778E+04  -4.09256E+03  -1.89466E+04  -4.08557E+04  -1.34114E+05
   4.96201E-03   3.53472E-03   9.39474E-01   2.04427E-03   4.99850E-02   5.55817E+04  -4.09142E+03  -1.89455E+04  -4.08479E+04  -1.34126E+05
   4.86201E-03   3.53507E-03   9.39568E-01   2.04448E-03   4.99901E-02   5.54837E+04  -4.09028E+03  -1.89444E+04  -4.08401E+04  -1.34138E+05
   4.76201E-03   3.53543E-03   9.39663E-01   2.04468E-03   4.99951E-02   5.53837E+04  -4.08914E+03  -1.89433E+04  -4.08324E+04  -1.34149E+05
   4.66201E-03   3.53578E-03   9.39757E-01   2.04489E-03   5.00001E-02   5.52816E+04  -4.08800E+03  -1.89421E+04  -4.08246E+04  -1.34161E+05
   4.56201E-03   3.53614E-03   9.39852E-01   2.04509E-03   5.00051E-02   5.51773E+04  -4.08687E+03  -1.89410E+04  -4.08169E+04  -1.34172E+05
   4.46201E-03   3.53649E-03   9.39946E-01   2.04530E-03   5.00101E-02   5.50707E+04  -4.08573E+03  -1.89399E+04  -4.08091E+04  -1.34184E+05
   4.36201E-03   3.53685E-03   9.40040E-01   2.04550E-03   5.00152E-02   5.49617E+04  -4.08459E+03  -1.89388E+04  -4.08013E+04  -1.34196E+05
   4.26201E-03   3.53720E-03   9.40135E-01   2.04571E-03   5.00202E-02   5.48502E+04  -4.08346E+03  -1.89377E+04  -4.07936E+04  -1.34207E+05
   4.16201E-03   3.53756E-03   9.40229E-01   2.04591E-03   5.00252E-02   5.47361E+04  -4.08232E+03  -1.89366E+04  -4.07858E+04  -1.34219E+05
   4.06201E-03   3.53791E-03   9.40324E-01   2.04612E-03   5.00302E-02   5.46192E+04  -4.08119E+03  -1.89355E+04  -4.07781E+04  -1.34231E+05
   3.96201E-03   3.53827E-03   9.40418E-01   2.04633E-03   5.00353E-02   5.44995E+04  -4.08006E+03  -1.89344E+04  -4.07703E+04  -1.34242E+05
   3.86201E-03   3.53862E-03   9.40513E-01   2.04653E-03   5.00403E-02   5.43767E+04  -4.07892E+03  -1.89333E+04  -4.07626E+04  -1.34254E+05
   3.76201E-03   3.53898E-03   9.40607E-01   2.04674E-03   5.00453E-02   5.42507E+04  -4.07779E+03  -1.89322E+04  -4.07548E+04  -1.34265E+05
   3.66201E-03   3.53933E-03   9.40701E-01   2.04694E-03   5.00503E-02   5.41213E+04  -4.07666E+03  -1.89311E+04  -4.07471E+04  -1.34277E+05
   3.56201E-03   3.53969E-03   9.40796E-01   2.04715E-03   5.00554E-02   5.39884E+04  -4.07553E+03  -1.89300E+04  -4.07394E+04  -1.34289E+05
   3.46201E-03   3.54004E-03   9.40890E-01   2.04735E-03   5.00604E-02   5.38518E+04  -4.07440E+03  -1.89288E+04  -4.07316E+04  -1.34300E+05
   3.36201E-03   3.54040E-03   9.40985E-01   2.04756E-03   5.00654E-02   5.37111E+04  -4.07327E+03  -1.89277E+04  -4.07239E+04  -1.34312E+05
   3.26201E-03   3.54075E-03   9.41079E-01   2.04776E-03   5.00704E-02   5.35662E+04  -4.07214E+03  -1.89266E+04  -4.07161E+04  -1.34324E+05
   3.16201E-03   3.54111E-03   9.41173E-01   2.04797E-03   5.00754E-02   5.34169E+04  -4.07101E+03  -1.89255E+04  -4.07084E+04  -1.34335E+05
   3.06201E-03   3.54147E-03   9.41268E-01   2.04817E-03   5.00805E-02   5.32628E+04  -4.06988E+03  -1.89244E+04  -4.07007E+04  -1.34347E+05
   2.96201E-03   3.54182E-03   9.41362E-01   2.04838E-03   5.00855E-02   5.31036E+04  -4.06876E+03  -1.89233E+04  -4.06929E+04  -1.34358E+05
   2.86201E-03   3.54218E-03   9.41457E-01   2.04859E-03   5.00905E-02   5.29389E+04  -4.06763E+03  -1.89222E+04  -4.06852E+04  -1.34370E+05
   2.76201E-03   3.54253E-03   9.41551E-01   2.04879E-03   5.00955E-02   5.27685E+04  -4.06650E+03  -1.89211E+04  -4.06775E+04  -1.34382E+05
   2.66201E-03   3.54289E-03   9.41646E-01   2.04900E-03   5.01006E-02   5.25918E+04  -4.06538E+03  -1.89200E+04  -4.06697E+04  -1.34393E+05
   2.56201E-03   3.54324E-03   9.41740E-01   2.04920E-03   5.01056E-02   5.24083E+04  -4.06425E+03  -1.89189E+04  -4.06620E+04  -1.34405E+05
   2.46201E-03   3.54360E-03   9.41834E-01   2.04941E-03   5.01106E-02   5.22176E+04  -4.06313E+03  -1.89178E+04  -4.06543E+04  -1.34416E+05
   2.36201E-03   3.54395E-03   9.41929E-01   2.04961E-03   5.01156E-02   5.20191E+04  -4.06200E+03  -1.89167E+04  -4.06466E+04  -1.34428E+05
   2.26201E-03   3.54431E-03   9.42023E-01   2.04982E-03   5.01207E-02   5.18120E+04  -4.06088E+03  -1.89156E+04  -4.06388E+04  -1.34439E+05
   2.16201E-03   3.54466E-03   9.42118E-01   2.05002E-03   5.01257E-02   5.15955E+04  -4.05976E+03  -1.89145E+04  -4.06311E+04  -1.34451E+05
   2.06201E-03   3.54502E-03   9.42212E-01   2.05023E-03   5.01307E-02   5.13689E+04  -4.05863E+03  -1.89134E+04  -4.06234E+04  -1.34463E+05
   1.96201E-03   3.54537E-03   9.42306E-01   2.05043E-03   5.01357E-02   5.11310E+04  -4.05751E+03  -1.89123E+04  -4.06157E+04  -1.34474E+05
   1.86201E-03   3.54573E-03   9.42401E-01   2.05064E-03   5.01408E-02   5.08807E+04  -4.05639E+03  -1.89112E+04  -4.06080E+04  -1.34486E+05
   1.76201E-03   3.54608E-03   9.42495E-01   2.05085E-03   5.01458E-02   5.06167E+04  -4.05527E+03  -1.89101E+04  -4.06003E+04  -1.34497E+05
   1.66201E-03   3.54644E-03   9.42590E-01   2.05105E-03   5.01508E-02   5.03373E+04  -4.05415E+03  -1.89090E+04  -4.05925E+04  -1.34509E+05
   1.56201E-03   3.54679E-03   9.42684E-01   2.05126E-03   5.01558E-02   5.00406E+04  -4.05303E+03  -1.89079E+04  -4.05848E+04  -1.34521E+05
   1.46201E-03   3.54715E-03   9.42779E-01   2.05146E-03   5.01608E-02   4.97244E+04  -4.05191E+03  -1.89068E+04  -4.05771E+04  -1.34532E+05
   1.36201E-03   3.54750E-03   9.42873E-01   2.05167E-03   5.01659E-02   4.93858E+04  -4.05079E+03  -1.89057E+04  -4.05694E+04  -1.34544E+05
   1.26201E-03   3.54786E-03   9.42967E-01   2.05187E-03   5.01709E-02   4.90214E+04  -4.04968E+03  -1.89046E+04  -4.05617E+04  -1.34555E+05
   1.16201E-03   3.54821E-03   9.43062E-01   2.05208E-03   5.01759E-02   4.86270E+04  -4.04856E+03  -1.89035E+04  -4.05540E+04  -1.34567E+05
   1.06201E-03   3.54857E-03   9.43156E-01   2.05228E-03   5.01809E-02   4.81972E+04  -4.04744E+03  -1.89024E+04  -4.05463E+04  -1.34578E+05
   9.62012E-04   3.54893E-03   9.43251E-01   2.05249E-03   5.01860E-02   4.77250E+04  -4.04633E+03  -1.89013E+04  -4.05386E+04  -1.34590E+05
   8.62012E-04   3.54928E-03   9.43345E-01   2.05269E-03   5.01910E-02   4.72010E+04  -4.04521E+03  -1.89002E+04  -4.05309E+04  -1.34601E+05
   7.62012E-04   3.54964E-03   9.43439E-01   2.05290E-03   5.01960E-02   4.66124E+04  -4.04410E+03  -1.88991E+04  -4.05232E+04  -1.34613E+05
   6.62012E-04   3.54999E-03   9.43534E-01   2.05311E-03   5.02010E-02   4.59410E+04  -4.04298E+03  -1.88980E+04  -4.05155E+04  -1.34625E+05
   5.62012E-04   3.55035E-03   9.43628E-01   2.05331E-03   5.02061E-02   4.51597E+04  -4.04187E+03  -1.88969E+04  -4.05078E+04  -1.34636E+05
   4.62012E-04   3.55070E-03   9.43723E-01   2.05352E-03   5.02111E-02   4.42250E+04  -4.04076E+03  -1.88958E+04  -4.05001E+04  -1.34648E+05
   3.62012E-04   3.55106E-03   9.43817E-01   2.05372E-03   5.02161E-02   4.30617E+04  -4.03964E+03  -1.88947E+04  -4.04924E+04  -1.34659E+05
   2.62012E-04   3.55141E-03   9.43912E-01   2.05393E-03   5.02211E-02   4.15201E+04  -4.03853E+03  -1.88936E+04  -4.04847E+04  -1.34671E+05
   1.62012E-04   3.55177E-03   9.44006E-01   2.05413E-03   5.02262E-02   3.92283E+04  -4.03742E+03  -1.88925E+04  -4.04771E+04  -1.34682E+05
   6.20121E-05   3.55212E-03   9.44100E-01   2.05434E-03   5.02312E-02   3.46508E+04  -4.03631E+03  -1.88914E+04  -4.04694E+04  -1.34694E+05
   1.00000E-06   3.55234E-03   9.44158E-01   2.05446E-03   5.02342E-02   1.49816E+04  -4.03563E+03  -1.88907E+04  -4.04647E+04  -1.34701E+05

 Phase Region for:
     FCC_A1#2                      
 col-1=X(C), col-2=X(CU), col-3=X(FE), col-4=X(MN), col-5=X(SI), col-6=MU(C), col-7=MU(CU), col-8=MU(FE), col-9=MU(MN), col-10=MU(SI),
   9.72763E-03   9.90017E-01   8.52125E-07   2.54419E-04   9.90272E-13   2.21289E+05  -2.15487E+04  -3.64037E+04  -5.79806E+04  -1.52208E+05
   9.82763E-03   9.89916E-01   8.58913E-07   2.55952E-04   9.90172E-13   2.21313E+05  -2.15489E+04  -3.64040E+04  -5.79808E+04  -1.52209E+05
   9.92763E-03   9.89814E-01   8.65756E-07   2.57495E-04   9.90072E-13   2.21338E+05  -2.15491E+04  -3.64042E+04  -5.79810E+04  -1.52209E+05
   9.99900E-03   9.89742E-01   8.70674E-07   2.58601E-04   9.90001E-13   2.21355E+05  -2.15493E+04  -3.64044E+04  -5.79812E+04  -1.52209E+05

 Phase Region for:
     FCC_A1#2                      
 col-1=X(C), col-2=X(CU), col-3=X(FE), col-4=X(MN), col-5=X(SI), col-6=MU(C), col-7=MU(CU), col-8=MU(FE), col-9=MU(MN), col-10=MU(SI),
   9.72763E-03   9.90017E-01   8.52125E-07   2.54419E-04   9.90272E-13   2.21289E+05  -2.15487E+04  -3.64037E+04  -5.79806E+04  -1.52208E+05
   9.62763E-03   9.90119E-01   8.45392E-07   2.52895E-04   9.90372E-13   2.21263E+05  -2.15484E+04  -3.64035E+04  -5.79803E+04  -1.52208E+05
   9.52763E-03   9.90220E-01   8.38713E-07   2.51381E-04   9.90472E-13   2.21238E+05  -2.15482E+04  -3.64032E+04  -5.79801E+04  -1.52208E+05
   9.42763E-03   9.90322E-01   8.32087E-07   2.49875E-04   9.90572E-13   2.21211E+05  -2.15479E+04  -3.64030E+04  -5.79798E+04  -1.52208E+05
   9.32763E-03   9.90423E-01   8.25515E-07   2.48379E-04   9.90672E-13   2.21184E+05  -2.15477E+04  -3.64027E+04  -5.79795E+04  -1.52207E+05
   9.22763E-03   9.90525E-01   8.18995E-07   2.46892E-04   9.90772E-13   2.21157E+05  -2.15474E+04  -3.64025E+04  -5.79793E+04  -1.52207E+05
   9.12763E-03   9.90626E-01   8.12527E-07   2.45413E-04   9.90872E-13   2.21129E+05  -2.15471E+04  -3.64022E+04  -5.79790E+04  -1.52207E+05
   9.02763E-03   9.90728E-01   8.06112E-07   2.43944E-04   9.90972E-13   2.21100E+05  -2.15469E+04  -3.64019E+04  -5.79788E+04  -1.52207E+05
   8.92763E-03   9.90829E-01   7.99748E-07   2.42484E-04   9.91072E-13   2.21071E+05  -2.15466E+04  -3.64017E+04  -5.79785E+04  -1.52206E+05
   8.82763E-03   9.90931E-01   7.93435E-07   2.41032E-04   9.91172E-13   2.21041E+05  -2.15463E+04  -3.64014E+04  -5.79782E+04  -1.52206E+05
   8.72763E-03   9.91032E-01   7.87172E-07   2.39590E-04   9.91272E-13   2.21011E+05  -2.15461E+04  -3.64011E+04  -5.79780E+04  -1.52206E+05
   8.62763E-03   9.91133E-01   7.80960E-07   2.38156E-04   9.91372E-13   2.20980E+05  -2.15458E+04  -3.64009E+04  -5.79777E+04  -1.52206E+05
   8.52763E-03   9.91235E-01   7.74797E-07   2.36731E-04   9.91472E-13   2.20948E+05  -2.15455E+04  -3.64006E+04  -5.79774E+04  -1.52205E+05
   8.42763E-03   9.91336E-01   7.68684E-07   2.35314E-04   9.91572E-13   2.20916E+05  -2.15453E+04  -3.64003E+04  -5.79771E+04  -1.52205E+05
   8.32763E-03   9.91438E-01   7.62620E-07   2.33906E-04   9.91672E-13   2.20883E+05  -2.15450E+04  -3.64000E+04  -5.79769E+04  -1.52205E+05
   8.22763E-03   9.91539E-01   7.56605E-07   2.32506E-04   9.91772E-13   2.20849E+05  -2.15447E+04  -3.63998E+04  -5.79766E+04  -1.52204E+05
   8.12763E-03   9.91641E-01   7.50637E-07   2.31115E-04   9.91872E-13   2.20814E+05  -2.15444E+04  -3.63995E+04  -5.79763E+04  -1.52204E+05
   8.02763E-03   9.91742E-01   7.44718E-07   2.29733E-04   9.91972E-13   2.20779E+05  -2.15441E+04  -3.63992E+04  -5.79760E+04  -1.52204E+05
   7.92763E-03   9.91843E-01   7.38846E-07   2.28359E-04   9.92072E-13   2.20743E+05  -2.15438E+04  -3.63989E+04  -5.79757E+04  -1.52204E+05
   7.82763E-03   9.91945E-01   7.33021E-07   2.26993E-04   9.92172E-13   2.20707E+05  -2.15435E+04  -3.63986E+04  -5.79754E+04  -1.52203E+05
   7.72763E-03   9.92046E-01   7.27242E-07   2.25635E-04   9.92272E-13   2.20669E+05  -2.15432E+04  -3.63983E+04  -5.79751E+04  -1.52203E+05
   7.62763E-03   9.92147E-01   7.21510E-07   2.24286E-04   9.92372E-13   2.20631E+05  -2.15430E+04  -3.63980E+04  -5.79748E+04  -1.52203E+05
   7.52763E-03   9.92249E-01   7.15824E-07   2.22945E-04   9.92472E-13   2.20592E+05  -2.15427E+04  -3.63977E+04  -5.79745E+04  -1.52202E+05
   7.42763E-03   9.92350E-01   7.10183E-07   2.21612E-04   9.92572E-13   2.20552E+05  -2.15424E+04  -3.63974E+04  -5.79742E+04  -1.52202E+05
   7.32763E-03   9.92451E-01   7.04587E-07   2.20287E-04   9.92672E-13   2.20511E+05  -2.15420E+04  -3.63971E+04  -5.79739E+04  -1.52202E+05
   7.22763E-03   9.92553E-01   6.99037E-07   2.18970E-04   9.92772E-13   2.20469E+05  -2.15417E+04  -3.63968E+04  -5.79736E+04  -1.52201E+05
   7.12763E-03   9.92654E-01   6.93530E-07   2.17661E-04   9.92872E-13   2.20427E+05  -2.15414E+04  -3.63965E+04  -5.79733E+04  -1.52201E+05
   7.02763E-03   9.92755E-01   6.88068E-07   2.16360E-04   9.92972E-13   2.20383E+05  -2.15411E+04  -3.63962E+04  -5.79730E+04  -1.52201E+05
   6.92763E-03   9.92857E-01   6.82649E-07   2.15066E-04   9.93072E-13   2.20339E+05  -2.15408E+04  -3.63959E+04  -5.79727E+04  -1.52201E+05
   6.82763E-03   9.92958E-01   6.77274E-07   2.13781E-04   9.93172E-13   2.20293E+05  -2.15405E+04  -3.63956E+04  -5.79724E+04  -1.52200E+05
   6.72763E-03   9.93059E-01   6.71941E-07   2.12503E-04   9.93272E-13   2.20246E+05  -2.15402E+04  -3.63952E+04  -5.79721E+04  -1.52200E+05
   6.62763E-03   9.93160E-01   6.66652E-07   2.11234E-04   9.93372E-13   2.20199E+05  -2.15399E+04  -3.63949E+04  -5.79717E+04  -1.52200E+05
   6.52763E-03   9.93262E-01   6.61404E-07   2.09971E-04   9.93472E-13   2.20150E+05  -2.15395E+04  -3.63946E+04  -5.79714E+04  -1.52199E+05
   6.42763E-03   9.93363E-01   6.56199E-07   2.08717E-04   9.93572E-13   2.20100E+05  -2.15392E+04  -3.63943E+04  -5.79711E+04  -1.52199E+05
   6.32763E-03   9.93464E-01   6.51035E-07   2.07470E-04   9.93672E-13   2.20049E+05  -2.15389E+04  -3.63939E+04  -5.79708E+04  -1.52199E+05
   6.22763E-03   9.93565E-01   6.45913E-07   2.06231E-04   9.93772E-13   2.19997E+05  -2.15386E+04  -3.63936E+04  -5.79704E+04  -1.52198E+05
   6.12763E-03   9.93667E-01   6.40831E-07   2.04999E-04   9.93872E-13   2.19944E+05  -2.15382E+04  -3.63933E+04  -5.79701E+04  -1.52198E+05
   6.02763E-03   9.93768E-01   6.35790E-07   2.03774E-04   9.93972E-13   2.19889E+05  -2.15379E+04  -3.63930E+04  -5.79698E+04  -1.52198E+05
   5.92763E-03   9.93869E-01   6.30789E-07   2.02557E-04   9.94072E-13   2.19833E+05  -2.15375E+04  -3.63926E+04  -5.79694E+04  -1.52197E+05
   5.82763E-03   9.93970E-01   6.25828E-07   2.01348E-04   9.94172E-13   2.19775E+05  -2.15372E+04  -3.63923E+04  -5.79691E+04  -1.52197E+05
   5.72763E-03   9.94072E-01   6.20907E-07   2.00145E-04   9.94272E-13   2.19717E+05  -2.15369E+04  -3.63919E+04  -5.79687E+04  -1.52197E+05
   5.62763E-03   9.94173E-01   6.16025E-07   1.98950E-04   9.94372E-13   2.19656E+05  -2.15365E+04  -3.63916E+04  -5.79684E+04  -1.52196E+05
   5.52763E-03   9.94274E-01   6.11183E-07   1.97763E-04   9.94472E-13   2.19595E+05  -2.15362E+04  -3.63912E+04  -5.79680E+04  -1.52196E+05
   5.42763E-03   9.94375E-01   6.06378E-07   1.96582E-04   9.94572E-13   2.19531E+05  -2.15358E+04  -3.63909E+04  -5.79677E+04  -1.52196E+05
   5.32763E-03   9.94476E-01   6.01612E-07   1.95409E-04   9.94672E-13   2.19466E+05  -2.15355E+04  -3.63905E+04  -5.79673E+04  -1.52195E+05
   5.22763E-03   9.94578E-01   5.96885E-07   1.94242E-04   9.94772E-13   2.19399E+05  -2.15351E+04  -3.63902E+04  -5.79670E+04  -1.52195E+05
   5.12763E-03   9.94679E-01   5.92195E-07   1.93083E-04   9.94872E-13   2.19331E+05  -2.15348E+04  -3.63898E+04  -5.79666E+04  -1.52195E+05
   5.02763E-03   9.94780E-01   5.87542E-07   1.91930E-04   9.94972E-13   2.19261E+05  -2.15344E+04  -3.63895E+04  -5.79663E+04  -1.52194E+05
   4.92763E-03   9.94881E-01   5.82926E-07   1.90785E-04   9.95072E-13   2.19189E+05  -2.15340E+04  -3.63891E+04  -5.79659E+04  -1.52194E+05
   4.82763E-03   9.94982E-01   5.78348E-07   1.89647E-04   9.95172E-13   2.19115E+05  -2.15337E+04  -3.63887E+04  -5.79655E+04  -1.52193E+05
   4.72763E-03   9.95083E-01   5.73806E-07   1.88515E-04   9.95272E-13   2.19038E+05  -2.15333E+04  -3.63884E+04  -5.79652E+04  -1.52193E+05
   4.62763E-03   9.95184E-01   5.69300E-07   1.87391E-04   9.95372E-13   2.18960E+05  -2.15329E+04  -3.63880E+04  -5.79648E+04  -1.52193E+05
   4.52763E-03   9.95286E-01   5.64830E-07   1.86273E-04   9.95472E-13   2.18880E+05  -2.15326E+04  -3.63876E+04  -5.79644E+04  -1.52192E+05
   4.42763E-03   9.95387E-01   5.60395E-07   1.85161E-04   9.95572E-13   2.18797E+05  -2.15322E+04  -3.63873E+04  -5.79641E+04  -1.52192E+05
   4.32763E-03   9.95488E-01   5.55996E-07   1.84057E-04   9.95672E-13   2.18711E+05  -2.15318E+04  -3.63869E+04  -5.79637E+04  -1.52192E+05
   4.22763E-03   9.95589E-01   5.51632E-07   1.82959E-04   9.95772E-13   2.18624E+05  -2.15315E+04  -3.63865E+04  -5.79633E+04  -1.52191E+05
   4.12763E-03   9.95690E-01   5.47303E-07   1.81868E-04   9.95872E-13   2.18533E+05  -2.15311E+04  -3.63861E+04  -5.79629E+04  -1.52191E+05
   4.02763E-03   9.95791E-01   5.43009E-07   1.80784E-04   9.95972E-13   2.18440E+05  -2.15307E+04  -3.63858E+04  -5.79625E+04  -1.52190E+05
   3.92763E-03   9.95892E-01   5.38748E-07   1.79706E-04   9.96072E-13   2.18344E+05  -2.15303E+04  -3.63854E+04  -5.79622E+04  -1.52190E+05
   3.82763E-03   9.95993E-01   5.34522E-07   1.78634E-04   9.96172E-13   2.18244E+05  -2.15299E+04  -3.63850E+04  -5.79618E+04  -1.52190E+05
   3.72763E-03   9.96094E-01   5.30329E-07   1.77569E-04   9.96272E-13   2.18142E+05  -2.15295E+04  -3.63846E+04  -5.79614E+04  -1.52189E+05
   3.62763E-03   9.96195E-01   5.26169E-07   1.76511E-04   9.96372E-13   2.18035E+05  -2.15291E+04  -3.63842E+04  -5.79610E+04  -1.52189E+05
   3.52763E-03   9.96296E-01   5.22043E-07   1.75459E-04   9.96472E-13   2.17926E+05  -2.15287E+04  -3.63838E+04  -5.79606E+04  -1.52189E+05
   3.42763E-03   9.96397E-01   5.17950E-07   1.74413E-04   9.96572E-13   2.17812E+05  -2.15284E+04  -3.63834E+04  -5.79602E+04  -1.52188E+05
   3.32763E-03   9.96498E-01   5.13889E-07   1.73373E-04   9.96672E-13   2.17695E+05  -2.15280E+04  -3.63830E+04  -5.79598E+04  -1.52188E+05
   3.22763E-03   9.96600E-01   5.09861E-07   1.72340E-04   9.96772E-13   2.17573E+05  -2.15276E+04  -3.63826E+04  -5.79594E+04  -1.52187E+05
   3.12763E-03   9.96701E-01   5.05864E-07   1.71313E-04   9.96872E-13   2.17446E+05  -2.15271E+04  -3.63822E+04  -5.79590E+04  -1.52187E+05
   3.02763E-03   9.96802E-01   5.01900E-07   1.70293E-04   9.96972E-13   2.17315E+05  -2.15267E+04  -3.63818E+04  -5.79586E+04  -1.52187E+05
   2.92763E-03   9.96903E-01   4.97967E-07   1.69278E-04   9.97072E-13   2.17178E+05  -2.15263E+04  -3.63814E+04  -5.79582E+04  -1.52186E+05
   2.82763E-03   9.97004E-01   4.94065E-07   1.68270E-04   9.97172E-13   2.17036E+05  -2.15259E+04  -3.63810E+04  -5.79578E+04  -1.52186E+05
   2.72763E-03   9.97105E-01   4.90194E-07   1.67267E-04   9.97272E-13   2.16888E+05  -2.15255E+04  -3.63806E+04  -5.79573E+04  -1.52185E+05
   2.62763E-03   9.97206E-01   4.86354E-07   1.66271E-04   9.97372E-13   2.16734E+05  -2.15251E+04  -3.63802E+04  -5.79569E+04  -1.52185E+05
   2.52763E-03   9.97307E-01   4.82545E-07   1.65281E-04   9.97472E-13   2.16572E+05  -2.15247E+04  -3.63797E+04  -5.79565E+04  -1.52185E+05
   2.42763E-03   9.97408E-01   4.78766E-07   1.64296E-04   9.97572E-13   2.16403E+05  -2.15243E+04  -3.63793E+04  -5.79561E+04  -1.52184E+05
   2.32763E-03   9.97509E-01   4.75017E-07   1.63318E-04   9.97672E-13   2.16226E+05  -2.15238E+04  -3.63789E+04  -5.79557E+04  -1.52184E+05
   2.22763E-03   9.97610E-01   4.71298E-07   1.62346E-04   9.97772E-13   2.16040E+05  -2.15234E+04  -3.63785E+04  -5.79552E+04  -1.52183E+05
   2.12763E-03   9.97711E-01   4.67608E-07   1.61379E-04   9.97872E-13   2.15845E+05  -2.15230E+04  -3.63781E+04  -5.79548E+04  -1.52183E+05
   2.02763E-03   9.97811E-01   4.63948E-07   1.60418E-04   9.97972E-13   2.15639E+05  -2.15226E+04  -3.63776E+04  -5.79544E+04  -1.52182E+05
   1.92763E-03   9.97912E-01   4.60317E-07   1.59463E-04   9.98072E-13   2.15421E+05  -2.15221E+04  -3.63772E+04  -5.79539E+04  -1.52182E+05
   1.82763E-03   9.98013E-01   4.56715E-07   1.58514E-04   9.98172E-13   2.15191E+05  -2.15217E+04  -3.63768E+04  -5.79535E+04  -1.52182E+05
   1.72763E-03   9.98114E-01   4.53141E-07   1.57571E-04   9.98272E-13   2.14946E+05  -2.15213E+04  -3.63763E+04  -5.79531E+04  -1.52181E+05
   1.62763E-03   9.98215E-01   4.49596E-07   1.56633E-04   9.98372E-13   2.14685E+05  -2.15208E+04  -3.63759E+04  -5.79526E+04  -1.52181E+05
   1.52763E-03   9.98316E-01   4.46079E-07   1.55701E-04   9.98472E-13   2.14407E+05  -2.15204E+04  -3.63754E+04  -5.79522E+04  -1.52180E+05
   1.42763E-03   9.98417E-01   4.42590E-07   1.54775E-04   9.98572E-13   2.14107E+05  -2.15199E+04  -3.63750E+04  -5.79517E+04  -1.52180E+05
   1.32763E-03   9.98518E-01   4.39128E-07   1.53854E-04   9.98672E-13   2.13785E+05  -2.15195E+04  -3.63746E+04  -5.79513E+04  -1.52179E+05
   1.22763E-03   9.98619E-01   4.35694E-07   1.52939E-04   9.98772E-13   2.13435E+05  -2.15190E+04  -3.63741E+04  -5.79508E+04  -1.52179E+05
   1.12763E-03   9.98720E-01   4.32287E-07   1.52029E-04   9.98872E-13   2.13053E+05  -2.15186E+04  -3.63737E+04  -5.79504E+04  -1.52179E+05
   1.02763E-03   9.98821E-01   4.28908E-07   1.51125E-04   9.98972E-13   2.12634E+05  -2.15181E+04  -3.63732E+04  -5.79499E+04  -1.52178E+05
   9.27626E-04   9.98922E-01   4.25555E-07   1.50226E-04   9.99072E-13   2.12170E+05  -2.15177E+04  -3.63728E+04  -5.79495E+04  -1.52178E+05
   8.27626E-04   9.99023E-01   4.22229E-07   1.49333E-04   9.99172E-13   2.11649E+05  -2.15172E+04  -3.63723E+04  -5.79490E+04  -1.52177E+05
   7.27626E-04   9.99124E-01   4.18929E-07   1.48445E-04   9.99272E-13   2.11059E+05  -2.15168E+04  -3.63718E+04  -5.79485E+04  -1.52177E+05
   6.27626E-04   9.99224E-01   4.15656E-07   1.47562E-04   9.99372E-13   2.10378E+05  -2.15163E+04  -3.63714E+04  -5.79481E+04  -1.52176E+05
   5.27626E-04   9.99325E-01   4.12408E-07   1.46685E-04   9.99472E-13   2.09574E+05  -2.15159E+04  -3.63709E+04  -5.79476E+04  -1.52176E+05
   4.27626E-04   9.99426E-01   4.09186E-07   1.45813E-04   9.99572E-13   2.08596E+05  -2.15154E+04  -3.63705E+04  -5.79471E+04  -1.52175E+05
   3.27626E-04   9.99527E-01   4.05990E-07   1.44947E-04   9.99672E-13   2.07350E+05  -2.15149E+04  -3.63700E+04  -5.79466E+04  -1.52175E+05
   2.27626E-04   9.99628E-01   4.02819E-07   1.44086E-04   9.99772E-13   2.05638E+05  -2.15144E+04  -3.63695E+04  -5.79461E+04  -1.52175E+05
   1.27626E-04   9.99729E-01   3.99673E-07   1.43230E-04   9.99872E-13   2.02904E+05  -2.15140E+04  -3.63690E+04  -5.79456E+04  -1.52174E+05
   2.76265E-05   9.99830E-01   3.96552E-07   1.42382E-04   9.99972E-13   1.95634E+05  -2.15135E+04  -3.63686E+04  -5.79450E+04  -1.52174E+05
   1.00000E-06   9.99856E-01   3.95726E-07   1.42163E-04   9.99999E-13   1.79825E+05  -2.15134E+04  -3.63684E+04  -5.79447E+04  -1.52174E+05
