
 Phase Region for:
     BCC_A2                        
 col-1=X(C), col-2=X(CU), col-3=X(FE), col-4=X(MN), col-5=X(SI), col-6=MU(C), col-7=MU(CU), col-8=MU(FE), col-9=MU(MN), col-10=MU(SI),
   2.88620E-02   3.44981E-03   9.16909E-01   1.99517E-03   4.87844E-02   5.73930E+04  -1.19534E+04  -2.28107E+04  -5.13896E+04  -1.34339E+05
   9.99900E-03   3.51682E-03   9.34718E-01   2.03392E-03   4.97320E-02   5.13868E+04  -1.17606E+04  -2.25815E+04  -4.99435E+04  -1.36539E+05

 Phase Region for:
     BCC_A2                        
 col-1=X(C), col-2=X(CU), col-3=X(FE), col-4=X(MN), col-5=X(SI), col-6=MU(C), col-7=MU(CU), col-8=MU(FE), col-9=MU(MN), col-10=MU(SI),
   2.88620E-02   3.44981E-03   9.16909E-01   1.99517E-03   4.87844E-02   5.73930E+04  -1.19534E+04  -2.28107E+04  -5.13896E+04  -1.34339E+05
   2.87620E-02   3.45017E-03   9.17003E-01   1.99537E-03   4.87895E-02   5.73727E+04  -1.19523E+04  -2.28094E+04  -5.13818E+04  -1.34351E+05
   2.86620E-02   3.45053E-03   9.17097E-01   1.99558E-03   4.87945E-02   5.73524E+04  -1.19512E+04  -2.28082E+04  -5.13739E+04  -1.34363E+05
   2.85620E-02   3.45088E-03   9.17192E-01   1.99579E-03   4.87995E-02   5.73320E+04  -1.19502E+04  -2.28069E+04  -5.13661E+04  -1.34375E+05
   2.84620E-02   3.45124E-03   9.17286E-01   1.99599E-03   4.88045E-02   5.73115E+04  -1.19491E+04  -2.28057E+04  -5.13583E+04  -1.34387E+05
   2.83620E-02   3.45159E-03   9.17381E-01   1.99620E-03   4.88095E-02   5.72909E+04  -1.19480E+04  -2.28044E+04  -5.13505E+04  -1.34399E+05
   2.82620E-02   3.45195E-03   9.17475E-01   1.99640E-03   4.88146E-02   5.72703E+04  -1.19469E+04  -2.28032E+04  -5.13426E+04  -1.34410E+05
   2.81620E-02   3.45230E-03   9.17569E-01   1.99661E-03   4.88196E-02   5.72496E+04  -1.19458E+04  -2.28019E+04  -5.13348E+04  -1.34422E+05
   2.80620E-02   3.45266E-03   9.17664E-01   1.99681E-03   4.88246E-02   5.72289E+04  -1.19447E+04  -2.28007E+04  -5.13270E+04  -1.34434E+05
   2.79620E-02   3.45301E-03   9.17758E-01   1.99702E-03   4.88296E-02   5.72081E+04  -1.19437E+04  -2.27994E+04  -5.13192E+04  -1.34446E+05
   2.78620E-02   3.45337E-03   9.17853E-01   1.99722E-03   4.88347E-02   5.71872E+04  -1.19426E+04  -2.27982E+04  -5.13114E+04  -1.34458E+05
   2.77620E-02   3.45372E-03   9.17947E-01   1.99743E-03   4.88397E-02   5.71662E+04  -1.19415E+04  -2.27970E+04  -5.13035E+04  -1.34470E+05
   2.76620E-02   3.45408E-03   9.18042E-01   1.99763E-03   4.88447E-02   5.71452E+04  -1.19404E+04  -2.27957E+04  -5.12957E+04  -1.34482E+05
   2.75620E-02   3.45443E-03   9.18136E-01   1.99784E-03   4.88497E-02   5.71241E+04  -1.19393E+04  -2.27945E+04  -5.12879E+04  -1.34493E+05
   2.74620E-02   3.45479E-03   9.18230E-01   1.99805E-03   4.88548E-02   5.71029E+04  -1.19383E+04  -2.27932E+04  -5.12801E+04  -1.34505E+05
   2.73620E-02   3.45514E-03   9.18325E-01   1.99825E-03   4.88598E-02   5.70817E+04  -1.19372E+04  -2.27920E+04  -5.12723E+04  -1.34517E+05
   2.72620E-02   3.45550E-03   9.18419E-01   1.99846E-03   4.88648E-02   5.70604E+04  -1.19361E+04  -2.27907E+04  -5.12645E+04  -1.34529E+05
   2.71620E-02   3.45585E-03   9.18514E-01   1.99866E-03   4.88698E-02   5.70390E+04  -1.19350E+04  -2.27895E+04  -5.12567E+04  -1.34541E+05
   2.70620E-02   3.45621E-03   9.18608E-01   1.99887E-03   4.88748E-02   5.70176E+04  -1.19340E+04  -2.27883E+04  -5.12489E+04  -1.34553E+05
   2.69620E-02   3.45656E-03   9.18702E-01   1.99907E-03   4.88799E-02   5.69960E+04  -1.19329E+04  -2.27870E+04  -5.12411E+04  -1.34564E+05
   2.68620E-02   3.45692E-03   9.18797E-01   1.99928E-03   4.88849E-02   5.69744E+04  -1.19318E+04  -2.27858E+04  -5.12333E+04  -1.34576E+05
   2.67620E-02   3.45727E-03   9.18891E-01   1.99948E-03   4.88899E-02   5.69528E+04  -1.19307E+04  -2.27845E+04  -5.12255E+04  -1.34588E+05
   2.66620E-02   3.45763E-03   9.18986E-01   1.99969E-03   4.88949E-02   5.69310E+04  -1.19297E+04  -2.27833E+04  -5.12177E+04  -1.34600E+05
   2.65620E-02   3.45799E-03   9.19080E-01   1.99989E-03   4.89000E-02   5.69092E+04  -1.19286E+04  -2.27820E+04  -5.12099E+04  -1.34612E+05
   2.64620E-02   3.45834E-03   9.19175E-01   2.00010E-03   4.89050E-02   5.68873E+04  -1.19275E+04  -2.27808E+04  -5.12021E+04  -1.34623E+05
   2.63620E-02   3.45870E-03   9.19269E-01   2.00031E-03   4.89100E-02   5.68653E+04  -1.19264E+04  -2.27796E+04  -5.11943E+04  -1.34635E+05
   2.62620E-02   3.45905E-03   9.19363E-01   2.00051E-03   4.89150E-02   5.68432E+04  -1.19254E+04  -2.27783E+04  -5.11865E+04  -1.34647E+05
   2.61620E-02   3.45941E-03   9.19458E-01   2.00072E-03   4.89201E-02   5.68211E+04  -1.19243E+04  -2.27771E+04  -5.11788E+04  -1.34659E+05
   2.60620E-02   3.45976E-03   9.19552E-01   2.00092E-03   4.89251E-02   5.67989E+04  -1.19232E+04  -2.27759E+04  -5.11710E+04  -1.34671E+05
   2.59620E-02   3.46012E-03   9.19647E-01   2.00113E-03   4.89301E-02   5.67766E+04  -1.19222E+04  -2.27746E+04  -5.11632E+04  -1.34683E+05
   2.58620E-02   3.46047E-03   9.19741E-01   2.00133E-03   4.89351E-02   5.67542E+04  -1.19211E+04  -2.27734E+04  -5.11554E+04  -1.34694E+05
   2.57620E-02   3.46083E-03   9.19835E-01   2.00154E-03   4.89402E-02   5.67318E+04  -1.19200E+04  -2.27721E+04  -5.11476E+04  -1.34706E+05
   2.56620E-02   3.46118E-03   9.19930E-01   2.00174E-03   4.89452E-02   5.67092E+04  -1.19190E+04  -2.27709E+04  -5.11399E+04  -1.34718E+05
   2.55620E-02   3.46154E-03   9.20024E-01   2.00195E-03   4.89502E-02   5.66866E+04  -1.19179E+04  -2.27697E+04  -5.11321E+04  -1.34730E+05
   2.54620E-02   3.46189E-03   9.20119E-01   2.00215E-03   4.89552E-02   5.66639E+04  -1.19168E+04  -2.27684E+04  -5.11243E+04  -1.34742E+05
   2.53620E-02   3.46225E-03   9.20213E-01   2.00236E-03   4.89602E-02   5.66412E+04  -1.19158E+04  -2.27672E+04  -5.11165E+04  -1.34753E+05
   2.52620E-02   3.46260E-03   9.20308E-01   2.00257E-03   4.89653E-02   5.66183E+04  -1.19147E+04  -2.27660E+04  -5.11088E+04  -1.34765E+05
   2.51620E-02   3.46296E-03   9.20402E-01   2.00277E-03   4.89703E-02   5.65954E+04  -1.19137E+04  -2.27647E+04  -5.11010E+04  -1.34777E+05
   2.50620E-02   3.46331E-03   9.20496E-01   2.00298E-03   4.89753E-02   5.65723E+04  -1.19126E+04  -2.27635E+04  -5.10932E+04  -1.34789E+05
   2.49620E-02   3.46367E-03   9.20591E-01   2.00318E-03   4.89803E-02   5.65492E+04  -1.19115E+04  -2.27623E+04  -5.10855E+04  -1.34800E+05
   2.48620E-02   3.46402E-03   9.20685E-01   2.00339E-03   4.89854E-02   5.65260E+04  -1.19105E+04  -2.27610E+04  -5.10777E+04  -1.34812E+05
   2.47620E-02   3.46438E-03   9.20780E-01   2.00359E-03   4.89904E-02   5.65027E+04  -1.19094E+04  -2.27598E+04  -5.10699E+04  -1.34824E+05
   2.46620E-02   3.46473E-03   9.20874E-01   2.00380E-03   4.89954E-02   5.64793E+04  -1.19084E+04  -2.27586E+04  -5.10622E+04  -1.34836E+05
   2.45620E-02   3.46509E-03   9.20968E-01   2.00400E-03   4.90004E-02   5.64559E+04  -1.19073E+04  -2.27573E+04  -5.10544E+04  -1.34848E+05
   2.44620E-02   3.46545E-03   9.21063E-01   2.00421E-03   4.90055E-02   5.64323E+04  -1.19062E+04  -2.27561E+04  -5.10467E+04  -1.34859E+05
   2.43620E-02   3.46580E-03   9.21157E-01   2.00441E-03   4.90105E-02   5.64087E+04  -1.19052E+04  -2.27549E+04  -5.10389E+04  -1.34871E+05
   2.42620E-02   3.46616E-03   9.21252E-01   2.00462E-03   4.90155E-02   5.63849E+04  -1.19041E+04  -2.27536E+04  -5.10312E+04  -1.34883E+05
   2.41620E-02   3.46651E-03   9.21346E-01   2.00483E-03   4.90205E-02   5.63611E+04  -1.19031E+04  -2.27524E+04  -5.10234E+04  -1.34895E+05
   2.40620E-02   3.46687E-03   9.21441E-01   2.00503E-03   4.90256E-02   5.63372E+04  -1.19020E+04  -2.27512E+04  -5.10157E+04  -1.34906E+05
   2.39620E-02   3.46722E-03   9.21535E-01   2.00524E-03   4.90306E-02   5.63132E+04  -1.19010E+04  -2.27499E+04  -5.10079E+04  -1.34918E+05
   2.38620E-02   3.46758E-03   9.21629E-01   2.00544E-03   4.90356E-02   5.62891E+04  -1.18999E+04  -2.27487E+04  -5.10002E+04  -1.34930E+05
   2.37620E-02   3.46793E-03   9.21724E-01   2.00565E-03   4.90406E-02   5.62649E+04  -1.18989E+04  -2.27475E+04  -5.09924E+04  -1.34942E+05
   2.36620E-02   3.46829E-03   9.21818E-01   2.00585E-03   4.90456E-02   5.62406E+04  -1.18978E+04  -2.27462E+04  -5.09847E+04  -1.34953E+05
   2.35620E-02   3.46864E-03   9.21913E-01   2.00606E-03   4.90507E-02   5.62162E+04  -1.18968E+04  -2.27450E+04  -5.09770E+04  -1.34965E+05
   2.34620E-02   3.46900E-03   9.22007E-01   2.00626E-03   4.90557E-02   5.61917E+04  -1.18957E+04  -2.27438E+04  -5.09692E+04  -1.34977E+05
   2.33620E-02   3.46935E-03   9.22101E-01   2.00647E-03   4.90607E-02   5.61671E+04  -1.18947E+04  -2.27426E+04  -5.09615E+04  -1.34989E+05
   2.32620E-02   3.46971E-03   9.22196E-01   2.00667E-03   4.90657E-02   5.61424E+04  -1.18936E+04  -2.27413E+04  -5.09537E+04  -1.35000E+05
   2.31620E-02   3.47006E-03   9.22290E-01   2.00688E-03   4.90708E-02   5.61176E+04  -1.18926E+04  -2.27401E+04  -5.09460E+04  -1.35012E+05
   2.30620E-02   3.47042E-03   9.22385E-01   2.00708E-03   4.90758E-02   5.60928E+04  -1.18915E+04  -2.27389E+04  -5.09383E+04  -1.35024E+05
   2.29620E-02   3.47077E-03   9.22479E-01   2.00729E-03   4.90808E-02   5.60678E+04  -1.18905E+04  -2.27377E+04  -5.09306E+04  -1.35036E+05
   2.28620E-02   3.47113E-03   9.22574E-01   2.00750E-03   4.90858E-02   5.60427E+04  -1.18894E+04  -2.27364E+04  -5.09228E+04  -1.35047E+05
   2.27620E-02   3.47148E-03   9.22668E-01   2.00770E-03   4.90909E-02   5.60175E+04  -1.18884E+04  -2.27352E+04  -5.09151E+04  -1.35059E+05
   2.26620E-02   3.47184E-03   9.22762E-01   2.00791E-03   4.90959E-02   5.59922E+04  -1.18873E+04  -2.27340E+04  -5.09074E+04  -1.35071E+05
   2.25620E-02   3.47219E-03   9.22857E-01   2.00811E-03   4.91009E-02   5.59668E+04  -1.18863E+04  -2.27327E+04  -5.08997E+04  -1.35083E+05
   2.24620E-02   3.47255E-03   9.22951E-01   2.00832E-03   4.91059E-02   5.59413E+04  -1.18853E+04  -2.27315E+04  -5.08919E+04  -1.35094E+05
   2.23620E-02   3.47290E-03   9.23046E-01   2.00852E-03   4.91110E-02   5.59157E+04  -1.18842E+04  -2.27303E+04  -5.08842E+04  -1.35106E+05
   2.22620E-02   3.47326E-03   9.23140E-01   2.00873E-03   4.91160E-02   5.58900E+04  -1.18832E+04  -2.27291E+04  -5.08765E+04  -1.35118E+05
   2.21620E-02   3.47362E-03   9.23234E-01   2.00893E-03   4.91210E-02   5.58642E+04  -1.18821E+04  -2.27278E+04  -5.08688E+04  -1.35129E+05
   2.20620E-02   3.47397E-03   9.23329E-01   2.00914E-03   4.91260E-02   5.58382E+04  -1.18811E+04  -2.27266E+04  -5.08611E+04  -1.35141E+05
   2.19620E-02   3.47433E-03   9.23423E-01   2.00934E-03   4.91310E-02   5.58122E+04  -1.18801E+04  -2.27254E+04  -5.08534E+04  -1.35153E+05
   2.18620E-02   3.47468E-03   9.23518E-01   2.00955E-03   4.91361E-02   5.57860E+04  -1.18790E+04  -2.27242E+04  -5.08457E+04  -1.35165E+05
   2.17620E-02   3.47504E-03   9.23612E-01   2.00976E-03   4.91411E-02   5.57597E+04  -1.18780E+04  -2.27230E+04  -5.08379E+04  -1.35176E+05
   2.16620E-02   3.47539E-03   9.23707E-01   2.00996E-03   4.91461E-02   5.57334E+04  -1.18769E+04  -2.27217E+04  -5.08302E+04  -1.35188E+05
   2.15620E-02   3.47575E-03   9.23801E-01   2.01017E-03   4.91511E-02   5.57069E+04  -1.18759E+04  -2.27205E+04  -5.08225E+04  -1.35200E+05
   2.14620E-02   3.47610E-03   9.23895E-01   2.01037E-03   4.91562E-02   5.56803E+04  -1.18749E+04  -2.27193E+04  -5.08148E+04  -1.35211E+05
   2.13620E-02   3.47646E-03   9.23990E-01   2.01058E-03   4.91612E-02   5.56535E+04  -1.18738E+04  -2.27181E+04  -5.08071E+04  -1.35223E+05
   2.12620E-02   3.47681E-03   9.24084E-01   2.01078E-03   4.91662E-02   5.56267E+04  -1.18728E+04  -2.27168E+04  -5.07994E+04  -1.35235E+05
   2.11620E-02   3.47717E-03   9.24179E-01   2.01099E-03   4.91712E-02   5.55997E+04  -1.18718E+04  -2.27156E+04  -5.07917E+04  -1.35247E+05
   2.10620E-02   3.47752E-03   9.24273E-01   2.01119E-03   4.91763E-02   5.55726E+04  -1.18707E+04  -2.27144E+04  -5.07840E+04  -1.35258E+05
   2.09620E-02   3.47788E-03   9.24367E-01   2.01140E-03   4.91813E-02   5.55454E+04  -1.18697E+04  -2.27132E+04  -5.07764E+04  -1.35270E+05
   2.08620E-02   3.47823E-03   9.24462E-01   2.01160E-03   4.91863E-02   5.55181E+04  -1.18687E+04  -2.27120E+04  -5.07687E+04  -1.35282E+05
   2.07620E-02   3.47859E-03   9.24556E-01   2.01181E-03   4.91913E-02   5.54906E+04  -1.18676E+04  -2.27107E+04  -5.07610E+04  -1.35293E+05
   2.06620E-02   3.47894E-03   9.24651E-01   2.01202E-03   4.91963E-02   5.54631E+04  -1.18666E+04  -2.27095E+04  -5.07533E+04  -1.35305E+05
   2.05620E-02   3.47930E-03   9.24745E-01   2.01222E-03   4.92014E-02   5.54353E+04  -1.18656E+04  -2.27083E+04  -5.07456E+04  -1.35317E+05
   2.04620E-02   3.47965E-03   9.24840E-01   2.01243E-03   4.92064E-02   5.54075E+04  -1.18645E+04  -2.27071E+04  -5.07379E+04  -1.35328E+05
   2.03620E-02   3.48001E-03   9.24934E-01   2.01263E-03   4.92114E-02   5.53796E+04  -1.18635E+04  -2.27059E+04  -5.07302E+04  -1.35340E+05
   2.02620E-02   3.48036E-03   9.25028E-01   2.01284E-03   4.92164E-02   5.53515E+04  -1.18625E+04  -2.27047E+04  -5.07225E+04  -1.35352E+05
   2.01620E-02   3.48072E-03   9.25123E-01   2.01304E-03   4.92215E-02   5.53232E+04  -1.18615E+04  -2.27034E+04  -5.07149E+04  -1.35363E+05
   2.00620E-02   3.48108E-03   9.25217E-01   2.01325E-03   4.92265E-02   5.52949E+04  -1.18604E+04  -2.27022E+04  -5.07072E+04  -1.35375E+05
   1.99620E-02   3.48143E-03   9.25312E-01   2.01345E-03   4.92315E-02   5.52664E+04  -1.18594E+04  -2.27010E+04  -5.06995E+04  -1.35387E+05
   1.98620E-02   3.48179E-03   9.25406E-01   2.01366E-03   4.92365E-02   5.52378E+04  -1.18584E+04  -2.26998E+04  -5.06918E+04  -1.35398E+05
   1.97620E-02   3.48214E-03   9.25500E-01   2.01386E-03   4.92416E-02   5.52090E+04  -1.18574E+04  -2.26986E+04  -5.06842E+04  -1.35410E+05
   1.96620E-02   3.48250E-03   9.25595E-01   2.01407E-03   4.92466E-02   5.51801E+04  -1.18563E+04  -2.26974E+04  -5.06765E+04  -1.35422E+05
   1.95620E-02   3.48285E-03   9.25689E-01   2.01428E-03   4.92516E-02   5.51511E+04  -1.18553E+04  -2.26961E+04  -5.06688E+04  -1.35433E+05
   1.94620E-02   3.48321E-03   9.25784E-01   2.01448E-03   4.92566E-02   5.51219E+04  -1.18543E+04  -2.26949E+04  -5.06612E+04  -1.35445E+05
   1.93620E-02   3.48356E-03   9.25878E-01   2.01469E-03   4.92617E-02   5.50926E+04  -1.18533E+04  -2.26937E+04  -5.06535E+04  -1.35457E+05
   1.92620E-02   3.48392E-03   9.25973E-01   2.01489E-03   4.92667E-02   5.50631E+04  -1.18523E+04  -2.26925E+04  -5.06458E+04  -1.35468E+05
   1.91620E-02   3.48427E-03   9.26067E-01   2.01510E-03   4.92717E-02   5.50335E+04  -1.18512E+04  -2.26913E+04  -5.06382E+04  -1.35480E+05
   1.90620E-02   3.48463E-03   9.26161E-01   2.01530E-03   4.92767E-02   5.50038E+04  -1.18502E+04  -2.26901E+04  -5.06305E+04  -1.35492E+05
   1.89620E-02   3.48498E-03   9.26256E-01   2.01551E-03   4.92817E-02   5.49739E+04  -1.18492E+04  -2.26889E+04  -5.06229E+04  -1.35503E+05
   1.88620E-02   3.48534E-03   9.26350E-01   2.01571E-03   4.92868E-02   5.49438E+04  -1.18482E+04  -2.26876E+04  -5.06152E+04  -1.35515E+05
   1.87620E-02   3.48569E-03   9.26445E-01   2.01592E-03   4.92918E-02   5.49136E+04  -1.18472E+04  -2.26864E+04  -5.06075E+04  -1.35527E+05
   1.86620E-02   3.48605E-03   9.26539E-01   2.01612E-03   4.92968E-02   5.48833E+04  -1.18461E+04  -2.26852E+04  -5.05999E+04  -1.35538E+05
   1.85620E-02   3.48640E-03   9.26633E-01   2.01633E-03   4.93018E-02   5.48528E+04  -1.18451E+04  -2.26840E+04  -5.05922E+04  -1.35550E+05
   1.84620E-02   3.48676E-03   9.26728E-01   2.01654E-03   4.93069E-02   5.48221E+04  -1.18441E+04  -2.26828E+04  -5.05846E+04  -1.35562E+05
   1.83620E-02   3.48711E-03   9.26822E-01   2.01674E-03   4.93119E-02   5.47913E+04  -1.18431E+04  -2.26816E+04  -5.05769E+04  -1.35573E+05
   1.82620E-02   3.48747E-03   9.26917E-01   2.01695E-03   4.93169E-02   5.47603E+04  -1.18421E+04  -2.26804E+04  -5.05693E+04  -1.35585E+05
   1.81620E-02   3.48782E-03   9.27011E-01   2.01715E-03   4.93219E-02   5.47291E+04  -1.18411E+04  -2.26792E+04  -5.05616E+04  -1.35597E+05
   1.80620E-02   3.48818E-03   9.27105E-01   2.01736E-03   4.93270E-02   5.46978E+04  -1.18401E+04  -2.26779E+04  -5.05540E+04  -1.35608E+05
   1.79620E-02   3.48854E-03   9.27200E-01   2.01756E-03   4.93320E-02   5.46664E+04  -1.18390E+04  -2.26767E+04  -5.05464E+04  -1.35620E+05
   1.78620E-02   3.48889E-03   9.27294E-01   2.01777E-03   4.93370E-02   5.46347E+04  -1.18380E+04  -2.26755E+04  -5.05387E+04  -1.35631E+05
   1.77620E-02   3.48925E-03   9.27389E-01   2.01797E-03   4.93420E-02   5.46029E+04  -1.18370E+04  -2.26743E+04  -5.05311E+04  -1.35643E+05
   1.76620E-02   3.48960E-03   9.27483E-01   2.01818E-03   4.93471E-02   5.45709E+04  -1.18360E+04  -2.26731E+04  -5.05235E+04  -1.35655E+05
   1.75620E-02   3.48996E-03   9.27578E-01   2.01838E-03   4.93521E-02   5.45388E+04  -1.18350E+04  -2.26719E+04  -5.05158E+04  -1.35666E+05
   1.74620E-02   3.49031E-03   9.27672E-01   2.01859E-03   4.93571E-02   5.45065E+04  -1.18340E+04  -2.26707E+04  -5.05082E+04  -1.35678E+05
   1.73620E-02   3.49067E-03   9.27766E-01   2.01880E-03   4.93621E-02   5.44740E+04  -1.18330E+04  -2.26695E+04  -5.05006E+04  -1.35690E+05
   1.72620E-02   3.49102E-03   9.27861E-01   2.01900E-03   4.93671E-02   5.44413E+04  -1.18320E+04  -2.26683E+04  -5.04929E+04  -1.35701E+05
   1.71620E-02   3.49138E-03   9.27955E-01   2.01921E-03   4.93722E-02   5.44084E+04  -1.18310E+04  -2.26671E+04  -5.04853E+04  -1.35713E+05
   1.70620E-02   3.49173E-03   9.28050E-01   2.01941E-03   4.93772E-02   5.43754E+04  -1.18300E+04  -2.26659E+04  -5.04777E+04  -1.35724E+05
   1.69620E-02   3.49209E-03   9.28144E-01   2.01962E-03   4.93822E-02   5.43422E+04  -1.18290E+04  -2.26647E+04  -5.04701E+04  -1.35736E+05
   1.68620E-02   3.49244E-03   9.28238E-01   2.01982E-03   4.93872E-02   5.43087E+04  -1.18280E+04  -2.26635E+04  -5.04624E+04  -1.35748E+05
   1.67620E-02   3.49280E-03   9.28333E-01   2.02003E-03   4.93923E-02   5.42751E+04  -1.18270E+04  -2.26623E+04  -5.04548E+04  -1.35759E+05
   1.66620E-02   3.49315E-03   9.28427E-01   2.02023E-03   4.93973E-02   5.42413E+04  -1.18260E+04  -2.26610E+04  -5.04472E+04  -1.35771E+05
   1.65620E-02   3.49351E-03   9.28522E-01   2.02044E-03   4.94023E-02   5.42074E+04  -1.18250E+04  -2.26598E+04  -5.04396E+04  -1.35782E+05
   1.64620E-02   3.49386E-03   9.28616E-01   2.02064E-03   4.94073E-02   5.41732E+04  -1.18240E+04  -2.26586E+04  -5.04320E+04  -1.35794E+05
   1.63620E-02   3.49422E-03   9.28711E-01   2.02085E-03   4.94124E-02   5.41388E+04  -1.18229E+04  -2.26574E+04  -5.04244E+04  -1.35806E+05
   1.62620E-02   3.49457E-03   9.28805E-01   2.02106E-03   4.94174E-02   5.41042E+04  -1.18219E+04  -2.26562E+04  -5.04167E+04  -1.35817E+05
   1.61620E-02   3.49493E-03   9.28899E-01   2.02126E-03   4.94224E-02   5.40694E+04  -1.18209E+04  -2.26550E+04  -5.04091E+04  -1.35829E+05
   1.60620E-02   3.49528E-03   9.28994E-01   2.02147E-03   4.94274E-02   5.40344E+04  -1.18200E+04  -2.26538E+04  -5.04015E+04  -1.35840E+05
   1.59620E-02   3.49564E-03   9.29088E-01   2.02167E-03   4.94325E-02   5.39992E+04  -1.18190E+04  -2.26526E+04  -5.03939E+04  -1.35852E+05
   1.58620E-02   3.49600E-03   9.29183E-01   2.02188E-03   4.94375E-02   5.39638E+04  -1.18180E+04  -2.26514E+04  -5.03863E+04  -1.35864E+05
   1.57620E-02   3.49635E-03   9.29277E-01   2.02208E-03   4.94425E-02   5.39282E+04  -1.18170E+04  -2.26502E+04  -5.03787E+04  -1.35875E+05
   1.56620E-02   3.49671E-03   9.29371E-01   2.02229E-03   4.94475E-02   5.38923E+04  -1.18160E+04  -2.26490E+04  -5.03711E+04  -1.35887E+05
   1.55620E-02   3.49706E-03   9.29466E-01   2.02249E-03   4.94525E-02   5.38563E+04  -1.18150E+04  -2.26478E+04  -5.03635E+04  -1.35898E+05
   1.54620E-02   3.49742E-03   9.29560E-01   2.02270E-03   4.94576E-02   5.38200E+04  -1.18140E+04  -2.26466E+04  -5.03559E+04  -1.35910E+05
   1.53620E-02   3.49777E-03   9.29655E-01   2.02290E-03   4.94626E-02   5.37835E+04  -1.18130E+04  -2.26454E+04  -5.03483E+04  -1.35921E+05
   1.52620E-02   3.49813E-03   9.29749E-01   2.02311E-03   4.94676E-02   5.37467E+04  -1.18120E+04  -2.26442E+04  -5.03407E+04  -1.35933E+05
   1.51620E-02   3.49848E-03   9.29844E-01   2.02332E-03   4.94726E-02   5.37098E+04  -1.18110E+04  -2.26430E+04  -5.03331E+04  -1.35945E+05
   1.50620E-02   3.49884E-03   9.29938E-01   2.02352E-03   4.94777E-02   5.36725E+04  -1.18100E+04  -2.26418E+04  -5.03255E+04  -1.35956E+05
   1.49620E-02   3.49919E-03   9.30032E-01   2.02373E-03   4.94827E-02   5.36351E+04  -1.18090E+04  -2.26406E+04  -5.03180E+04  -1.35968E+05
   1.48620E-02   3.49955E-03   9.30127E-01   2.02393E-03   4.94877E-02   5.35974E+04  -1.18080E+04  -2.26394E+04  -5.03104E+04  -1.35979E+05
   1.47620E-02   3.49990E-03   9.30221E-01   2.02414E-03   4.94927E-02   5.35595E+04  -1.18070E+04  -2.26382E+04  -5.03028E+04  -1.35991E+05
   1.46620E-02   3.50026E-03   9.30316E-01   2.02434E-03   4.94978E-02   5.35213E+04  -1.18060E+04  -2.26370E+04  -5.02952E+04  -1.36002E+05
   1.45620E-02   3.50061E-03   9.30410E-01   2.02455E-03   4.95028E-02   5.34829E+04  -1.18050E+04  -2.26358E+04  -5.02876E+04  -1.36014E+05
   1.44620E-02   3.50097E-03   9.30504E-01   2.02475E-03   4.95078E-02   5.34442E+04  -1.18041E+04  -2.26346E+04  -5.02800E+04  -1.36025E+05
   1.43620E-02   3.50132E-03   9.30599E-01   2.02496E-03   4.95128E-02   5.34053E+04  -1.18031E+04  -2.26334E+04  -5.02725E+04  -1.36037E+05
   1.42620E-02   3.50168E-03   9.30693E-01   2.02516E-03   4.95178E-02   5.33661E+04  -1.18021E+04  -2.26322E+04  -5.02649E+04  -1.36049E+05
   1.41620E-02   3.50203E-03   9.30788E-01   2.02537E-03   4.95229E-02   5.33266E+04  -1.18011E+04  -2.26310E+04  -5.02573E+04  -1.36060E+05
   1.40620E-02   3.50239E-03   9.30882E-01   2.02558E-03   4.95279E-02   5.32869E+04  -1.18001E+04  -2.26298E+04  -5.02497E+04  -1.36072E+05
   1.39620E-02   3.50274E-03   9.30977E-01   2.02578E-03   4.95329E-02   5.32469E+04  -1.17991E+04  -2.26286E+04  -5.02422E+04  -1.36083E+05
   1.38620E-02   3.50310E-03   9.31071E-01   2.02599E-03   4.95379E-02   5.32066E+04  -1.17981E+04  -2.26274E+04  -5.02346E+04  -1.36095E+05
   1.37620E-02   3.50346E-03   9.31165E-01   2.02619E-03   4.95430E-02   5.31661E+04  -1.17972E+04  -2.26262E+04  -5.02270E+04  -1.36106E+05
   1.36620E-02   3.50381E-03   9.31260E-01   2.02640E-03   4.95480E-02   5.31252E+04  -1.17962E+04  -2.26250E+04  -5.02195E+04  -1.36118E+05
   1.35620E-02   3.50417E-03   9.31354E-01   2.02660E-03   4.95530E-02   5.30841E+04  -1.17952E+04  -2.26239E+04  -5.02119E+04  -1.36129E+05
   1.34620E-02   3.50452E-03   9.31449E-01   2.02681E-03   4.95580E-02   5.30427E+04  -1.17942E+04  -2.26227E+04  -5.02043E+04  -1.36141E+05
   1.33620E-02   3.50488E-03   9.31543E-01   2.02701E-03   4.95631E-02   5.30009E+04  -1.17932E+04  -2.26215E+04  -5.01968E+04  -1.36152E+05
   1.32620E-02   3.50523E-03   9.31637E-01   2.02722E-03   4.95681E-02   5.29589E+04  -1.17923E+04  -2.26203E+04  -5.01892E+04  -1.36164E+05
   1.31620E-02   3.50559E-03   9.31732E-01   2.02742E-03   4.95731E-02   5.29166E+04  -1.17913E+04  -2.26191E+04  -5.01817E+04  -1.36175E+05
   1.30620E-02   3.50594E-03   9.31826E-01   2.02763E-03   4.95781E-02   5.28739E+04  -1.17903E+04  -2.26179E+04  -5.01741E+04  -1.36187E+05
   1.29620E-02   3.50630E-03   9.31921E-01   2.02784E-03   4.95832E-02   5.28310E+04  -1.17893E+04  -2.26167E+04  -5.01665E+04  -1.36199E+05
   1.28620E-02   3.50665E-03   9.32015E-01   2.02804E-03   4.95882E-02   5.27877E+04  -1.17883E+04  -2.26155E+04  -5.01590E+04  -1.36210E+05
   1.27620E-02   3.50701E-03   9.32110E-01   2.02825E-03   4.95932E-02   5.27441E+04  -1.17874E+04  -2.26143E+04  -5.01514E+04  -1.36222E+05
   1.26620E-02   3.50736E-03   9.32204E-01   2.02845E-03   4.95982E-02   5.27002E+04  -1.17864E+04  -2.26131E+04  -5.01439E+04  -1.36233E+05
   1.25620E-02   3.50772E-03   9.32298E-01   2.02866E-03   4.96032E-02   5.26559E+04  -1.17854E+04  -2.26119E+04  -5.01363E+04  -1.36245E+05
   1.24620E-02   3.50807E-03   9.32393E-01   2.02886E-03   4.96083E-02   5.26113E+04  -1.17844E+04  -2.26107E+04  -5.01288E+04  -1.36256E+05
   1.23620E-02   3.50843E-03   9.32487E-01   2.02907E-03   4.96133E-02   5.25663E+04  -1.17835E+04  -2.26095E+04  -5.01213E+04  -1.36268E+05
   1.22620E-02   3.50878E-03   9.32582E-01   2.02927E-03   4.96183E-02   5.25210E+04  -1.17825E+04  -2.26084E+04  -5.01137E+04  -1.36279E+05
   1.21620E-02   3.50914E-03   9.32676E-01   2.02948E-03   4.96233E-02   5.24754E+04  -1.17815E+04  -2.26072E+04  -5.01062E+04  -1.36291E+05
   1.20620E-02   3.50949E-03   9.32770E-01   2.02968E-03   4.96284E-02   5.24293E+04  -1.17805E+04  -2.26060E+04  -5.00986E+04  -1.36302E+05
   1.19620E-02   3.50985E-03   9.32865E-01   2.02989E-03   4.96334E-02   5.23829E+04  -1.17796E+04  -2.26048E+04  -5.00911E+04  -1.36314E+05
   1.18620E-02   3.51020E-03   9.32959E-01   2.03009E-03   4.96384E-02   5.23362E+04  -1.17786E+04  -2.26036E+04  -5.00836E+04  -1.36325E+05
   1.17620E-02   3.51056E-03   9.33054E-01   2.03030E-03   4.96434E-02   5.22890E+04  -1.17776E+04  -2.26024E+04  -5.00760E+04  -1.36337E+05
   1.16620E-02   3.51092E-03   9.33148E-01   2.03051E-03   4.96485E-02   5.22415E+04  -1.17767E+04  -2.26012E+04  -5.00685E+04  -1.36348E+05
   1.15620E-02   3.51127E-03   9.33243E-01   2.03071E-03   4.96535E-02   5.21935E+04  -1.17757E+04  -2.26000E+04  -5.00610E+04  -1.36360E+05
   1.14620E-02   3.51163E-03   9.33337E-01   2.03092E-03   4.96585E-02   5.21452E+04  -1.17747E+04  -2.25988E+04  -5.00534E+04  -1.36371E+05
   1.13620E-02   3.51198E-03   9.33431E-01   2.03112E-03   4.96635E-02   5.20964E+04  -1.17738E+04  -2.25977E+04  -5.00459E+04  -1.36383E+05
   1.12620E-02   3.51234E-03   9.33526E-01   2.03133E-03   4.96686E-02   5.20472E+04  -1.17728E+04  -2.25965E+04  -5.00384E+04  -1.36394E+05
   1.11620E-02   3.51269E-03   9.33620E-01   2.03153E-03   4.96736E-02   5.19976E+04  -1.17718E+04  -2.25953E+04  -5.00309E+04  -1.36406E+05
   1.10620E-02   3.51305E-03   9.33715E-01   2.03174E-03   4.96786E-02   5.19476E+04  -1.17709E+04  -2.25941E+04  -5.00233E+04  -1.36417E+05
   1.09620E-02   3.51340E-03   9.33809E-01   2.03194E-03   4.96836E-02   5.18971E+04  -1.17699E+04  -2.25929E+04  -5.00158E+04  -1.36428E+05
   1.08620E-02   3.51376E-03   9.33903E-01   2.03215E-03   4.96886E-02   5.18462E+04  -1.17689E+04  -2.25917E+04  -5.00083E+04  -1.36440E+05
   1.07620E-02   3.51411E-03   9.33998E-01   2.03235E-03   4.96937E-02   5.17948E+04  -1.17680E+04  -2.25905E+04  -5.00008E+04  -1.36451E+05
   1.06620E-02   3.51447E-03   9.34092E-01   2.03256E-03   4.96987E-02   5.17430E+04  -1.17670E+04  -2.25894E+04  -4.99933E+04  -1.36463E+05
   1.05620E-02   3.51482E-03   9.34187E-01   2.03277E-03   4.97037E-02   5.16907E+04  -1.17660E+04  -2.25882E+04  -4.99858E+04  -1.36474E+05
   1.04620E-02   3.51518E-03   9.34281E-01   2.03297E-03   4.97087E-02   5.16379E+04  -1.17651E+04  -2.25870E+04  -4.99782E+04  -1.36486E+05
   1.03620E-02   3.51553E-03   9.34376E-01   2.03318E-03   4.97138E-02   5.15846E+04  -1.17641E+04  -2.25858E+04  -4.99707E+04  -1.36497E+05
   1.02620E-02   3.51589E-03   9.34470E-01   2.03338E-03   4.97188E-02   5.15308E+04  -1.17632E+04  -2.25846E+04  -4.99632E+04  -1.36509E+05
   1.01620E-02   3.51624E-03   9.34564E-01   2.03359E-03   4.97238E-02   5.14765E+04  -1.17622E+04  -2.25834E+04  -4.99557E+04  -1.36520E+05
   1.00620E-02   3.51660E-03   9.34659E-01   2.03379E-03   4.97288E-02   5.14217E+04  -1.17612E+04  -2.25823E+04  -4.99482E+04  -1.36532E+05
   9.96201E-03   3.51695E-03   9.34753E-01   2.03400E-03   4.97339E-02   5.13663E+04  -1.17603E+04  -2.25811E+04  -4.99407E+04  -1.36543E+05
   9.86201E-03   3.51731E-03   9.34848E-01   2.03420E-03   4.97389E-02   5.13104E+04  -1.17593E+04  -2.25799E+04  -4.99332E+04  -1.36555E+05
   9.76201E-03   3.51766E-03   9.34942E-01   2.03441E-03   4.97439E-02   5.12539E+04  -1.17584E+04  -2.25787E+04  -4.99257E+04  -1.36566E+05
   9.66201E-03   3.51802E-03   9.35036E-01   2.03461E-03   4.97489E-02   5.11969E+04  -1.17574E+04  -2.25775E+04  -4.99182E+04  -1.36577E+05
   9.56201E-03   3.51837E-03   9.35131E-01   2.03482E-03   4.97539E-02   5.11393E+04  -1.17565E+04  -2.25763E+04  -4.99107E+04  -1.36589E+05
   9.46201E-03   3.51873E-03   9.35225E-01   2.03503E-03   4.97590E-02   5.10811E+04  -1.17555E+04  -2.25752E+04  -4.99032E+04  -1.36600E+05
   9.36201E-03   3.51909E-03   9.35320E-01   2.03523E-03   4.97640E-02   5.10224E+04  -1.17545E+04  -2.25740E+04  -4.98957E+04  -1.36612E+05
   9.26201E-03   3.51944E-03   9.35414E-01   2.03544E-03   4.97690E-02   5.09630E+04  -1.17536E+04  -2.25728E+04  -4.98882E+04  -1.36623E+05
   9.16201E-03   3.51980E-03   9.35509E-01   2.03564E-03   4.97740E-02   5.09029E+04  -1.17526E+04  -2.25716E+04  -4.98807E+04  -1.36635E+05
   9.06201E-03   3.52015E-03   9.35603E-01   2.03585E-03   4.97791E-02   5.08423E+04  -1.17517E+04  -2.25704E+04  -4.98733E+04  -1.36646E+05
   8.96201E-03   3.52051E-03   9.35697E-01   2.03605E-03   4.97841E-02   5.07809E+04  -1.17507E+04  -2.25693E+04  -4.98658E+04  -1.36658E+05
   8.86201E-03   3.52086E-03   9.35792E-01   2.03626E-03   4.97891E-02   5.07189E+04  -1.17498E+04  -2.25681E+04  -4.98583E+04  -1.36669E+05
   8.76201E-03   3.52122E-03   9.35886E-01   2.03646E-03   4.97941E-02   5.06562E+04  -1.17488E+04  -2.25669E+04  -4.98508E+04  -1.36680E+05
   8.66201E-03   3.52157E-03   9.35981E-01   2.03667E-03   4.97992E-02   5.05929E+04  -1.17479E+04  -2.25657E+04  -4.98433E+04  -1.36692E+05
   8.56201E-03   3.52193E-03   9.36075E-01   2.03687E-03   4.98042E-02   5.05288E+04  -1.17469E+04  -2.25645E+04  -4.98358E+04  -1.36703E+05
   8.46201E-03   3.52228E-03   9.36169E-01   2.03708E-03   4.98092E-02   5.04639E+04  -1.17460E+04  -2.25634E+04  -4.98284E+04  -1.36715E+05
   8.36201E-03   3.52264E-03   9.36264E-01   2.03729E-03   4.98142E-02   5.03983E+04  -1.17450E+04  -2.25622E+04  -4.98209E+04  -1.36726E+05
   8.26201E-03   3.52299E-03   9.36358E-01   2.03749E-03   4.98193E-02   5.03320E+04  -1.17441E+04  -2.25610E+04  -4.98134E+04  -1.36738E+05
   8.16201E-03   3.52335E-03   9.36453E-01   2.03770E-03   4.98243E-02   5.02648E+04  -1.17431E+04  -2.25598E+04  -4.98059E+04  -1.36749E+05
   8.06201E-03   3.52370E-03   9.36547E-01   2.03790E-03   4.98293E-02   5.01968E+04  -1.17422E+04  -2.25587E+04  -4.97985E+04  -1.36760E+05
   7.96201E-03   3.52406E-03   9.36641E-01   2.03811E-03   4.98343E-02   5.01281E+04  -1.17413E+04  -2.25575E+04  -4.97910E+04  -1.36772E+05
   7.86201E-03   3.52441E-03   9.36736E-01   2.03831E-03   4.98393E-02   5.00584E+04  -1.17403E+04  -2.25563E+04  -4.97835E+04  -1.36783E+05
   7.76201E-03   3.52477E-03   9.36830E-01   2.03852E-03   4.98444E-02   4.99879E+04  -1.17394E+04  -2.25551E+04  -4.97761E+04  -1.36795E+05
   7.66201E-03   3.52512E-03   9.36925E-01   2.03872E-03   4.98494E-02   4.99165E+04  -1.17384E+04  -2.25540E+04  -4.97686E+04  -1.36806E+05
   7.56201E-03   3.52548E-03   9.37019E-01   2.03893E-03   4.98544E-02   4.98442E+04  -1.17375E+04  -2.25528E+04  -4.97611E+04  -1.36817E+05
   7.46201E-03   3.52583E-03   9.37114E-01   2.03913E-03   4.98594E-02   4.97709E+04  -1.17365E+04  -2.25516E+04  -4.97537E+04  -1.36829E+05
   7.36201E-03   3.52619E-03   9.37208E-01   2.03934E-03   4.98645E-02   4.96967E+04  -1.17356E+04  -2.25504E+04  -4.97462E+04  -1.36840E+05
   7.26201E-03   3.52655E-03   9.37302E-01   2.03955E-03   4.98695E-02   4.96215E+04  -1.17347E+04  -2.25493E+04  -4.97388E+04  -1.36852E+05
   7.16201E-03   3.52690E-03   9.37397E-01   2.03975E-03   4.98745E-02   4.95452E+04  -1.17337E+04  -2.25481E+04  -4.97313E+04  -1.36863E+05
   7.06201E-03   3.52726E-03   9.37491E-01   2.03996E-03   4.98795E-02   4.94679E+04  -1.17328E+04  -2.25469E+04  -4.97239E+04  -1.36874E+05
   6.96201E-03   3.52761E-03   9.37586E-01   2.04016E-03   4.98846E-02   4.93895E+04  -1.17318E+04  -2.25457E+04  -4.97164E+04  -1.36886E+05
   6.86201E-03   3.52797E-03   9.37680E-01   2.04037E-03   4.98896E-02   4.93100E+04  -1.17309E+04  -2.25446E+04  -4.97090E+04  -1.36897E+05
   6.76201E-03   3.52832E-03   9.37774E-01   2.04057E-03   4.98946E-02   4.92294E+04  -1.17300E+04  -2.25434E+04  -4.97015E+04  -1.36909E+05
   6.66201E-03   3.52868E-03   9.37869E-01   2.04078E-03   4.98996E-02   4.91476E+04  -1.17290E+04  -2.25422E+04  -4.96941E+04  -1.36920E+05
   6.56201E-03   3.52903E-03   9.37963E-01   2.04098E-03   4.99047E-02   4.90646E+04  -1.17281E+04  -2.25411E+04  -4.96866E+04  -1.36931E+05
   6.46201E-03   3.52939E-03   9.38058E-01   2.04119E-03   4.99097E-02   4.89803E+04  -1.17271E+04  -2.25399E+04  -4.96792E+04  -1.36943E+05
   6.36201E-03   3.52974E-03   9.38152E-01   2.04139E-03   4.99147E-02   4.88947E+04  -1.17262E+04  -2.25387E+04  -4.96717E+04  -1.36954E+05
   6.26201E-03   3.53010E-03   9.38247E-01   2.04160E-03   4.99197E-02   4.88078E+04  -1.17253E+04  -2.25375E+04  -4.96643E+04  -1.36966E+05
   6.16201E-03   3.53045E-03   9.38341E-01   2.04181E-03   4.99247E-02   4.87195E+04  -1.17243E+04  -2.25364E+04  -4.96568E+04  -1.36977E+05
   6.06201E-03   3.53081E-03   9.38435E-01   2.04201E-03   4.99298E-02   4.86298E+04  -1.17234E+04  -2.25352E+04  -4.96494E+04  -1.36988E+05
   5.96201E-03   3.53116E-03   9.38530E-01   2.04222E-03   4.99348E-02   4.85387E+04  -1.17225E+04  -2.25340E+04  -4.96420E+04  -1.37000E+05
   5.86201E-03   3.53152E-03   9.38624E-01   2.04242E-03   4.99398E-02   4.84460E+04  -1.17215E+04  -2.25329E+04  -4.96345E+04  -1.37011E+05
   5.76201E-03   3.53187E-03   9.38719E-01   2.04263E-03   4.99448E-02   4.83518E+04  -1.17206E+04  -2.25317E+04  -4.96271E+04  -1.37022E+05
   5.66201E-03   3.53223E-03   9.38813E-01   2.04283E-03   4.99499E-02   4.82559E+04  -1.17197E+04  -2.25305E+04  -4.96197E+04  -1.37034E+05
   5.56201E-03   3.53258E-03   9.38907E-01   2.04304E-03   4.99549E-02   4.81583E+04  -1.17188E+04  -2.25294E+04  -4.96123E+04  -1.37045E+05
   5.46201E-03   3.53294E-03   9.39002E-01   2.04324E-03   4.99599E-02   4.80590E+04  -1.17178E+04  -2.25282E+04  -4.96048E+04  -1.37057E+05
   5.36201E-03   3.53329E-03   9.39096E-01   2.04345E-03   4.99649E-02   4.79580E+04  -1.17169E+04  -2.25270E+04  -4.95974E+04  -1.37068E+05
   5.26201E-03   3.53365E-03   9.39191E-01   2.04365E-03   4.99700E-02   4.78550E+04  -1.17160E+04  -2.25259E+04  -4.95900E+04  -1.37079E+05
   5.16201E-03   3.53401E-03   9.39285E-01   2.04386E-03   4.99750E-02   4.77501E+04  -1.17150E+04  -2.25247E+04  -4.95826E+04  -1.37091E+05
   5.06201E-03   3.53436E-03   9.39380E-01   2.04407E-03   4.99800E-02   4.76431E+04  -1.17141E+04  -2.25235E+04  -4.95751E+04  -1.37102E+05
   4.96201E-03   3.53472E-03   9.39474E-01   2.04427E-03   4.99850E-02   4.75341E+04  -1.17132E+04  -2.25224E+04  -4.95677E+04  -1.37113E+05
   4.86201E-03   3.53507E-03   9.39568E-01   2.04448E-03   4.99901E-02   4.74228E+04  -1.17123E+04  -2.25212E+04  -4.95603E+04  -1.37125E+05
   4.76201E-03   3.53543E-03   9.39663E-01   2.04468E-03   4.99951E-02   4.73093E+04  -1.17113E+04  -2.25200E+04  -4.95529E+04  -1.37136E+05
   4.66201E-03   3.53578E-03   9.39757E-01   2.04489E-03   5.00001E-02   4.71934E+04  -1.17104E+04  -2.25189E+04  -4.95455E+04  -1.37147E+05
   4.56201E-03   3.53614E-03   9.39852E-01   2.04509E-03   5.00051E-02   4.70751E+04  -1.17095E+04  -2.25177E+04  -4.95381E+04  -1.37159E+05
   4.46201E-03   3.53649E-03   9.39946E-01   2.04530E-03   5.00101E-02   4.69541E+04  -1.17086E+04  -2.25165E+04  -4.95306E+04  -1.37170E+05
   4.36201E-03   3.53685E-03   9.40040E-01   2.04550E-03   5.00152E-02   4.68304E+04  -1.17076E+04  -2.25154E+04  -4.95232E+04  -1.37181E+05
   4.26201E-03   3.53720E-03   9.40135E-01   2.04571E-03   5.00202E-02   4.67039E+04  -1.17067E+04  -2.25142E+04  -4.95158E+04  -1.37193E+05
   4.16201E-03   3.53756E-03   9.40229E-01   2.04591E-03   5.00252E-02   4.65745E+04  -1.17058E+04  -2.25130E+04  -4.95084E+04  -1.37204E+05
   4.06201E-03   3.53791E-03   9.40324E-01   2.04612E-03   5.00302E-02   4.64419E+04  -1.17049E+04  -2.25119E+04  -4.95010E+04  -1.37215E+05
   3.96201E-03   3.53827E-03   9.40418E-01   2.04633E-03   5.00353E-02   4.63060E+04  -1.17040E+04  -2.25107E+04  -4.94936E+04  -1.37227E+05
   3.86201E-03   3.53862E-03   9.40513E-01   2.04653E-03   5.00403E-02   4.61668E+04  -1.17030E+04  -2.25096E+04  -4.94862E+04  -1.37238E+05
   3.76201E-03   3.53898E-03   9.40607E-01   2.04674E-03   5.00453E-02   4.60239E+04  -1.17021E+04  -2.25084E+04  -4.94788E+04  -1.37249E+05
   3.66201E-03   3.53933E-03   9.40701E-01   2.04694E-03   5.00503E-02   4.58772E+04  -1.17012E+04  -2.25072E+04  -4.94714E+04  -1.37261E+05
   3.56201E-03   3.53969E-03   9.40796E-01   2.04715E-03   5.00554E-02   4.57265E+04  -1.17003E+04  -2.25061E+04  -4.94640E+04  -1.37272E+05
   3.46201E-03   3.54004E-03   9.40890E-01   2.04735E-03   5.00604E-02   4.55715E+04  -1.16994E+04  -2.25049E+04  -4.94566E+04  -1.37283E+05
   3.36201E-03   3.54040E-03   9.40985E-01   2.04756E-03   5.00654E-02   4.54120E+04  -1.16985E+04  -2.25037E+04  -4.94492E+04  -1.37295E+05
   3.26201E-03   3.54075E-03   9.41079E-01   2.04776E-03   5.00704E-02   4.52478E+04  -1.16975E+04  -2.25026E+04  -4.94418E+04  -1.37306E+05
   3.16201E-03   3.54111E-03   9.41173E-01   2.04797E-03   5.00754E-02   4.50785E+04  -1.16966E+04  -2.25014E+04  -4.94345E+04  -1.37317E+05
   3.06201E-03   3.54147E-03   9.41268E-01   2.04817E-03   5.00805E-02   4.49038E+04  -1.16957E+04  -2.25003E+04  -4.94271E+04  -1.37329E+05
   2.96201E-03   3.54182E-03   9.41362E-01   2.04838E-03   5.00855E-02   4.47233E+04  -1.16948E+04  -2.24991E+04  -4.94197E+04  -1.37340E+05
   2.86201E-03   3.54218E-03   9.41457E-01   2.04859E-03   5.00905E-02   4.45367E+04  -1.16939E+04  -2.24979E+04  -4.94123E+04  -1.37351E+05
   2.76201E-03   3.54253E-03   9.41551E-01   2.04879E-03   5.00955E-02   4.43435E+04  -1.16930E+04  -2.24968E+04  -4.94049E+04  -1.37362E+05
   2.66201E-03   3.54289E-03   9.41646E-01   2.04900E-03   5.01006E-02   4.41433E+04  -1.16921E+04  -2.24956E+04  -4.93975E+04  -1.37374E+05
   2.56201E-03   3.54324E-03   9.41740E-01   2.04920E-03   5.01056E-02   4.39354E+04  -1.16912E+04  -2.24945E+04  -4.93902E+04  -1.37385E+05
   2.46201E-03   3.54360E-03   9.41834E-01   2.04941E-03   5.01106E-02   4.37194E+04  -1.16902E+04  -2.24933E+04  -4.93828E+04  -1.37396E+05
   2.36201E-03   3.54395E-03   9.41929E-01   2.04961E-03   5.01156E-02   4.34944E+04  -1.16893E+04  -2.24922E+04  -4.93754E+04  -1.37408E+05
   2.26201E-03   3.54431E-03   9.42023E-01   2.04982E-03   5.01207E-02   4.32598E+04  -1.16884E+04  -2.24910E+04  -4.93680E+04  -1.37419E+05
   2.16201E-03   3.54466E-03   9.42118E-01   2.05002E-03   5.01257E-02   4.30146E+04  -1.16875E+04  -2.24898E+04  -4.93607E+04  -1.37430E+05
   2.06201E-03   3.54502E-03   9.42212E-01   2.05023E-03   5.01307E-02   4.27579E+04  -1.16866E+04  -2.24887E+04  -4.93533E+04  -1.37442E+05
   1.96201E-03   3.54537E-03   9.42306E-01   2.05043E-03   5.01357E-02   4.24885E+04  -1.16857E+04  -2.24875E+04  -4.93459E+04  -1.37453E+05
   1.86201E-03   3.54573E-03   9.42401E-01   2.05064E-03   5.01408E-02   4.22050E+04  -1.16848E+04  -2.24864E+04  -4.93386E+04  -1.37464E+05
   1.76201E-03   3.54608E-03   9.42495E-01   2.05085E-03   5.01458E-02   4.19060E+04  -1.16839E+04  -2.24852E+04  -4.93312E+04  -1.37475E+05
   1.66201E-03   3.54644E-03   9.42590E-01   2.05105E-03   5.01508E-02   4.15897E+04  -1.16830E+04  -2.24841E+04  -4.93238E+04  -1.37487E+05
   1.56201E-03   3.54679E-03   9.42684E-01   2.05126E-03   5.01558E-02   4.12537E+04  -1.16821E+04  -2.24829E+04  -4.93165E+04  -1.37498E+05
   1.46201E-03   3.54715E-03   9.42779E-01   2.05146E-03   5.01608E-02   4.08957E+04  -1.16812E+04  -2.24818E+04  -4.93091E+04  -1.37509E+05
   1.36201E-03   3.54750E-03   9.42873E-01   2.05167E-03   5.01659E-02   4.05124E+04  -1.16803E+04  -2.24806E+04  -4.93017E+04  -1.37521E+05
   1.26201E-03   3.54786E-03   9.42967E-01   2.05187E-03   5.01709E-02   4.00999E+04  -1.16794E+04  -2.24794E+04  -4.92944E+04  -1.37532E+05
   1.16201E-03   3.54821E-03   9.43062E-01   2.05208E-03   5.01759E-02   3.96535E+04  -1.16785E+04  -2.24783E+04  -4.92870E+04  -1.37543E+05
   1.06201E-03   3.54857E-03   9.43156E-01   2.05228E-03   5.01809E-02   3.91671E+04  -1.16776E+04  -2.24771E+04  -4.92797E+04  -1.37554E+05
   9.62012E-04   3.54893E-03   9.43251E-01   2.05249E-03   5.01860E-02   3.86326E+04  -1.16767E+04  -2.24760E+04  -4.92723E+04  -1.37566E+05
   8.62012E-04   3.54928E-03   9.43345E-01   2.05269E-03   5.01910E-02   3.80396E+04  -1.16758E+04  -2.24748E+04  -4.92650E+04  -1.37577E+05
   7.62012E-04   3.54964E-03   9.43439E-01   2.05290E-03   5.01960E-02   3.73736E+04  -1.16749E+04  -2.24737E+04  -4.92576E+04  -1.37588E+05
   6.62012E-04   3.54999E-03   9.43534E-01   2.05311E-03   5.02010E-02   3.66140E+04  -1.16740E+04  -2.24725E+04  -4.92503E+04  -1.37599E+05
   5.62012E-04   3.55035E-03   9.43628E-01   2.05331E-03   5.02061E-02   3.57299E+04  -1.16731E+04  -2.24714E+04  -4.92429E+04  -1.37611E+05
   4.62012E-04   3.55070E-03   9.43723E-01   2.05352E-03   5.02111E-02   3.46725E+04  -1.16722E+04  -2.24702E+04  -4.92356E+04  -1.37622E+05
   3.62012E-04   3.55106E-03   9.43817E-01   2.05372E-03   5.02161E-02   3.33566E+04  -1.16713E+04  -2.24691E+04  -4.92282E+04  -1.37633E+05
   2.62012E-04   3.55141E-03   9.43912E-01   2.05393E-03   5.02211E-02   3.16129E+04  -1.16704E+04  -2.24679E+04  -4.92209E+04  -1.37644E+05
   1.62012E-04   3.55177E-03   9.44006E-01   2.05413E-03   5.02262E-02   2.90207E+04  -1.16695E+04  -2.24668E+04  -4.92136E+04  -1.37656E+05
   6.20121E-05   3.55212E-03   9.44100E-01   2.05434E-03   5.02312E-02   2.38439E+04  -1.16686E+04  -2.24656E+04  -4.92062E+04  -1.37667E+05
   1.00000E-06   3.55234E-03   9.44158E-01   2.05446E-03   5.02342E-02   1.60059E+03  -1.16680E+04  -2.24649E+04  -4.92018E+04  -1.37674E+05

 Phase Region for:
     FCC_A1#2                      
 col-1=X(C), col-2=X(CU), col-3=X(FE), col-4=X(MN), col-5=X(SI), col-6=MU(C), col-7=MU(CU), col-8=MU(FE), col-9=MU(MN), col-10=MU(SI),
   9.72763E-03   9.89591E-01   1.16593E-05   6.70068E-04   1.32909E-11   2.16080E+05  -2.54203E+04  -3.62173E+04  -6.29566E+04  -1.51421E+05
   9.82763E-03   9.89487E-01   1.17412E-05   6.73580E-04   1.33514E-11   2.16111E+05  -2.54206E+04  -3.62176E+04  -6.29569E+04  -1.51422E+05
   9.92763E-03   9.89383E-01   1.18237E-05   6.77111E-04   1.34123E-11   2.16141E+05  -2.54209E+04  -3.62179E+04  -6.29572E+04  -1.51422E+05
   9.99900E-03   9.89309E-01   1.18829E-05   6.79642E-04   1.34559E-11   2.16162E+05  -2.54211E+04  -3.62181E+04  -6.29574E+04  -1.51422E+05

 Phase Region for:
     FCC_A1#2                      
 col-1=X(C), col-2=X(CU), col-3=X(FE), col-4=X(MN), col-5=X(SI), col-6=MU(C), col-7=MU(CU), col-8=MU(FE), col-9=MU(MN), col-10=MU(SI),
   9.72763E-03   9.89591E-01   1.16593E-05   6.70068E-04   1.32909E-11   2.16080E+05  -2.54203E+04  -3.62173E+04  -6.29566E+04  -1.51421E+05
   9.62763E-03   9.89694E-01   1.15780E-05   6.66574E-04   1.32306E-11   2.16049E+05  -2.54200E+04  -3.62170E+04  -6.29563E+04  -1.51421E+05
   9.52763E-03   9.89798E-01   1.14973E-05   6.63099E-04   1.31705E-11   2.16017E+05  -2.54197E+04  -3.62167E+04  -6.29560E+04  -1.51421E+05
   9.42763E-03   9.89901E-01   1.14172E-05   6.59642E-04   1.31108E-11   2.15984E+05  -2.54194E+04  -3.62164E+04  -6.29557E+04  -1.51420E+05
   9.32763E-03   9.90005E-01   1.13376E-05   6.56203E-04   1.30513E-11   2.15951E+05  -2.54191E+04  -3.62161E+04  -6.29553E+04  -1.51420E+05
   9.22763E-03   9.90108E-01   1.12586E-05   6.52782E-04   1.29922E-11   2.15918E+05  -2.54188E+04  -3.62157E+04  -6.29550E+04  -1.51420E+05
   9.12763E-03   9.90212E-01   1.11801E-05   6.49380E-04   1.29333E-11   2.15883E+05  -2.54184E+04  -3.62154E+04  -6.29547E+04  -1.51419E+05
   9.02763E-03   9.90315E-01   1.11022E-05   6.45995E-04   1.28746E-11   2.15848E+05  -2.54181E+04  -3.62151E+04  -6.29544E+04  -1.51419E+05
   8.92763E-03   9.90419E-01   1.10249E-05   6.42629E-04   1.28163E-11   2.15813E+05  -2.54178E+04  -3.62148E+04  -6.29541E+04  -1.51419E+05
   8.82763E-03   9.90522E-01   1.09481E-05   6.39280E-04   1.27582E-11   2.15776E+05  -2.54175E+04  -3.62145E+04  -6.29537E+04  -1.51418E+05
   8.72763E-03   9.90626E-01   1.08718E-05   6.35948E-04   1.27004E-11   2.15739E+05  -2.54171E+04  -3.62141E+04  -6.29534E+04  -1.51418E+05
   8.62763E-03   9.90729E-01   1.07961E-05   6.32635E-04   1.26428E-11   2.15701E+05  -2.54168E+04  -3.62138E+04  -6.29531E+04  -1.51418E+05
   8.52763E-03   9.90832E-01   1.07209E-05   6.29339E-04   1.25856E-11   2.15663E+05  -2.54165E+04  -3.62135E+04  -6.29527E+04  -1.51417E+05
   8.42763E-03   9.90936E-01   1.06463E-05   6.26060E-04   1.25286E-11   2.15623E+05  -2.54161E+04  -3.62131E+04  -6.29524E+04  -1.51417E+05
   8.32763E-03   9.91039E-01   1.05722E-05   6.22798E-04   1.24718E-11   2.15583E+05  -2.54158E+04  -3.62128E+04  -6.29521E+04  -1.51417E+05
   8.22763E-03   9.91142E-01   1.04986E-05   6.19554E-04   1.24154E-11   2.15542E+05  -2.54155E+04  -3.62124E+04  -6.29517E+04  -1.51416E+05
   8.12763E-03   9.91246E-01   1.04255E-05   6.16327E-04   1.23592E-11   2.15501E+05  -2.54151E+04  -3.62121E+04  -6.29514E+04  -1.51416E+05
   8.02763E-03   9.91349E-01   1.03530E-05   6.13117E-04   1.23032E-11   2.15458E+05  -2.54148E+04  -3.62118E+04  -6.29510E+04  -1.51416E+05
   7.92763E-03   9.91452E-01   1.02809E-05   6.09924E-04   1.22475E-11   2.15415E+05  -2.54144E+04  -3.62114E+04  -6.29507E+04  -1.51415E+05
   7.82763E-03   9.91555E-01   1.02094E-05   6.06747E-04   1.21921E-11   2.15371E+05  -2.54141E+04  -3.62111E+04  -6.29503E+04  -1.51415E+05
   7.72763E-03   9.91659E-01   1.01384E-05   6.03588E-04   1.21369E-11   2.15326E+05  -2.54137E+04  -3.62107E+04  -6.29500E+04  -1.51415E+05
   7.62763E-03   9.91762E-01   1.00679E-05   6.00445E-04   1.20820E-11   2.15280E+05  -2.54134E+04  -3.62103E+04  -6.29496E+04  -1.51414E+05
   7.52763E-03   9.91865E-01   9.99788E-06   5.97318E-04   1.20274E-11   2.15233E+05  -2.54130E+04  -3.62100E+04  -6.29493E+04  -1.51414E+05
   7.42763E-03   9.91968E-01   9.92837E-06   5.94208E-04   1.19730E-11   2.15185E+05  -2.54126E+04  -3.62096E+04  -6.29489E+04  -1.51414E+05
   7.32763E-03   9.92071E-01   9.85935E-06   5.91115E-04   1.19188E-11   2.15136E+05  -2.54123E+04  -3.62093E+04  -6.29485E+04  -1.51413E+05
   7.22763E-03   9.92175E-01   9.79081E-06   5.88038E-04   1.18650E-11   2.15086E+05  -2.54119E+04  -3.62089E+04  -6.29482E+04  -1.51413E+05
   7.12763E-03   9.92278E-01   9.72276E-06   5.84977E-04   1.18113E-11   2.15035E+05  -2.54115E+04  -3.62085E+04  -6.29478E+04  -1.51412E+05
   7.02763E-03   9.92381E-01   9.65520E-06   5.81932E-04   1.17579E-11   2.14983E+05  -2.54112E+04  -3.62082E+04  -6.29474E+04  -1.51412E+05
   6.92763E-03   9.92484E-01   9.58811E-06   5.78903E-04   1.17048E-11   2.14930E+05  -2.54108E+04  -3.62078E+04  -6.29471E+04  -1.51412E+05
   6.82763E-03   9.92587E-01   9.52149E-06   5.75890E-04   1.16519E-11   2.14876E+05  -2.54104E+04  -3.62074E+04  -6.29467E+04  -1.51411E+05
   6.72763E-03   9.92690E-01   9.45535E-06   5.72893E-04   1.15993E-11   2.14821E+05  -2.54101E+04  -3.62070E+04  -6.29463E+04  -1.51411E+05
   6.62763E-03   9.92793E-01   9.38968E-06   5.69912E-04   1.15468E-11   2.14764E+05  -2.54097E+04  -3.62067E+04  -6.29459E+04  -1.51411E+05
   6.52763E-03   9.92896E-01   9.32447E-06   5.66947E-04   1.14947E-11   2.14706E+05  -2.54093E+04  -3.62063E+04  -6.29455E+04  -1.51410E+05
   6.42763E-03   9.92999E-01   9.25972E-06   5.63997E-04   1.14428E-11   2.14647E+05  -2.54089E+04  -3.62059E+04  -6.29452E+04  -1.51410E+05
   6.32763E-03   9.93102E-01   9.19543E-06   5.61063E-04   1.13911E-11   2.14587E+05  -2.54085E+04  -3.62055E+04  -6.29448E+04  -1.51409E+05
   6.22763E-03   9.93205E-01   9.13159E-06   5.58144E-04   1.13397E-11   2.14525E+05  -2.54081E+04  -3.62051E+04  -6.29444E+04  -1.51409E+05
   6.12763E-03   9.93308E-01   9.06821E-06   5.55241E-04   1.12885E-11   2.14462E+05  -2.54077E+04  -3.62047E+04  -6.29440E+04  -1.51409E+05
   6.02763E-03   9.93411E-01   9.00527E-06   5.52353E-04   1.12375E-11   2.14397E+05  -2.54073E+04  -3.62043E+04  -6.29436E+04  -1.51408E+05
   5.92763E-03   9.93514E-01   8.94278E-06   5.49480E-04   1.11868E-11   2.14331E+05  -2.54069E+04  -3.62039E+04  -6.29432E+04  -1.51408E+05
   5.82763E-03   9.93617E-01   8.88073E-06   5.46622E-04   1.11363E-11   2.14263E+05  -2.54065E+04  -3.62035E+04  -6.29428E+04  -1.51407E+05
   5.72763E-03   9.93720E-01   8.81912E-06   5.43779E-04   1.10861E-11   2.14194E+05  -2.54061E+04  -3.62031E+04  -6.29424E+04  -1.51407E+05
   5.62763E-03   9.93823E-01   8.75795E-06   5.40952E-04   1.10361E-11   2.14123E+05  -2.54057E+04  -3.62027E+04  -6.29420E+04  -1.51407E+05
   5.52763E-03   9.93926E-01   8.69721E-06   5.38139E-04   1.09863E-11   2.14050E+05  -2.54053E+04  -3.62023E+04  -6.29416E+04  -1.51406E+05
   5.42763E-03   9.94028E-01   8.63689E-06   5.35341E-04   1.09367E-11   2.13976E+05  -2.54049E+04  -3.62019E+04  -6.29412E+04  -1.51406E+05
   5.32763E-03   9.94131E-01   8.57700E-06   5.32558E-04   1.08874E-11   2.13900E+05  -2.54045E+04  -3.62015E+04  -6.29407E+04  -1.51405E+05
   5.22763E-03   9.94234E-01   8.51754E-06   5.29789E-04   1.08383E-11   2.13822E+05  -2.54041E+04  -3.62011E+04  -6.29403E+04  -1.51405E+05
   5.12763E-03   9.94337E-01   8.45850E-06   5.27035E-04   1.07895E-11   2.13742E+05  -2.54037E+04  -3.62007E+04  -6.29399E+04  -1.51405E+05
   5.02763E-03   9.94440E-01   8.39987E-06   5.24296E-04   1.07408E-11   2.13659E+05  -2.54033E+04  -3.62002E+04  -6.29395E+04  -1.51404E+05
   4.92763E-03   9.94542E-01   8.34165E-06   5.21571E-04   1.06924E-11   2.13575E+05  -2.54028E+04  -3.61998E+04  -6.29391E+04  -1.51404E+05
   4.82763E-03   9.94645E-01   8.28385E-06   5.18860E-04   1.06442E-11   2.13489E+05  -2.54024E+04  -3.61994E+04  -6.29386E+04  -1.51403E+05
   4.72763E-03   9.94748E-01   8.22646E-06   5.16164E-04   1.05963E-11   2.13400E+05  -2.54020E+04  -3.61990E+04  -6.29382E+04  -1.51403E+05
   4.62763E-03   9.94851E-01   8.16947E-06   5.13482E-04   1.05485E-11   2.13308E+05  -2.54016E+04  -3.61985E+04  -6.29378E+04  -1.51403E+05
   4.52763E-03   9.94953E-01   8.11288E-06   5.10814E-04   1.05010E-11   2.13215E+05  -2.54011E+04  -3.61981E+04  -6.29374E+04  -1.51402E+05
   4.42763E-03   9.95056E-01   8.05669E-06   5.08160E-04   1.04537E-11   2.13118E+05  -2.54007E+04  -3.61977E+04  -6.29369E+04  -1.51402E+05
   4.32763E-03   9.95159E-01   8.00090E-06   5.05520E-04   1.04066E-11   2.13019E+05  -2.54002E+04  -3.61972E+04  -6.29365E+04  -1.51401E+05
   4.22763E-03   9.95262E-01   7.94550E-06   5.02893E-04   1.03598E-11   2.12917E+05  -2.53998E+04  -3.61968E+04  -6.29360E+04  -1.51401E+05
   4.12763E-03   9.95364E-01   7.89049E-06   5.00281E-04   1.03131E-11   2.12812E+05  -2.53994E+04  -3.61963E+04  -6.29356E+04  -1.51400E+05
   4.02763E-03   9.95467E-01   7.83587E-06   4.97683E-04   1.02667E-11   2.12703E+05  -2.53989E+04  -3.61959E+04  -6.29352E+04  -1.51400E+05
   3.92763E-03   9.95569E-01   7.78164E-06   4.95098E-04   1.02205E-11   2.12592E+05  -2.53985E+04  -3.61955E+04  -6.29347E+04  -1.51399E+05
   3.82763E-03   9.95672E-01   7.72778E-06   4.92527E-04   1.01745E-11   2.12477E+05  -2.53980E+04  -3.61950E+04  -6.29343E+04  -1.51399E+05
   3.72763E-03   9.95775E-01   7.67431E-06   4.89969E-04   1.01287E-11   2.12358E+05  -2.53976E+04  -3.61946E+04  -6.29338E+04  -1.51399E+05
   3.62763E-03   9.95877E-01   7.62121E-06   4.87425E-04   1.00831E-11   2.12235E+05  -2.53971E+04  -3.61941E+04  -6.29334E+04  -1.51398E+05
   3.52763E-03   9.95980E-01   7.56849E-06   4.84894E-04   1.00378E-11   2.12108E+05  -2.53967E+04  -3.61937E+04  -6.29329E+04  -1.51398E+05
   3.42763E-03   9.96082E-01   7.51614E-06   4.82376E-04   9.99263E-12   2.11977E+05  -2.53962E+04  -3.61932E+04  -6.29324E+04  -1.51397E+05
   3.32763E-03   9.96185E-01   7.46416E-06   4.79872E-04   9.94769E-12   2.11841E+05  -2.53958E+04  -3.61927E+04  -6.29320E+04  -1.51397E+05
   3.22763E-03   9.96288E-01   7.41254E-06   4.77381E-04   9.90295E-12   2.11701E+05  -2.53953E+04  -3.61923E+04  -6.29315E+04  -1.51396E+05
   3.12763E-03   9.96390E-01   7.36129E-06   4.74903E-04   9.85842E-12   2.11555E+05  -2.53948E+04  -3.61918E+04  -6.29310E+04  -1.51396E+05
   3.02763E-03   9.96493E-01   7.31040E-06   4.72438E-04   9.81410E-12   2.11404E+05  -2.53944E+04  -3.61913E+04  -6.29306E+04  -1.51395E+05
   2.92763E-03   9.96595E-01   7.25987E-06   4.69986E-04   9.76999E-12   2.11246E+05  -2.53939E+04  -3.61909E+04  -6.29301E+04  -1.51395E+05
   2.82763E-03   9.96698E-01   7.20969E-06   4.67547E-04   9.72607E-12   2.11083E+05  -2.53934E+04  -3.61904E+04  -6.29296E+04  -1.51394E+05
   2.72763E-03   9.96800E-01   7.15987E-06   4.65121E-04   9.68236E-12   2.10913E+05  -2.53929E+04  -3.61899E+04  -6.29292E+04  -1.51394E+05
   2.62763E-03   9.96903E-01   7.11039E-06   4.62707E-04   9.63886E-12   2.10735E+05  -2.53925E+04  -3.61894E+04  -6.29287E+04  -1.51394E+05
   2.52763E-03   9.97005E-01   7.06127E-06   4.60307E-04   9.59555E-12   2.10550E+05  -2.53920E+04  -3.61890E+04  -6.29282E+04  -1.51393E+05
   2.42763E-03   9.97107E-01   7.01249E-06   4.57919E-04   9.55244E-12   2.10356E+05  -2.53915E+04  -3.61885E+04  -6.29277E+04  -1.51393E+05
   2.32763E-03   9.97210E-01   6.96405E-06   4.55543E-04   9.50953E-12   2.10153E+05  -2.53910E+04  -3.61880E+04  -6.29272E+04  -1.51392E+05
   2.22763E-03   9.97312E-01   6.91596E-06   4.53180E-04   9.46682E-12   2.09940E+05  -2.53905E+04  -3.61875E+04  -6.29267E+04  -1.51392E+05
   2.12763E-03   9.97415E-01   6.86820E-06   4.50829E-04   9.42431E-12   2.09716E+05  -2.53901E+04  -3.61870E+04  -6.29262E+04  -1.51391E+05
   2.02763E-03   9.97517E-01   6.82078E-06   4.48491E-04   9.38199E-12   2.09480E+05  -2.53896E+04  -3.61865E+04  -6.29258E+04  -1.51391E+05
   1.92763E-03   9.97619E-01   6.77369E-06   4.46165E-04   9.33987E-12   2.09232E+05  -2.53891E+04  -3.61860E+04  -6.29253E+04  -1.51390E+05
   1.82763E-03   9.97722E-01   6.72694E-06   4.43852E-04   9.29794E-12   2.08968E+05  -2.53886E+04  -3.61855E+04  -6.29248E+04  -1.51390E+05
   1.72763E-03   9.97824E-01   6.68051E-06   4.41550E-04   9.25621E-12   2.08689E+05  -2.53881E+04  -3.61851E+04  -6.29243E+04  -1.51389E+05
   1.62763E-03   9.97926E-01   6.63441E-06   4.39261E-04   9.21467E-12   2.08391E+05  -2.53876E+04  -3.61846E+04  -6.29238E+04  -1.51389E+05
   1.52763E-03   9.98029E-01   6.58863E-06   4.36984E-04   9.17332E-12   2.08073E+05  -2.53871E+04  -3.61840E+04  -6.29232E+04  -1.51388E+05
   1.42763E-03   9.98131E-01   6.54317E-06   4.34718E-04   9.13216E-12   2.07732E+05  -2.53866E+04  -3.61835E+04  -6.29227E+04  -1.51388E+05
   1.32763E-03   9.98233E-01   6.49804E-06   4.32465E-04   9.09118E-12   2.07364E+05  -2.53861E+04  -3.61830E+04  -6.29222E+04  -1.51387E+05
   1.22763E-03   9.98336E-01   6.45322E-06   4.30223E-04   9.05040E-12   2.06966E+05  -2.53856E+04  -3.61825E+04  -6.29217E+04  -1.51387E+05
   1.12763E-03   9.98438E-01   6.40871E-06   4.27994E-04   9.00980E-12   2.06531E+05  -2.53850E+04  -3.61820E+04  -6.29212E+04  -1.51386E+05
   1.02763E-03   9.98540E-01   6.36452E-06   4.25776E-04   8.96939E-12   2.06055E+05  -2.53845E+04  -3.61815E+04  -6.29207E+04  -1.51386E+05
   9.27626E-04   9.98642E-01   6.32064E-06   4.23570E-04   8.92916E-12   2.05526E+05  -2.53840E+04  -3.61810E+04  -6.29202E+04  -1.51385E+05
   8.27626E-04   9.98745E-01   6.27707E-06   4.21375E-04   8.88912E-12   2.04935E+05  -2.53835E+04  -3.61805E+04  -6.29196E+04  -1.51385E+05
   7.27626E-04   9.98847E-01   6.23380E-06   4.19192E-04   8.84926E-12   2.04265E+05  -2.53830E+04  -3.61799E+04  -6.29191E+04  -1.51384E+05
   6.27626E-04   9.98949E-01   6.19084E-06   4.17021E-04   8.80958E-12   2.03492E+05  -2.53824E+04  -3.61794E+04  -6.29186E+04  -1.51384E+05
   5.27626E-04   9.99051E-01   6.14817E-06   4.14861E-04   8.77007E-12   2.02580E+05  -2.53819E+04  -3.61789E+04  -6.29180E+04  -1.51383E+05
   4.27626E-04   9.99154E-01   6.10581E-06   4.12712E-04   8.73075E-12   2.01471E+05  -2.53814E+04  -3.61784E+04  -6.29175E+04  -1.51383E+05
   3.27626E-04   9.99256E-01   6.06375E-06   4.10576E-04   8.69159E-12   2.00059E+05  -2.53809E+04  -3.61778E+04  -6.29169E+04  -1.51382E+05
   2.27626E-04   9.99358E-01   6.02198E-06   4.08450E-04   8.65259E-12   1.98120E+05  -2.53803E+04  -3.61773E+04  -6.29164E+04  -1.51382E+05
   1.27626E-04   9.99460E-01   5.98050E-06   4.06338E-04   8.61373E-12   1.95026E+05  -2.53798E+04  -3.61768E+04  -6.29158E+04  -1.51381E+05
   2.76265E-05   9.99562E-01   5.93932E-06   4.04240E-04   8.57487E-12   1.86802E+05  -2.53793E+04  -3.61762E+04  -6.29152E+04  -1.51381E+05
   1.00000E-06   9.99589E-01   5.92841E-06   4.03698E-04   8.56399E-12   1.68923E+05  -2.53791E+04  -3.61761E+04  -6.29148E+04  -1.51381E+05
