
 Phase Region for:
     FCC_A1#1                      
 col-1=X(C), col-2=X(CU), col-3=X(FE), col-4=X(MN), col-5=X(SI), col-6=MU(C), col-7=MU(CU), col-8=MU(FE), col-9=MU(MN), col-10=MU(SI),
   9.72763E-03   3.51779E-03   9.34974E-01   2.03448E-03   4.97456E-02   7.89610E+03  -2.14516E+04  -2.00970E+04  -6.57850E+04  -1.34773E+05
   1.07276E-02   3.51423E-03   9.34030E-01   2.03243E-03   4.96954E-02   8.50057E+03  -2.13798E+04  -2.01094E+04  -6.58357E+04  -1.34667E+05
   1.17276E-02   3.51068E-03   9.33086E-01   2.03037E-03   4.96452E-02   9.05816E+03  -2.13081E+04  -2.01219E+04  -6.58865E+04  -1.34562E+05
   1.27276E-02   3.50713E-03   9.32142E-01   2.02832E-03   4.95949E-02   9.57658E+03  -2.12367E+04  -2.01344E+04  -6.59375E+04  -1.34456E+05
   1.37276E-02   3.50358E-03   9.31198E-01   2.02626E-03   4.95447E-02   1.00618E+04  -2.11656E+04  -2.01471E+04  -6.59886E+04  -1.34350E+05
   1.47276E-02   3.50002E-03   9.30254E-01   2.02421E-03   4.94945E-02   1.05185E+04  -2.10947E+04  -2.01599E+04  -6.60399E+04  -1.34244E+05
   1.57276E-02   3.49647E-03   9.29310E-01   2.02215E-03   4.94442E-02   1.09504E+04  -2.10241E+04  -2.01727E+04  -6.60914E+04  -1.34138E+05
   1.67276E-02   3.49292E-03   9.28365E-01   2.02010E-03   4.93940E-02   1.13607E+04  -2.09537E+04  -2.01857E+04  -6.61430E+04  -1.34032E+05
   1.77276E-02   3.48937E-03   9.27421E-01   2.01804E-03   4.93438E-02   1.17519E+04  -2.08836E+04  -2.01987E+04  -6.61947E+04  -1.33926E+05
   1.87276E-02   3.48582E-03   9.26477E-01   2.01599E-03   4.92935E-02   1.21260E+04  -2.08138E+04  -2.02119E+04  -6.62467E+04  -1.33820E+05
   1.97276E-02   3.48226E-03   9.25533E-01   2.01394E-03   4.92433E-02   1.24849E+04  -2.07442E+04  -2.02251E+04  -6.62988E+04  -1.33714E+05
   2.07276E-02   3.47871E-03   9.24589E-01   2.01188E-03   4.91931E-02   1.28301E+04  -2.06749E+04  -2.02385E+04  -6.63510E+04  -1.33608E+05
   2.17276E-02   3.47516E-03   9.23645E-01   2.00983E-03   4.91428E-02   1.31629E+04  -2.06058E+04  -2.02519E+04  -6.64035E+04  -1.33501E+05
   2.27276E-02   3.47161E-03   9.22700E-01   2.00777E-03   4.90926E-02   1.34844E+04  -2.05370E+04  -2.02655E+04  -6.64561E+04  -1.33395E+05
   2.37276E-02   3.46805E-03   9.21756E-01   2.00572E-03   4.90424E-02   1.37957E+04  -2.04685E+04  -2.02791E+04  -6.65088E+04  -1.33288E+05
   2.47276E-02   3.46450E-03   9.20812E-01   2.00366E-03   4.89921E-02   1.40975E+04  -2.04003E+04  -2.02929E+04  -6.65617E+04  -1.33182E+05
   2.57276E-02   3.46095E-03   9.19868E-01   2.00161E-03   4.89419E-02   1.43907E+04  -2.03323E+04  -2.03067E+04  -6.66148E+04  -1.33075E+05
   2.67276E-02   3.45740E-03   9.18924E-01   1.99955E-03   4.88916E-02   1.46759E+04  -2.02646E+04  -2.03207E+04  -6.66681E+04  -1.32969E+05
   2.77276E-02   3.45384E-03   9.17980E-01   1.99750E-03   4.88414E-02   1.49537E+04  -2.01972E+04  -2.03347E+04  -6.67215E+04  -1.32862E+05
   2.87276E-02   3.45029E-03   9.17035E-01   1.99545E-03   4.87912E-02   1.52247E+04  -2.01301E+04  -2.03489E+04  -6.67751E+04  -1.32755E+05
   2.97276E-02   3.44674E-03   9.16091E-01   1.99339E-03   4.87409E-02   1.54892E+04  -2.00632E+04  -2.03632E+04  -6.68289E+04  -1.32648E+05
   3.07276E-02   3.44319E-03   9.15147E-01   1.99134E-03   4.86907E-02   1.57479E+04  -1.99967E+04  -2.03775E+04  -6.68828E+04  -1.32541E+05
   3.17276E-02   3.43964E-03   9.14203E-01   1.98928E-03   4.86405E-02   1.60010E+04  -1.99304E+04  -2.03920E+04  -6.69369E+04  -1.32434E+05
   3.27276E-02   3.43608E-03   9.13259E-01   1.98723E-03   4.85902E-02   1.62489E+04  -1.98644E+04  -2.04066E+04  -6.69912E+04  -1.32327E+05
   3.37276E-02   3.43253E-03   9.12315E-01   1.98517E-03   4.85400E-02   1.64920E+04  -1.97987E+04  -2.04212E+04  -6.70456E+04  -1.32220E+05
   3.47276E-02   3.42898E-03   9.11371E-01   1.98312E-03   4.84898E-02   1.67305E+04  -1.97333E+04  -2.04360E+04  -6.71003E+04  -1.32113E+05
   3.57276E-02   3.42543E-03   9.10426E-01   1.98106E-03   4.84395E-02   1.69647E+04  -1.96682E+04  -2.04509E+04  -6.71551E+04  -1.32005E+05
   3.67276E-02   3.42187E-03   9.09482E-01   1.97901E-03   4.83893E-02   1.71948E+04  -1.96034E+04  -2.04659E+04  -6.72100E+04  -1.31898E+05
   3.77276E-02   3.41832E-03   9.08538E-01   1.97695E-03   4.83391E-02   1.74211E+04  -1.95389E+04  -2.04810E+04  -6.72652E+04  -1.31790E+05
   3.87276E-02   3.41477E-03   9.07594E-01   1.97490E-03   4.82888E-02   1.76438E+04  -1.94747E+04  -2.04962E+04  -6.73205E+04  -1.31683E+05
   3.97276E-02   3.41122E-03   9.06650E-01   1.97285E-03   4.82386E-02   1.78631E+04  -1.94109E+04  -2.05116E+04  -6.73760E+04  -1.31575E+05
   4.07276E-02   3.40766E-03   9.05706E-01   1.97079E-03   4.81884E-02   1.80791E+04  -1.93473E+04  -2.05270E+04  -6.74317E+04  -1.31468E+05
   4.17276E-02   3.40411E-03   9.04761E-01   1.96874E-03   4.81381E-02   1.82920E+04  -1.92840E+04  -2.05425E+04  -6.74875E+04  -1.31360E+05
   4.27276E-02   3.40056E-03   9.03817E-01   1.96668E-03   4.80879E-02   1.85021E+04  -1.92211E+04  -2.05582E+04  -6.75436E+04  -1.31252E+05
   4.37276E-02   3.39701E-03   9.02873E-01   1.96463E-03   4.80377E-02   1.87093E+04  -1.91584E+04  -2.05740E+04  -6.75998E+04  -1.31144E+05
   4.47276E-02   3.39345E-03   9.01929E-01   1.96257E-03   4.79874E-02   1.89139E+04  -1.90961E+04  -2.05898E+04  -6.76562E+04  -1.31037E+05
   4.57276E-02   3.38990E-03   9.00985E-01   1.96052E-03   4.79372E-02   1.91160E+04  -1.90341E+04  -2.06058E+04  -6.77128E+04  -1.30929E+05
   4.67276E-02   3.38635E-03   9.00041E-01   1.95846E-03   4.78870E-02   1.93157E+04  -1.89725E+04  -2.06219E+04  -6.77695E+04  -1.30821E+05
   4.77276E-02   3.38280E-03   8.99096E-01   1.95641E-03   4.78367E-02   1.95131E+04  -1.89111E+04  -2.06382E+04  -6.78265E+04  -1.30713E+05
   4.87276E-02   3.37925E-03   8.98152E-01   1.95436E-03   4.77865E-02   1.97082E+04  -1.88501E+04  -2.06545E+04  -6.78836E+04  -1.30604E+05
   4.97276E-02   3.37569E-03   8.97208E-01   1.95230E-03   4.77363E-02   1.99013E+04  -1.87894E+04  -2.06709E+04  -6.79409E+04  -1.30496E+05
   5.07276E-02   3.37214E-03   8.96264E-01   1.95025E-03   4.76860E-02   2.00924E+04  -1.87290E+04  -2.06875E+04  -6.79984E+04  -1.30388E+05
   5.17276E-02   3.36859E-03   8.95320E-01   1.94819E-03   4.76358E-02   2.02816E+04  -1.86690E+04  -2.07042E+04  -6.80561E+04  -1.30280E+05
   5.27276E-02   3.36504E-03   8.94376E-01   1.94614E-03   4.75856E-02   2.04690E+04  -1.86093E+04  -2.07210E+04  -6.81140E+04  -1.30171E+05
   5.37276E-02   3.36148E-03   8.93431E-01   1.94408E-03   4.75353E-02   2.06546E+04  -1.85500E+04  -2.07379E+04  -6.81720E+04  -1.30063E+05
   5.47276E-02   3.35793E-03   8.92487E-01   1.94203E-03   4.74851E-02   2.08380E+04  -1.84910E+04  -2.07549E+04  -6.82297E+04  -1.29954E+05
   5.57276E-02   3.35438E-03   8.91543E-01   1.93997E-03   4.74349E-02   2.10201E+04  -1.84323E+04  -2.07721E+04  -6.82880E+04  -1.29846E+05
   5.67276E-02   3.35083E-03   8.90599E-01   1.93792E-03   4.73846E-02   2.12006E+04  -1.83740E+04  -2.07893E+04  -6.83464E+04  -1.29737E+05
   5.77276E-02   3.34727E-03   8.89655E-01   1.93587E-03   4.73344E-02   2.13797E+04  -1.83160E+04  -2.08067E+04  -6.84050E+04  -1.29628E+05
   5.87276E-02   3.34372E-03   8.88711E-01   1.93381E-03   4.72841E-02   2.15572E+04  -1.82584E+04  -2.08242E+04  -6.84637E+04  -1.29520E+05
   5.97276E-02   3.34017E-03   8.87767E-01   1.93176E-03   4.72339E-02   2.17333E+04  -1.82011E+04  -2.08418E+04  -6.85226E+04  -1.29411E+05
   6.07276E-02   3.33662E-03   8.86822E-01   1.92970E-03   4.71837E-02   2.19080E+04  -1.81442E+04  -2.08596E+04  -6.85815E+04  -1.29302E+05
   6.17276E-02   3.33306E-03   8.85878E-01   1.92765E-03   4.71334E-02   2.20815E+04  -1.80877E+04  -2.08774E+04  -6.86407E+04  -1.29193E+05
   6.27276E-02   3.32951E-03   8.84934E-01   1.92559E-03   4.70832E-02   2.22536E+04  -1.80315E+04  -2.08954E+04  -6.86999E+04  -1.29084E+05
   6.37276E-02   3.32596E-03   8.83990E-01   1.92354E-03   4.70330E-02   2.24244E+04  -1.79756E+04  -2.09135E+04  -6.87592E+04  -1.28975E+05
   6.47276E-02   3.32241E-03   8.83046E-01   1.92148E-03   4.69827E-02   2.25941E+04  -1.79201E+04  -2.09317E+04  -6.88187E+04  -1.28866E+05
   6.57276E-02   3.31886E-03   8.82102E-01   1.91943E-03   4.69325E-02   2.27626E+04  -1.78650E+04  -2.09501E+04  -6.88783E+04  -1.28756E+05
   6.67276E-02   3.31530E-03   8.81157E-01   1.91738E-03   4.68823E-02   2.29299E+04  -1.78103E+04  -2.09685E+04  -6.89379E+04  -1.28647E+05
   6.77276E-02   3.31175E-03   8.80213E-01   1.91532E-03   4.68320E-02   2.30961E+04  -1.77559E+04  -2.09871E+04  -6.89977E+04  -1.28538E+05
   6.87276E-02   3.30820E-03   8.79269E-01   1.91327E-03   4.67818E-02   2.32613E+04  -1.77019E+04  -2.10058E+04  -6.90575E+04  -1.28428E+05
   6.97276E-02   3.30465E-03   8.78325E-01   1.91121E-03   4.67316E-02   2.34254E+04  -1.76482E+04  -2.10246E+04  -6.91174E+04  -1.28319E+05
   7.07276E-02   3.30109E-03   8.77381E-01   1.90916E-03   4.66813E-02   2.35884E+04  -1.75949E+04  -2.10436E+04  -6.91774E+04  -1.28209E+05
   7.17276E-02   3.29754E-03   8.76437E-01   1.90710E-03   4.66311E-02   2.37505E+04  -1.75420E+04  -2.10626E+04  -6.92374E+04  -1.28100E+05
   7.27276E-02   3.29399E-03   8.75492E-01   1.90505E-03   4.65809E-02   2.39116E+04  -1.74895E+04  -2.10818E+04  -6.92975E+04  -1.27990E+05
   7.37276E-02   3.29044E-03   8.74548E-01   1.90299E-03   4.65306E-02   2.40717E+04  -1.74373E+04  -2.11011E+04  -6.93576E+04  -1.27880E+05
   7.47276E-02   3.28688E-03   8.73604E-01   1.90094E-03   4.64804E-02   2.42309E+04  -1.73855E+04  -2.11206E+04  -6.94178E+04  -1.27770E+05
   7.57276E-02   3.28333E-03   8.72660E-01   1.89889E-03   4.64302E-02   2.43892E+04  -1.73341E+04  -2.11401E+04  -6.94780E+04  -1.27661E+05
   7.67276E-02   3.27978E-03   8.71716E-01   1.89683E-03   4.63799E-02   2.45466E+04  -1.72831E+04  -2.11598E+04  -6.95382E+04  -1.27551E+05
   7.77276E-02   3.27623E-03   8.70772E-01   1.89478E-03   4.63297E-02   2.47032E+04  -1.72325E+04  -2.11796E+04  -6.95983E+04  -1.27440E+05
   7.87276E-02   3.27267E-03   8.69828E-01   1.89272E-03   4.62795E-02   2.48588E+04  -1.71822E+04  -2.11995E+04  -6.96585E+04  -1.27330E+05
   7.97276E-02   3.26912E-03   8.68883E-01   1.89067E-03   4.62292E-02   2.50137E+04  -1.71323E+04  -2.12195E+04  -6.97187E+04  -1.27220E+05
   8.07276E-02   3.26557E-03   8.67939E-01   1.88861E-03   4.61790E-02   2.51677E+04  -1.70828E+04  -2.12397E+04  -6.97788E+04  -1.27110E+05
   8.17276E-02   3.26202E-03   8.66995E-01   1.88656E-03   4.61288E-02   2.53208E+04  -1.70337E+04  -2.12599E+04  -6.98389E+04  -1.26999E+05
   8.27276E-02   3.25847E-03   8.66051E-01   1.88450E-03   4.60785E-02   2.54732E+04  -1.69849E+04  -2.12803E+04  -6.98990E+04  -1.26889E+05
   8.37276E-02   3.25491E-03   8.65107E-01   1.88245E-03   4.60283E-02   2.56248E+04  -1.69366E+04  -2.13008E+04  -6.99590E+04  -1.26778E+05
   8.47276E-02   3.25136E-03   8.64163E-01   1.88040E-03   4.59781E-02   2.57756E+04  -1.68886E+04  -2.13215E+04  -7.00189E+04  -1.26668E+05
   8.57276E-02   3.24781E-03   8.63218E-01   1.87834E-03   4.59278E-02   2.59257E+04  -1.68410E+04  -2.13422E+04  -7.00787E+04  -1.26557E+05
   8.67276E-02   3.24426E-03   8.62274E-01   1.87629E-03   4.58776E-02   2.60750E+04  -1.67938E+04  -2.13631E+04  -7.01385E+04  -1.26446E+05
   8.77276E-02   3.24070E-03   8.61330E-01   1.87423E-03   4.58274E-02   2.62236E+04  -1.67470E+04  -2.13841E+04  -7.01981E+04  -1.26335E+05
   8.87276E-02   3.23715E-03   8.60386E-01   1.87218E-03   4.57771E-02   2.63714E+04  -1.67006E+04  -2.14052E+04  -7.02576E+04  -1.26224E+05
   8.97276E-02   3.23360E-03   8.59442E-01   1.87012E-03   4.57269E-02   2.65185E+04  -1.66545E+04  -2.14264E+04  -7.03170E+04  -1.26113E+05
   9.07276E-02   3.23005E-03   8.58498E-01   1.86807E-03   4.56767E-02   2.66649E+04  -1.66088E+04  -2.14477E+04  -7.03762E+04  -1.26002E+05
   9.17276E-02   3.22649E-03   8.57553E-01   1.86601E-03   4.56264E-02   2.68106E+04  -1.65636E+04  -2.14692E+04  -7.04353E+04  -1.25890E+05
   9.27276E-02   3.22294E-03   8.56609E-01   1.86396E-03   4.55762E-02   2.69555E+04  -1.65187E+04  -2.14908E+04  -7.04943E+04  -1.25779E+05
   9.37276E-02   3.21939E-03   8.55665E-01   1.86190E-03   4.55259E-02   2.70998E+04  -1.64742E+04  -2.15125E+04  -7.05530E+04  -1.25667E+05
   9.47276E-02   3.21584E-03   8.54721E-01   1.85985E-03   4.54757E-02   2.72434E+04  -1.64301E+04  -2.15343E+04  -7.06115E+04  -1.25555E+05
   9.57276E-02   3.21229E-03   8.53777E-01   1.85780E-03   4.54255E-02   2.73863E+04  -1.63863E+04  -2.15562E+04  -7.06699E+04  -1.25444E+05
   9.67276E-02   3.20873E-03   8.52833E-01   1.85574E-03   4.53752E-02   2.75286E+04  -1.63430E+04  -2.15782E+04  -7.07280E+04  -1.25332E+05
   9.77276E-02   3.20518E-03   8.51888E-01   1.85369E-03   4.53250E-02   2.76701E+04  -1.63000E+04  -2.16004E+04  -7.07859E+04  -1.25219E+05
   9.87276E-02   3.20163E-03   8.50944E-01   1.85163E-03   4.52748E-02   2.78110E+04  -1.62574E+04  -2.16226E+04  -7.08435E+04  -1.25107E+05
   9.97276E-02   3.19808E-03   8.50000E-01   1.84958E-03   4.52245E-02   2.79513E+04  -1.62152E+04  -2.16450E+04  -7.09009E+04  -1.24995E+05
   1.00728E-01   3.19452E-03   8.49056E-01   1.84752E-03   4.51743E-02   2.80908E+04  -1.61734E+04  -2.16675E+04  -7.09580E+04  -1.24882E+05
   1.01728E-01   3.19097E-03   8.48112E-01   1.84547E-03   4.51241E-02   2.82298E+04  -1.61320E+04  -2.16901E+04  -7.10148E+04  -1.24770E+05
   1.02728E-01   3.18742E-03   8.47168E-01   1.84341E-03   4.50738E-02   2.83681E+04  -1.60910E+04  -2.17128E+04  -7.10713E+04  -1.24657E+05
   1.03728E-01   3.18387E-03   8.46224E-01   1.84136E-03   4.50236E-02   2.85057E+04  -1.60503E+04  -2.17356E+04  -7.11275E+04  -1.24544E+05
   1.04728E-01   3.18031E-03   8.45279E-01   1.83931E-03   4.49734E-02   2.86427E+04  -1.60100E+04  -2.17585E+04  -7.11834E+04  -1.24431E+05
   1.05728E-01   3.17676E-03   8.44335E-01   1.83725E-03   4.49231E-02   2.87791E+04  -1.59701E+04  -2.17816E+04  -7.12389E+04  -1.24318E+05
   1.06728E-01   3.17321E-03   8.43391E-01   1.83520E-03   4.48729E-02   2.89148E+04  -1.59306E+04  -2.18047E+04  -7.12941E+04  -1.24204E+05
   1.07728E-01   3.16966E-03   8.42447E-01   1.83314E-03   4.48227E-02   2.90499E+04  -1.58914E+04  -2.18280E+04  -7.13489E+04  -1.24091E+05
   1.08728E-01   3.16610E-03   8.41503E-01   1.83109E-03   4.47724E-02   2.91844E+04  -1.58526E+04  -2.18513E+04  -7.14033E+04  -1.23977E+05
   1.09728E-01   3.16255E-03   8.40559E-01   1.82903E-03   4.47222E-02   2.93183E+04  -1.58142E+04  -2.18748E+04  -7.14573E+04  -1.23863E+05
   1.10728E-01   3.15900E-03   8.39614E-01   1.82698E-03   4.46720E-02   2.94515E+04  -1.57762E+04  -2.18984E+04  -7.15109E+04  -1.23749E+05
   1.11728E-01   3.15545E-03   8.38670E-01   1.82492E-03   4.46217E-02   2.95841E+04  -1.57386E+04  -2.19221E+04  -7.15640E+04  -1.23635E+05
   1.12728E-01   3.15190E-03   8.37726E-01   1.82287E-03   4.45715E-02   2.97161E+04  -1.57013E+04  -2.19459E+04  -7.16167E+04  -1.23521E+05
   1.13728E-01   3.14834E-03   8.36782E-01   1.82082E-03   4.45213E-02   2.98475E+04  -1.56644E+04  -2.19698E+04  -7.16690E+04  -1.23406E+05
   1.14728E-01   3.14479E-03   8.35838E-01   1.81876E-03   4.44710E-02   2.99783E+04  -1.56278E+04  -2.19938E+04  -7.17208E+04  -1.23291E+05
   1.15728E-01   3.14124E-03   8.34894E-01   1.81671E-03   4.44208E-02   3.01085E+04  -1.55916E+04  -2.20179E+04  -7.17721E+04  -1.23176E+05
   1.16728E-01   3.13769E-03   8.33949E-01   1.81465E-03   4.43706E-02   3.02381E+04  -1.55558E+04  -2.20421E+04  -7.18229E+04  -1.23061E+05
   1.17728E-01   3.13413E-03   8.33005E-01   1.81260E-03   4.43203E-02   3.03671E+04  -1.55204E+04  -2.20664E+04  -7.18732E+04  -1.22945E+05
   1.18728E-01   3.13058E-03   8.32061E-01   1.81054E-03   4.42701E-02   3.04955E+04  -1.54853E+04  -2.20908E+04  -7.19230E+04  -1.22830E+05
   1.19728E-01   3.12703E-03   8.31117E-01   1.80849E-03   4.42199E-02   3.06232E+04  -1.54506E+04  -2.21153E+04  -7.19722E+04  -1.22714E+05
   1.20728E-01   3.12348E-03   8.30173E-01   1.80643E-03   4.41696E-02   3.07504E+04  -1.54162E+04  -2.21399E+04  -7.20208E+04  -1.22598E+05
   1.21728E-01   3.11992E-03   8.29229E-01   1.80438E-03   4.41194E-02   3.08770E+04  -1.53822E+04  -2.21646E+04  -7.20689E+04  -1.22482E+05
   1.22728E-01   3.11637E-03   8.28285E-01   1.80233E-03   4.40692E-02   3.10031E+04  -1.53486E+04  -2.21894E+04  -7.21164E+04  -1.22365E+05
   1.23728E-01   3.11282E-03   8.27340E-01   1.80027E-03   4.40189E-02   3.11285E+04  -1.53153E+04  -2.22143E+04  -7.21633E+04  -1.22248E+05
   1.24728E-01   3.10927E-03   8.26396E-01   1.79822E-03   4.39687E-02   3.12534E+04  -1.52823E+04  -2.22393E+04  -7.22095E+04  -1.22131E+05
   1.25728E-01   3.10571E-03   8.25452E-01   1.79616E-03   4.39185E-02   3.13776E+04  -1.52497E+04  -2.22644E+04  -7.22552E+04  -1.22014E+05
   1.26728E-01   3.10216E-03   8.24508E-01   1.79411E-03   4.38682E-02   3.15013E+04  -1.52175E+04  -2.22896E+04  -7.23002E+04  -1.21897E+05
   1.27728E-01   3.09861E-03   8.23564E-01   1.79205E-03   4.38180E-02   3.16244E+04  -1.51856E+04  -2.23149E+04  -7.23445E+04  -1.21779E+05
   1.28728E-01   3.09506E-03   8.22620E-01   1.79000E-03   4.37677E-02   3.17470E+04  -1.51541E+04  -2.23403E+04  -7.23881E+04  -1.21661E+05
   1.29728E-01   3.09151E-03   8.21675E-01   1.78794E-03   4.37175E-02   3.18690E+04  -1.51228E+04  -2.23658E+04  -7.24311E+04  -1.21542E+05
   1.30728E-01   3.08795E-03   8.20731E-01   1.78589E-03   4.36673E-02   3.19904E+04  -1.50920E+04  -2.23914E+04  -7.24733E+04  -1.21424E+05
   1.31728E-01   3.08440E-03   8.19787E-01   1.78384E-03   4.36170E-02   3.21112E+04  -1.50615E+04  -2.24171E+04  -7.25149E+04  -1.21305E+05
   1.32728E-01   3.08085E-03   8.18843E-01   1.78178E-03   4.35668E-02   3.22315E+04  -1.50313E+04  -2.24428E+04  -7.25556E+04  -1.21186E+05
   1.33728E-01   3.07730E-03   8.17899E-01   1.77973E-03   4.35166E-02   3.23512E+04  -1.50014E+04  -2.24687E+04  -7.25956E+04  -1.21066E+05
   1.34728E-01   3.07374E-03   8.16955E-01   1.77767E-03   4.34663E-02   3.24703E+04  -1.49719E+04  -2.24947E+04  -7.26349E+04  -1.20947E+05
   1.35728E-01   3.07019E-03   8.16010E-01   1.77562E-03   4.34161E-02   3.25889E+04  -1.49427E+04  -2.25207E+04  -7.26734E+04  -1.20827E+05
   1.36728E-01   3.06664E-03   8.15066E-01   1.77356E-03   4.33659E-02   3.27070E+04  -1.49138E+04  -2.25469E+04  -7.27110E+04  -1.20706E+05
   1.37728E-01   3.06309E-03   8.14122E-01   1.77151E-03   4.33156E-02   3.28245E+04  -1.48853E+04  -2.25731E+04  -7.27478E+04  -1.20586E+05
   1.38728E-01   3.05953E-03   8.13178E-01   1.76945E-03   4.32654E-02   3.29414E+04  -1.48570E+04  -2.25994E+04  -7.27838E+04  -1.20465E+05
   1.39728E-01   3.05598E-03   8.12234E-01   1.76740E-03   4.32152E-02   3.30578E+04  -1.48291E+04  -2.26259E+04  -7.28189E+04  -1.20343E+05
   1.40728E-01   3.05243E-03   8.11290E-01   1.76535E-03   4.31649E-02   3.31736E+04  -1.48015E+04  -2.26524E+04  -7.28532E+04  -1.20222E+05
   1.41728E-01   3.04888E-03   8.10346E-01   1.76329E-03   4.31147E-02   3.32888E+04  -1.47742E+04  -2.26790E+04  -7.28865E+04  -1.20100E+05
   1.42728E-01   3.04533E-03   8.09401E-01   1.76124E-03   4.30645E-02   3.34036E+04  -1.47473E+04  -2.27057E+04  -7.29189E+04  -1.19977E+05
   1.43728E-01   3.04177E-03   8.08457E-01   1.75918E-03   4.30142E-02   3.35177E+04  -1.47206E+04  -2.27324E+04  -7.29504E+04  -1.19855E+05
   1.44728E-01   3.03822E-03   8.07513E-01   1.75713E-03   4.29640E-02   3.36313E+04  -1.46942E+04  -2.27593E+04  -7.29809E+04  -1.19732E+05
   1.45728E-01   3.03467E-03   8.06569E-01   1.75507E-03   4.29138E-02   3.37444E+04  -1.46681E+04  -2.27862E+04  -7.30104E+04  -1.19608E+05
   1.46728E-01   3.03112E-03   8.05625E-01   1.75302E-03   4.28635E-02   3.38569E+04  -1.46424E+04  -2.28133E+04  -7.30389E+04  -1.19484E+05
   1.47728E-01   3.02756E-03   8.04681E-01   1.75096E-03   4.28133E-02   3.39688E+04  -1.46169E+04  -2.28404E+04  -7.30664E+04  -1.19360E+05
   1.48728E-01   3.02401E-03   8.03736E-01   1.74891E-03   4.27631E-02   3.40802E+04  -1.45916E+04  -2.28676E+04  -7.30927E+04  -1.19235E+05
   1.49728E-01   3.02046E-03   8.02792E-01   1.74685E-03   4.27128E-02   3.41910E+04  -1.45667E+04  -2.28949E+04  -7.31180E+04  -1.19110E+05
   1.50728E-01   3.01691E-03   8.01848E-01   1.74480E-03   4.26626E-02   3.43013E+04  -1.45420E+04  -2.29222E+04  -7.31422E+04  -1.18985E+05
   1.51728E-01   3.01335E-03   8.00904E-01   1.74275E-03   4.26124E-02   3.44109E+04  -1.45176E+04  -2.29496E+04  -7.31651E+04  -1.18859E+05
   1.52728E-01   3.00980E-03   7.99960E-01   1.74069E-03   4.25621E-02   3.45200E+04  -1.44934E+04  -2.29772E+04  -7.31869E+04  -1.18733E+05
   1.53728E-01   3.00625E-03   7.99016E-01   1.73864E-03   4.25119E-02   3.46284E+04  -1.44695E+04  -2.30047E+04  -7.32074E+04  -1.18606E+05
   1.54728E-01   3.00270E-03   7.98071E-01   1.73658E-03   4.24617E-02   3.47363E+04  -1.44458E+04  -2.30324E+04  -7.32266E+04  -1.18479E+05
   1.55728E-01   2.99914E-03   7.97127E-01   1.73453E-03   4.24114E-02   3.48435E+04  -1.44223E+04  -2.30601E+04  -7.32445E+04  -1.18351E+05
   1.56728E-01   2.99559E-03   7.96183E-01   1.73247E-03   4.23612E-02   3.49501E+04  -1.43991E+04  -2.30879E+04  -7.32610E+04  -1.18222E+05
   1.57728E-01   2.99204E-03   7.95239E-01   1.73042E-03   4.23110E-02   3.50560E+04  -1.43760E+04  -2.31157E+04  -7.32760E+04  -1.18094E+05
   1.58728E-01   2.98849E-03   7.94295E-01   1.72836E-03   4.22607E-02   3.51612E+04  -1.43531E+04  -2.31436E+04  -7.32895E+04  -1.17964E+05
   1.59728E-01   2.98494E-03   7.93351E-01   1.72631E-03   4.22105E-02   3.52658E+04  -1.43304E+04  -2.31715E+04  -7.33014E+04  -1.17834E+05
   1.60728E-01   2.98138E-03   7.92406E-01   1.72426E-03   4.21603E-02   3.53696E+04  -1.43079E+04  -2.31995E+04  -7.33117E+04  -1.17704E+05
   1.61728E-01   2.97783E-03   7.91462E-01   1.72220E-03   4.21100E-02   3.54726E+04  -1.42854E+04  -2.32275E+04  -7.33202E+04  -1.17573E+05
   1.62728E-01   2.97428E-03   7.90518E-01   1.72015E-03   4.20598E-02   3.55749E+04  -1.42631E+04  -2.32556E+04  -7.33269E+04  -1.17441E+05
   1.63728E-01   2.97073E-03   7.89574E-01   1.71809E-03   4.20095E-02   3.56763E+04  -1.42409E+04  -2.32837E+04  -7.33317E+04  -1.17309E+05
   1.64728E-01   2.96717E-03   7.88630E-01   1.71604E-03   4.19593E-02   3.57769E+04  -1.42187E+04  -2.33117E+04  -7.33344E+04  -1.17176E+05
   1.65728E-01   2.96362E-03   7.87686E-01   1.71398E-03   4.19091E-02   3.58765E+04  -1.41966E+04  -2.33398E+04  -7.33349E+04  -1.17042E+05
   1.66728E-01   2.96007E-03   7.86742E-01   1.71193E-03   4.18588E-02   3.59751E+04  -1.41745E+04  -2.33679E+04  -7.33332E+04  -1.16908E+05
   1.67728E-01   2.95652E-03   7.85797E-01   1.70987E-03   4.18086E-02   3.60727E+04  -1.41523E+04  -2.33959E+04  -7.33290E+04  -1.16772E+05
   1.68728E-01   2.95296E-03   7.84853E-01   1.70782E-03   4.17584E-02   3.61691E+04  -1.41300E+04  -2.34239E+04  -7.33221E+04  -1.16636E+05
   1.69728E-01   2.94941E-03   7.83909E-01   1.70577E-03   4.17081E-02   3.62644E+04  -1.41076E+04  -2.34519E+04  -7.33125E+04  -1.16499E+05
   1.70728E-01   2.94586E-03   7.82965E-01   1.70371E-03   4.16579E-02   3.63583E+04  -1.40851E+04  -2.34798E+04  -7.32999E+04  -1.16361E+05
   1.71728E-01   2.94231E-03   7.82021E-01   1.70166E-03   4.16077E-02   3.64509E+04  -1.40623E+04  -2.35075E+04  -7.32840E+04  -1.16222E+05
   1.72728E-01   2.93875E-03   7.81077E-01   1.69960E-03   4.15574E-02   3.65420E+04  -1.40391E+04  -2.35352E+04  -7.32646E+04  -1.16082E+05
   1.73728E-01   2.93520E-03   7.80132E-01   1.69755E-03   4.15072E-02   3.66314E+04  -1.40157E+04  -2.35627E+04  -7.32415E+04  -1.15941E+05
   1.74728E-01   2.93165E-03   7.79188E-01   1.69549E-03   4.14570E-02   3.67191E+04  -1.39917E+04  -2.35900E+04  -7.32144E+04  -1.15798E+05
   1.75728E-01   2.92810E-03   7.78244E-01   1.69344E-03   4.14067E-02   3.68049E+04  -1.39672E+04  -2.36171E+04  -7.31828E+04  -1.15654E+05
   1.76728E-01   2.92455E-03   7.77300E-01   1.69138E-03   4.13565E-02   3.68885E+04  -1.39421E+04  -2.36440E+04  -7.31464E+04  -1.15509E+05
   1.77728E-01   2.92099E-03   7.76356E-01   1.68933E-03   4.13063E-02   3.69699E+04  -1.39162E+04  -2.36705E+04  -7.31047E+04  -1.15362E+05
   1.78728E-01   2.91744E-03   7.75412E-01   1.68728E-03   4.12560E-02   3.70488E+04  -1.38894E+04  -2.36968E+04  -7.30574E+04  -1.15214E+05
   1.79728E-01   2.91389E-03   7.74467E-01   1.68522E-03   4.12058E-02   3.70306E+04  -1.38196E+04  -2.37035E+04  -7.28339E+04  -1.15022E+05
   1.80728E-01   2.91034E-03   7.73523E-01   1.68317E-03   4.11556E-02   3.70018E+04  -1.37444E+04  -2.37081E+04  -7.25881E+04  -1.14824E+05
   1.81728E-01   2.90678E-03   7.72579E-01   1.68111E-03   4.11053E-02   3.69856E+04  -1.36742E+04  -2.37154E+04  -7.23620E+04  -1.14631E+05
   1.82728E-01   2.90323E-03   7.71635E-01   1.67906E-03   4.10551E-02   3.69812E+04  -1.36088E+04  -2.37252E+04  -7.21542E+04  -1.14441E+05
   1.83728E-01   2.89968E-03   7.70691E-01   1.67700E-03   4.10049E-02   3.69877E+04  -1.35479E+04  -2.37373E+04  -7.19634E+04  -1.14254E+05
   1.84728E-01   2.89613E-03   7.69747E-01   1.67495E-03   4.09546E-02   3.70044E+04  -1.34912E+04  -2.37516E+04  -7.17886E+04  -1.14072E+05
   1.85728E-01   2.89257E-03   7.68803E-01   1.67289E-03   4.09044E-02   3.70306E+04  -1.34386E+04  -2.37680E+04  -7.16287E+04  -1.13892E+05
   1.86728E-01   2.88902E-03   7.67858E-01   1.67084E-03   4.08542E-02   3.70658E+04  -1.33899E+04  -2.37864E+04  -7.14828E+04  -1.13715E+05
   1.87728E-01   2.88547E-03   7.66914E-01   1.66879E-03   4.08039E-02   3.71093E+04  -1.33450E+04  -2.38068E+04  -7.13501E+04  -1.13541E+05
   1.88728E-01   2.88192E-03   7.65970E-01   1.66673E-03   4.07537E-02   3.71607E+04  -1.33037E+04  -2.38289E+04  -7.12298E+04  -1.13370E+05
   1.89728E-01   2.87836E-03   7.65026E-01   1.66468E-03   4.07035E-02   3.72194E+04  -1.32658E+04  -2.38528E+04  -7.11212E+04  -1.13201E+05
   1.90728E-01   2.87481E-03   7.64082E-01   1.66262E-03   4.06532E-02   3.72851E+04  -1.32313E+04  -2.38783E+04  -7.10237E+04  -1.13035E+05
   1.91728E-01   2.87126E-03   7.63138E-01   1.66057E-03   4.06030E-02   3.73573E+04  -1.32000E+04  -2.39054E+04  -7.09365E+04  -1.12871E+05
   1.92728E-01   2.86771E-03   7.62193E-01   1.65851E-03   4.05528E-02   3.74357E+04  -1.31718E+04  -2.39341E+04  -7.08592E+04  -1.12709E+05
   1.93728E-01   2.86416E-03   7.61249E-01   1.65646E-03   4.05025E-02   3.75200E+04  -1.31466E+04  -2.39642E+04  -7.07912E+04  -1.12549E+05
   1.94728E-01   2.86060E-03   7.60305E-01   1.65440E-03   4.04523E-02   3.76098E+04  -1.31243E+04  -2.39957E+04  -7.07321E+04  -1.12391E+05
   1.95728E-01   2.85705E-03   7.59361E-01   1.65235E-03   4.04021E-02   3.77047E+04  -1.31049E+04  -2.40286E+04  -7.06814E+04  -1.12235E+05
   1.96728E-01   2.85350E-03   7.58417E-01   1.65030E-03   4.03518E-02   3.78047E+04  -1.30883E+04  -2.40628E+04  -7.06387E+04  -1.12081E+05
   1.97728E-01   2.84995E-03   7.57473E-01   1.64824E-03   4.03016E-02   3.79093E+04  -1.30743E+04  -2.40983E+04  -7.06036E+04  -1.11929E+05
   1.98728E-01   2.84639E-03   7.56528E-01   1.64619E-03   4.02513E-02   3.80184E+04  -1.30630E+04  -2.41350E+04  -7.05758E+04  -1.11778E+05
   1.99728E-01   2.84284E-03   7.55584E-01   1.64413E-03   4.02011E-02   3.81317E+04  -1.30542E+04  -2.41728E+04  -7.05549E+04  -1.11629E+05
   2.00728E-01   2.83929E-03   7.54640E-01   1.64208E-03   4.01509E-02   3.82491E+04  -1.30480E+04  -2.42118E+04  -7.05406E+04  -1.11482E+05
   2.01728E-01   2.83574E-03   7.53696E-01   1.64002E-03   4.01006E-02   3.83703E+04  -1.30442E+04  -2.42520E+04  -7.05327E+04  -1.11336E+05
   2.02728E-01   2.83218E-03   7.52752E-01   1.63797E-03   4.00504E-02   3.84952E+04  -1.30428E+04  -2.42932E+04  -7.05307E+04  -1.11191E+05
   2.03728E-01   2.82863E-03   7.51808E-01   1.63591E-03   4.00002E-02   3.86235E+04  -1.30439E+04  -2.43355E+04  -7.05346E+04  -1.11048E+05
   2.04728E-01   2.82508E-03   7.50863E-01   1.63386E-03   3.99499E-02   3.87552E+04  -1.30472E+04  -2.43788E+04  -7.05440E+04  -1.10906E+05
   2.05728E-01   2.82153E-03   7.49919E-01   1.63180E-03   3.98997E-02   3.88901E+04  -1.30528E+04  -2.44231E+04  -7.05587E+04  -1.10766E+05
   2.06728E-01   2.81798E-03   7.48975E-01   1.62975E-03   3.98495E-02   3.90280E+04  -1.30607E+04  -2.44684E+04  -7.05786E+04  -1.10627E+05
   2.07728E-01   2.81442E-03   7.48031E-01   1.62770E-03   3.97992E-02   3.91689E+04  -1.30709E+04  -2.45146E+04  -7.06034E+04  -1.10489E+05
   2.08728E-01   2.81087E-03   7.47087E-01   1.62564E-03   3.97490E-02   3.93125E+04  -1.30832E+04  -2.45618E+04  -7.06329E+04  -1.10352E+05
   2.09728E-01   2.80732E-03   7.46143E-01   1.62359E-03   3.96988E-02   3.94588E+04  -1.30977E+04  -2.46099E+04  -7.06670E+04  -1.10216E+05
   2.10728E-01   2.80377E-03   7.45199E-01   1.62153E-03   3.96485E-02   3.96077E+04  -1.31143E+04  -2.46589E+04  -7.07054E+04  -1.10082E+05
   2.11728E-01   2.80021E-03   7.44254E-01   1.61948E-03   3.95983E-02   3.97590E+04  -1.31330E+04  -2.47087E+04  -7.07481E+04  -1.09948E+05
   2.12728E-01   2.79666E-03   7.43310E-01   1.61742E-03   3.95481E-02   3.99127E+04  -1.31539E+04  -2.47595E+04  -7.07949E+04  -1.09816E+05
   2.13728E-01   2.79311E-03   7.42366E-01   1.61537E-03   3.94978E-02   4.00687E+04  -1.31768E+04  -2.48110E+04  -7.08456E+04  -1.09685E+05
   2.14728E-01   2.78956E-03   7.41422E-01   1.61331E-03   3.94476E-02   4.02268E+04  -1.32017E+04  -2.48634E+04  -7.09002E+04  -1.09554E+05
   2.15728E-01   2.78600E-03   7.40478E-01   1.61126E-03   3.93974E-02   4.03871E+04  -1.32287E+04  -2.49166E+04  -7.09584E+04  -1.09425E+05
   2.16728E-01   2.78245E-03   7.39534E-01   1.60921E-03   3.93471E-02   4.05493E+04  -1.32578E+04  -2.49706E+04  -7.10202E+04  -1.09297E+05
   2.17728E-01   2.77890E-03   7.38589E-01   1.60715E-03   3.92969E-02   4.07136E+04  -1.32888E+04  -2.50254E+04  -7.10854E+04  -1.09170E+05
   2.18728E-01   2.77535E-03   7.37645E-01   1.60510E-03   3.92467E-02   4.08797E+04  -1.33218E+04  -2.50809E+04  -7.11541E+04  -1.09043E+05
   2.19728E-01   2.77179E-03   7.36701E-01   1.60304E-03   3.91964E-02   4.10476E+04  -1.33569E+04  -2.51373E+04  -7.12259E+04  -1.08918E+05
   2.20728E-01   2.76824E-03   7.35757E-01   1.60099E-03   3.91462E-02   4.12172E+04  -1.33938E+04  -2.51943E+04  -7.13009E+04  -1.08793E+05
   2.21728E-01   2.76469E-03   7.34813E-01   1.59893E-03   3.90960E-02   4.13886E+04  -1.34328E+04  -2.52522E+04  -7.13790E+04  -1.08669E+05
   2.22728E-01   2.76114E-03   7.33869E-01   1.59688E-03   3.90457E-02   4.15616E+04  -1.34737E+04  -2.53107E+04  -7.14601E+04  -1.08546E+05
   2.23728E-01   2.75759E-03   7.32924E-01   1.59482E-03   3.89955E-02   4.17361E+04  -1.35165E+04  -2.53700E+04  -7.15441E+04  -1.08425E+05
   2.24728E-01   2.75403E-03   7.31980E-01   1.59277E-03   3.89453E-02   4.19122E+04  -1.35613E+04  -2.54300E+04  -7.16308E+04  -1.08303E+05
   2.25728E-01   2.75048E-03   7.31036E-01   1.59072E-03   3.88950E-02   4.20898E+04  -1.36080E+04  -2.54907E+04  -7.17204E+04  -1.08183E+05
   2.26728E-01   2.74693E-03   7.30092E-01   1.58866E-03   3.88448E-02   4.22688E+04  -1.36566E+04  -2.55521E+04  -7.18126E+04  -1.08064E+05
   2.27728E-01   2.74338E-03   7.29148E-01   1.58661E-03   3.87946E-02   4.24491E+04  -1.37072E+04  -2.56142E+04  -7.19074E+04  -1.07945E+05
   2.28728E-01   2.73982E-03   7.28204E-01   1.58455E-03   3.87443E-02   4.26308E+04  -1.37596E+04  -2.56770E+04  -7.20047E+04  -1.07827E+05
   2.29728E-01   2.73627E-03   7.27260E-01   1.58250E-03   3.86941E-02   4.28138E+04  -1.38140E+04  -2.57404E+04  -7.21045E+04  -1.07710E+05
   2.30728E-01   2.73272E-03   7.26315E-01   1.58044E-03   3.86439E-02   4.29981E+04  -1.38702E+04  -2.58045E+04  -7.22067E+04  -1.07593E+05
   2.31728E-01   2.72917E-03   7.25371E-01   1.57839E-03   3.85936E-02   4.31836E+04  -1.39284E+04  -2.58693E+04  -7.23113E+04  -1.07478E+05
   2.32728E-01   2.72561E-03   7.24427E-01   1.57633E-03   3.85434E-02   4.33703E+04  -1.39885E+04  -2.59348E+04  -7.24183E+04  -1.07363E+05
   2.33728E-01   2.72206E-03   7.23483E-01   1.57428E-03   3.84931E-02   4.35581E+04  -1.40504E+04  -2.60009E+04  -7.25274E+04  -1.07249E+05
   2.34728E-01   2.71851E-03   7.22539E-01   1.57223E-03   3.84429E-02   4.37470E+04  -1.41143E+04  -2.60677E+04  -7.26388E+04  -1.07135E+05
   2.35728E-01   2.71496E-03   7.21595E-01   1.57017E-03   3.83927E-02   4.39371E+04  -1.41801E+04  -2.61351E+04  -7.27524E+04  -1.07023E+05
   2.36728E-01   2.71140E-03   7.20650E-01   1.56812E-03   3.83424E-02   4.41282E+04  -1.42477E+04  -2.62031E+04  -7.28680E+04  -1.06911E+05
   2.37728E-01   2.70785E-03   7.19706E-01   1.56606E-03   3.82922E-02   4.43203E+04  -1.43173E+04  -2.62718E+04  -7.29857E+04  -1.06800E+05
   2.38728E-01   2.70430E-03   7.18762E-01   1.56401E-03   3.82420E-02   4.45134E+04  -1.43887E+04  -2.63411E+04  -7.31055E+04  -1.06689E+05
   2.39728E-01   2.70075E-03   7.17818E-01   1.56195E-03   3.81917E-02   4.47075E+04  -1.44621E+04  -2.64111E+04  -7.32273E+04  -1.06579E+05
   2.40728E-01   2.69720E-03   7.16874E-01   1.55990E-03   3.81415E-02   4.49025E+04  -1.45373E+04  -2.64816E+04  -7.33510E+04  -1.06470E+05
   2.41728E-01   2.69364E-03   7.15930E-01   1.55784E-03   3.80913E-02   4.50985E+04  -1.46145E+04  -2.65528E+04  -7.34766E+04  -1.06362E+05
   2.42728E-01   2.69009E-03   7.14985E-01   1.55579E-03   3.80410E-02   4.52954E+04  -1.46935E+04  -2.66246E+04  -7.36042E+04  -1.06254E+05
   2.43728E-01   2.68654E-03   7.14041E-01   1.55374E-03   3.79908E-02   4.54932E+04  -1.47745E+04  -2.66971E+04  -7.37336E+04  -1.06147E+05
   2.44728E-01   2.68299E-03   7.13097E-01   1.55168E-03   3.79406E-02   4.56918E+04  -1.48574E+04  -2.67701E+04  -7.38648E+04  -1.06040E+05
   2.45728E-01   2.67943E-03   7.12153E-01   1.54963E-03   3.78903E-02   4.58912E+04  -1.49422E+04  -2.68438E+04  -7.39978E+04  -1.05935E+05
   2.46728E-01   2.67588E-03   7.11209E-01   1.54757E-03   3.78401E-02   4.60915E+04  -1.50289E+04  -2.69180E+04  -7.41325E+04  -1.05830E+05
   2.47728E-01   2.67233E-03   7.10265E-01   1.54552E-03   3.77899E-02   4.62926E+04  -1.51175E+04  -2.69929E+04  -7.42690E+04  -1.05725E+05
   2.48728E-01   2.66878E-03   7.09320E-01   1.54346E-03   3.77396E-02   4.64944E+04  -1.52081E+04  -2.70684E+04  -7.44072E+04  -1.05621E+05
   2.49728E-01   2.66522E-03   7.08376E-01   1.54141E-03   3.76894E-02   4.66971E+04  -1.53006E+04  -2.71444E+04  -7.45471E+04  -1.05518E+05
   2.50728E-01   2.66167E-03   7.07432E-01   1.53935E-03   3.76392E-02   4.69004E+04  -1.53950E+04  -2.72211E+04  -7.46886E+04  -1.05416E+05
   2.51728E-01   2.65812E-03   7.06488E-01   1.53730E-03   3.75889E-02   4.71045E+04  -1.54914E+04  -2.72984E+04  -7.48318E+04  -1.05314E+05
   2.52728E-01   2.65457E-03   7.05544E-01   1.53525E-03   3.75387E-02   4.73094E+04  -1.55897E+04  -2.73763E+04  -7.49766E+04  -1.05213E+05
   2.53728E-01   2.65102E-03   7.04600E-01   1.53319E-03   3.74885E-02   4.75149E+04  -1.56899E+04  -2.74547E+04  -7.51230E+04  -1.05112E+05
   2.54728E-01   2.64746E-03   7.03656E-01   1.53114E-03   3.74382E-02   4.77211E+04  -1.57922E+04  -2.75338E+04  -7.52709E+04  -1.05012E+05
   2.55728E-01   2.64391E-03   7.02711E-01   1.52908E-03   3.73880E-02   4.79280E+04  -1.58964E+04  -2.76134E+04  -7.54204E+04  -1.04913E+05
   2.56728E-01   2.64036E-03   7.01767E-01   1.52703E-03   3.73378E-02   4.81355E+04  -1.60025E+04  -2.76937E+04  -7.55714E+04  -1.04815E+05
   2.57728E-01   2.63681E-03   7.00823E-01   1.52497E-03   3.72875E-02   4.83437E+04  -1.61107E+04  -2.77745E+04  -7.57240E+04  -1.04717E+05
   2.58728E-01   2.63325E-03   6.99879E-01   1.52292E-03   3.72373E-02   4.85525E+04  -1.62208E+04  -2.78559E+04  -7.58780E+04  -1.04619E+05
   2.59728E-01   2.62970E-03   6.98935E-01   1.52086E-03   3.71871E-02   4.87620E+04  -1.63329E+04  -2.79380E+04  -7.60335E+04  -1.04523E+05
   2.60728E-01   2.62615E-03   6.97991E-01   1.51881E-03   3.71368E-02   4.89720E+04  -1.64470E+04  -2.80206E+04  -7.61904E+04  -1.04427E+05
   2.61728E-01   2.62260E-03   6.97046E-01   1.51675E-03   3.70866E-02   4.91827E+04  -1.65631E+04  -2.81037E+04  -7.63488E+04  -1.04331E+05
   2.62728E-01   2.61904E-03   6.96102E-01   1.51470E-03   3.70364E-02   4.93939E+04  -1.66813E+04  -2.81875E+04  -7.65087E+04  -1.04236E+05
   2.63728E-01   2.61549E-03   6.95158E-01   1.51265E-03   3.69861E-02   4.96058E+04  -1.68014E+04  -2.82719E+04  -7.66699E+04  -1.04142E+05
   2.64728E-01   2.61194E-03   6.94214E-01   1.51059E-03   3.69359E-02   4.98181E+04  -1.69236E+04  -2.83568E+04  -7.68325E+04  -1.04049E+05
   2.65728E-01   2.60839E-03   6.93270E-01   1.50854E-03   3.68857E-02   5.00311E+04  -1.70478E+04  -2.84424E+04  -7.69965E+04  -1.03956E+05
   2.66728E-01   2.60483E-03   6.92326E-01   1.50648E-03   3.68354E-02   5.02446E+04  -1.71741E+04  -2.85285E+04  -7.71619E+04  -1.03864E+05
   2.67728E-01   2.60128E-03   6.91381E-01   1.50443E-03   3.67852E-02   5.04586E+04  -1.73024E+04  -2.86152E+04  -7.73287E+04  -1.03772E+05
   2.68728E-01   2.59773E-03   6.90437E-01   1.50237E-03   3.67349E-02   5.06732E+04  -1.74328E+04  -2.87025E+04  -7.74968E+04  -1.03681E+05
   2.69728E-01   2.59418E-03   6.89493E-01   1.50032E-03   3.66847E-02   5.08883E+04  -1.75653E+04  -2.87903E+04  -7.76662E+04  -1.03590E+05
   2.70728E-01   2.59063E-03   6.88549E-01   1.49826E-03   3.66345E-02   5.11039E+04  -1.76998E+04  -2.88788E+04  -7.78370E+04  -1.03501E+05
   2.71728E-01   2.58707E-03   6.87605E-01   1.49621E-03   3.65842E-02   5.13200E+04  -1.78365E+04  -2.89678E+04  -7.80091E+04  -1.03412E+05
   2.72728E-01   2.58352E-03   6.86661E-01   1.49416E-03   3.65340E-02   5.15366E+04  -1.79752E+04  -2.90575E+04  -7.81824E+04  -1.03323E+05
   2.73728E-01   2.57997E-03   6.85717E-01   1.49210E-03   3.64838E-02   5.17537E+04  -1.81161E+04  -2.91477E+04  -7.83571E+04  -1.03235E+05
   2.74728E-01   2.57642E-03   6.84772E-01   1.49005E-03   3.64335E-02   5.19713E+04  -1.82591E+04  -2.92385E+04  -7.85331E+04  -1.03148E+05
   2.75728E-01   2.57286E-03   6.83828E-01   1.48799E-03   3.63833E-02   5.21894E+04  -1.84042E+04  -2.93299E+04  -7.87103E+04  -1.03061E+05
   2.76728E-01   2.56931E-03   6.82884E-01   1.48594E-03   3.63331E-02   5.24079E+04  -1.85514E+04  -2.94218E+04  -7.88888E+04  -1.02975E+05
   2.77728E-01   2.56576E-03   6.81940E-01   1.48388E-03   3.62828E-02   5.26269E+04  -1.87008E+04  -2.95144E+04  -7.90686E+04  -1.02890E+05
   2.78728E-01   2.56221E-03   6.80996E-01   1.48183E-03   3.62326E-02   5.28464E+04  -1.88524E+04  -2.96075E+04  -7.92496E+04  -1.02805E+05
   2.79728E-01   2.55865E-03   6.80052E-01   1.47977E-03   3.61824E-02   5.30663E+04  -1.90061E+04  -2.97013E+04  -7.94319E+04  -1.02721E+05
   2.80728E-01   2.55510E-03   6.79107E-01   1.47772E-03   3.61321E-02   5.32867E+04  -1.91620E+04  -2.97956E+04  -7.96153E+04  -1.02637E+05
   2.81728E-01   2.55155E-03   6.78163E-01   1.47567E-03   3.60819E-02   5.35075E+04  -1.93201E+04  -2.98905E+04  -7.98001E+04  -1.02554E+05
   2.82728E-01   2.54800E-03   6.77219E-01   1.47361E-03   3.60317E-02   5.37287E+04  -1.94805E+04  -2.99860E+04  -7.99860E+04  -1.02472E+05
   2.83728E-01   2.54444E-03   6.76275E-01   1.47156E-03   3.59814E-02   5.39504E+04  -1.96430E+04  -3.00821E+04  -8.01732E+04  -1.02390E+05
   2.84728E-01   2.54089E-03   6.75331E-01   1.46950E-03   3.59312E-02   5.41724E+04  -1.98078E+04  -3.01788E+04  -8.03615E+04  -1.02309E+05
   2.85728E-01   2.53734E-03   6.74387E-01   1.46745E-03   3.58810E-02   5.43950E+04  -1.99748E+04  -3.02761E+04  -8.05511E+04  -1.02229E+05
   2.86728E-01   2.53379E-03   6.73442E-01   1.46539E-03   3.58307E-02   5.46179E+04  -2.01441E+04  -3.03739E+04  -8.07419E+04  -1.02149E+05
   2.87728E-01   2.53024E-03   6.72498E-01   1.46334E-03   3.57805E-02   5.48412E+04  -2.03156E+04  -3.04724E+04  -8.09338E+04  -1.02070E+05
   2.88728E-01   2.52668E-03   6.71554E-01   1.46128E-03   3.57303E-02   5.50649E+04  -2.04894E+04  -3.05715E+04  -8.11269E+04  -1.01992E+05
   2.89728E-01   2.52313E-03   6.70610E-01   1.45923E-03   3.56800E-02   5.52891E+04  -2.06655E+04  -3.06711E+04  -8.13213E+04  -1.01914E+05
   2.90728E-01   2.51958E-03   6.69666E-01   1.45718E-03   3.56298E-02   5.55136E+04  -2.08439E+04  -3.07714E+04  -8.15168E+04  -1.01837E+05
   2.91728E-01   2.51603E-03   6.68722E-01   1.45512E-03   3.55796E-02   5.57385E+04  -2.10246E+04  -3.08722E+04  -8.17134E+04  -1.01760E+05
   2.92728E-01   2.51247E-03   6.67778E-01   1.45307E-03   3.55293E-02   5.59639E+04  -2.12076E+04  -3.09737E+04  -8.19113E+04  -1.01684E+05
   2.93728E-01   2.50892E-03   6.66833E-01   1.45101E-03   3.54791E-02   5.61895E+04  -2.13930E+04  -3.10757E+04  -8.21103E+04  -1.01609E+05
   2.94728E-01   2.50537E-03   6.65889E-01   1.44896E-03   3.54289E-02   5.64156E+04  -2.15807E+04  -3.11784E+04  -8.23104E+04  -1.01534E+05
   2.95728E-01   2.50182E-03   6.64945E-01   1.44690E-03   3.53786E-02   5.66421E+04  -2.17707E+04  -3.12816E+04  -8.25117E+04  -1.01461E+05
   2.96728E-01   2.49826E-03   6.64001E-01   1.44485E-03   3.53284E-02   5.68689E+04  -2.19632E+04  -3.13855E+04  -8.27142E+04  -1.01387E+05
   2.97728E-01   2.49471E-03   6.63057E-01   1.44279E-03   3.52782E-02   5.70961E+04  -2.21581E+04  -3.14899E+04  -8.29178E+04  -1.01315E+05
   2.98728E-01   2.49116E-03   6.62113E-01   1.44074E-03   3.52279E-02   5.73236E+04  -2.23553E+04  -3.15950E+04  -8.31225E+04  -1.01243E+05
   2.99728E-01   2.48761E-03   6.61168E-01   1.43869E-03   3.51777E-02   5.75515E+04  -2.25550E+04  -3.17007E+04  -8.33284E+04  -1.01171E+05
   2.99990E-01   2.48668E-03   6.60921E-01   1.43815E-03   3.51645E-02   5.76114E+04  -2.26078E+04  -3.17285E+04  -8.33826E+04  -1.01153E+05

 Phase Region for:
     FCC_A1#1                      
 col-1=X(C), col-2=X(CU), col-3=X(FE), col-4=X(MN), col-5=X(SI), col-6=MU(C), col-7=MU(CU), col-8=MU(FE), col-9=MU(MN), col-10=MU(SI),
   9.72763E-03   3.51779E-03   9.34974E-01   2.03448E-03   4.97456E-02   7.89610E+03  -2.14516E+04  -2.00970E+04  -6.57850E+04  -1.34773E+05
   8.72763E-03   3.52134E-03   9.35919E-01   2.03653E-03   4.97959E-02   7.23453E+03  -2.15238E+04  -2.00847E+04  -6.57345E+04  -1.34878E+05
   7.72763E-03   3.52489E-03   9.36863E-01   2.03859E-03   4.98461E-02   6.50191E+03  -2.15961E+04  -2.00725E+04  -6.56842E+04  -1.34984E+05
   6.72763E-03   3.52844E-03   9.37807E-01   2.04064E-03   4.98963E-02   5.67842E+03  -2.16687E+04  -2.00604E+04  -6.56340E+04  -1.35089E+05
   5.72763E-03   3.53200E-03   9.38751E-01   2.04270E-03   4.99466E-02   4.73470E+03  -2.17416E+04  -2.00484E+04  -6.55839E+04  -1.35194E+05
   4.72763E-03   3.53555E-03   9.39695E-01   2.04475E-03   4.99968E-02   3.62430E+03  -2.18146E+04  -2.00364E+04  -6.55341E+04  -1.35300E+05
   3.72763E-03   3.53910E-03   9.40639E-01   2.04681E-03   5.00470E-02   2.26737E+03  -2.18880E+04  -2.00246E+04  -6.54843E+04  -1.35405E+05
   2.72763E-03   3.54265E-03   9.41584E-01   2.04886E-03   5.00973E-02   5.08101E+02  -2.19615E+04  -2.00129E+04  -6.54348E+04  -1.35510E+05
   1.72763E-03   3.54621E-03   9.42528E-01   2.05092E-03   5.01475E-02  -2.02889E+03  -2.20353E+04  -2.00012E+04  -6.53853E+04  -1.35615E+05
   7.27626E-04   3.54976E-03   9.43472E-01   2.05297E-03   5.01977E-02  -6.76448E+03  -2.21093E+04  -1.99896E+04  -6.53362E+04  -1.35720E+05
   1.00000E-05   3.55231E-03   9.44149E-01   2.05444E-03   5.02338E-02  -2.99227E+04  -2.21625E+04  -1.99814E+04  -6.53010E+04  -1.35795E+05

 Phase Region for:
     FCC_A1#2                      
 col-1=X(C), col-2=X(CU), col-3=X(FE), col-4=X(MN), col-5=X(SI), col-6=MU(C), col-7=MU(CU), col-8=MU(FE), col-9=MU(MN), col-10=MU(SI),
   9.72763E-03   9.89908E-01   1.28602E-04   2.35288E-04   1.32376E-10   2.16160E+05  -2.54194E+04  -2.32774E+04  -6.86141E+04  -1.39038E+05
   1.07276E-02   9.88886E-01   1.37934E-04   2.47965E-04   1.38559E-10   2.16446E+05  -2.54223E+04  -2.32804E+04  -6.86171E+04  -1.39041E+05
   1.17276E-02   9.87863E-01   1.47958E-04   2.61337E-04   1.45043E-10   2.16685E+05  -2.54250E+04  -2.32831E+04  -6.86199E+04  -1.39043E+05
   1.27276E-02   9.86838E-01   1.58726E-04   2.75443E-04   1.51844E-10   2.16882E+05  -2.54275E+04  -2.32856E+04  -6.86224E+04  -1.39046E+05
   1.37276E-02   9.85812E-01   1.70296E-04   2.90323E-04   1.58977E-10   2.17046E+05  -2.54297E+04  -2.32878E+04  -6.86246E+04  -1.39048E+05
   1.47276E-02   9.84784E-01   1.82728E-04   3.06022E-04   1.66460E-10   2.17180E+05  -2.54316E+04  -2.32897E+04  -6.86265E+04  -1.39050E+05
   1.57276E-02   9.83754E-01   1.96088E-04   3.22584E-04   1.74312E-10   2.17288E+05  -2.54333E+04  -2.32914E+04  -6.86282E+04  -1.39052E+05
   1.67276E-02   9.82722E-01   2.10448E-04   3.40058E-04   1.82552E-10   2.17373E+05  -2.54346E+04  -2.32928E+04  -6.86297E+04  -1.39053E+05
   1.77276E-02   9.81688E-01   2.25883E-04   3.58494E-04   1.91201E-10   2.17437E+05  -2.54358E+04  -2.32940E+04  -6.86308E+04  -1.39054E+05
   1.87276E-02   9.80652E-01   2.42478E-04   3.77947E-04   2.00281E-10   2.17483E+05  -2.54366E+04  -2.32948E+04  -6.86317E+04  -1.39055E+05
   1.97276E-02   9.79614E-01   2.60321E-04   3.98473E-04   2.09815E-10   2.17513E+05  -2.54372E+04  -2.32954E+04  -6.86322E+04  -1.39056E+05
   2.07276E-02   9.78573E-01   2.79508E-04   4.20134E-04   2.19828E-10   2.17527E+05  -2.54375E+04  -2.32957E+04  -6.86325E+04  -1.39056E+05
   2.17276E-02   9.77529E-01   3.00145E-04   4.42991E-04   2.30347E-10   2.17527E+05  -2.54375E+04  -2.32957E+04  -6.86325E+04  -1.39056E+05
   2.27276E-02   9.76483E-01   3.22344E-04   4.67113E-04   2.41399E-10   2.17515E+05  -2.54372E+04  -2.32954E+04  -6.86323E+04  -1.39056E+05
   2.37276E-02   9.75434E-01   3.46227E-04   4.92571E-04   2.53014E-10   2.17490E+05  -2.54366E+04  -2.32948E+04  -6.86317E+04  -1.39055E+05
   2.47276E-02   9.74381E-01   3.71925E-04   5.19440E-04   2.65224E-10   2.17455E+05  -2.54358E+04  -2.32940E+04  -6.86308E+04  -1.39054E+05
   2.57276E-02   9.73325E-01   3.99582E-04   5.47800E-04   2.78063E-10   2.17409E+05  -2.54346E+04  -2.32927E+04  -6.86296E+04  -1.39053E+05
   2.67276E-02   9.72265E-01   4.29351E-04   5.77734E-04   2.91568E-10   2.17353E+05  -2.54331E+04  -2.32912E+04  -6.86281E+04  -1.39051E+05
   2.77276E-02   9.71202E-01   4.61399E-04   6.09331E-04   3.05777E-10   2.17287E+05  -2.54312E+04  -2.32894E+04  -6.86262E+04  -1.39050E+05
   2.87276E-02   9.70134E-01   4.95908E-04   6.42686E-04   3.20731E-10   2.17213E+05  -2.54291E+04  -2.32872E+04  -6.86240E+04  -1.39047E+05
   2.97276E-02   9.69061E-01   5.33073E-04   6.77898E-04   3.36477E-10   2.17130E+05  -2.54266E+04  -2.32847E+04  -6.86215E+04  -1.39045E+05
   3.07276E-02   9.67984E-01   5.73106E-04   7.15073E-04   3.53060E-10   2.17039E+05  -2.54237E+04  -2.32819E+04  -6.86187E+04  -1.39042E+05
   3.17276E-02   9.66902E-01   6.16239E-04   7.54321E-04   3.70534E-10   2.16940E+05  -2.54205E+04  -2.32786E+04  -6.86154E+04  -1.39039E+05
   3.27276E-02   9.65814E-01   6.62720E-04   7.95761E-04   3.88953E-10   2.16833E+05  -2.54170E+04  -2.32751E+04  -6.86118E+04  -1.39035E+05
   3.37276E-02   9.64720E-01   7.12821E-04   8.39518E-04   4.08377E-10   2.16719E+05  -2.54130E+04  -2.32711E+04  -6.86079E+04  -1.39031E+05
   3.47276E-02   9.63620E-01   7.66837E-04   8.85723E-04   4.28871E-10   2.16597E+05  -2.54087E+04  -2.32668E+04  -6.86035E+04  -1.39027E+05
   3.57276E-02   9.62513E-01   8.25088E-04   9.34516E-04   4.50505E-10   2.16468E+05  -2.54040E+04  -2.32620E+04  -6.85988E+04  -1.39022E+05
   3.67276E-02   9.61398E-01   8.87922E-04   9.86046E-04   4.73355E-10   2.16331E+05  -2.53989E+04  -2.32569E+04  -6.85936E+04  -1.39017E+05
   3.77276E-02   9.60276E-01   9.55720E-04   1.04047E-03   4.97502E-10   2.16188E+05  -2.53933E+04  -2.32513E+04  -6.85881E+04  -1.39012E+05
   3.87276E-02   9.59146E-01   1.02889E-03   1.09795E-03   5.23038E-10   2.16037E+05  -2.53873E+04  -2.32453E+04  -6.85820E+04  -1.39006E+05
   3.97276E-02   9.58006E-01   1.10789E-03   1.15867E-03   5.50058E-10   2.15879E+05  -2.53809E+04  -2.32388E+04  -6.85755E+04  -1.38999E+05
   4.07276E-02   9.56856E-01   1.19321E-03   1.22281E-03   5.78671E-10   2.15713E+05  -2.53739E+04  -2.32319E+04  -6.85686E+04  -1.38992E+05
   4.17276E-02   9.55696E-01   1.28539E-03   1.29057E-03   6.08994E-10   2.15541E+05  -2.53665E+04  -2.32244E+04  -6.85611E+04  -1.38985E+05
   4.27276E-02   9.54525E-01   1.38501E-03   1.36216E-03   6.41154E-10   2.15360E+05  -2.53586E+04  -2.32164E+04  -6.85531E+04  -1.38977E+05
   4.37276E-02   9.53342E-01   1.49271E-03   1.43781E-03   6.75294E-10   2.15173E+05  -2.53501E+04  -2.32079E+04  -6.85446E+04  -1.38969E+05
   4.47276E-02   9.52145E-01   1.60920E-03   1.51774E-03   7.11570E-10   2.14977E+05  -2.53410E+04  -2.31988E+04  -6.85355E+04  -1.38960E+05
   4.57276E-02   9.50935E-01   1.73525E-03   1.60222E-03   7.50155E-10   2.14773E+05  -2.53314E+04  -2.31891E+04  -6.85258E+04  -1.38950E+05
   4.67276E-02   9.49709E-01   1.87172E-03   1.69150E-03   7.91240E-10   2.14561E+05  -2.53211E+04  -2.31788E+04  -6.85154E+04  -1.38940E+05
   4.77276E-02   9.48467E-01   2.01953E-03   1.78587E-03   8.35041E-10   2.14340E+05  -2.53101E+04  -2.31678E+04  -6.85044E+04  -1.38929E+05
   4.87276E-02   9.47207E-01   2.17972E-03   1.88564E-03   8.81796E-10   2.14110E+05  -2.52985E+04  -2.31561E+04  -6.84927E+04  -1.38917E+05
   4.97276E-02   9.45928E-01   2.35343E-03   1.99112E-03   9.31773E-10   2.13870E+05  -2.52861E+04  -2.31437E+04  -6.84803E+04  -1.38905E+05
   5.07276E-02   9.44628E-01   2.54190E-03   2.10266E-03   9.85275E-10   2.13621E+05  -2.52729E+04  -2.31304E+04  -6.84670E+04  -1.38891E+05
   5.17276E-02   9.43305E-01   2.74654E-03   2.22063E-03   1.04264E-09   2.13360E+05  -2.52588E+04  -2.31164E+04  -6.84529E+04  -1.38877E+05
   5.27276E-02   9.41958E-01   2.96890E-03   2.34541E-03   1.10426E-09   2.13089E+05  -2.52439E+04  -2.31014E+04  -6.84379E+04  -1.38863E+05
   5.37276E-02   9.40584E-01   3.21070E-03   2.47742E-03   1.17057E-09   2.12806E+05  -2.52279E+04  -2.30854E+04  -6.84219E+04  -1.38847E+05
   5.47276E-02   9.39181E-01   3.47388E-03   2.61712E-03   1.24208E-09   2.12510E+05  -2.52110E+04  -2.30684E+04  -6.84049E+04  -1.38830E+05
   5.57276E-02   9.37747E-01   3.76058E-03   2.76498E-03   1.31936E-09   2.12201E+05  -2.51929E+04  -2.30503E+04  -6.83867E+04  -1.38812E+05
   5.67276E-02   9.36278E-01   4.07324E-03   2.92151E-03   1.40309E-09   2.11878E+05  -2.51736E+04  -2.30309E+04  -6.83674E+04  -1.38792E+05
   5.77276E-02   9.34771E-01   4.41459E-03   3.08728E-03   1.49405E-09   2.11538E+05  -2.51530E+04  -2.30103E+04  -6.83467E+04  -1.38772E+05
   5.87276E-02   9.33222E-01   4.78773E-03   3.26290E-03   1.59316E-09   2.11182E+05  -2.51310E+04  -2.29882E+04  -6.83246E+04  -1.38750E+05
   5.97276E-02   9.31627E-01   5.19618E-03   3.44900E-03   1.70147E-09   2.10808E+05  -2.51075E+04  -2.29646E+04  -6.83010E+04  -1.38726E+05
   6.07276E-02   9.29982E-01   5.64397E-03   3.64631E-03   1.82028E-09   2.10414E+05  -2.50822E+04  -2.29393E+04  -6.82756E+04  -1.38701E+05
   6.17276E-02   9.28281E-01   6.13573E-03   3.85560E-03   1.95110E-09   2.09997E+05  -2.50550E+04  -2.29121E+04  -6.82484E+04  -1.38674E+05
   6.27276E-02   9.26518E-01   6.67679E-03   4.07773E-03   2.09578E-09   2.09557E+05  -2.50258E+04  -2.28828E+04  -6.82190E+04  -1.38645E+05
   6.37276E-02   9.24685E-01   7.27339E-03   4.31364E-03   2.25655E-09   2.09091E+05  -2.49943E+04  -2.28512E+04  -6.81874E+04  -1.38613E+05
   6.47276E-02   9.22775E-01   7.93281E-03   4.56438E-03   2.43615E-09   2.08595E+05  -2.49603E+04  -2.28171E+04  -6.81533E+04  -1.38579E+05
   6.57276E-02   9.20778E-01   8.66371E-03   4.83114E-03   2.63802E-09   2.08065E+05  -2.49234E+04  -2.27801E+04  -6.81162E+04  -1.38542E+05
   6.67276E-02   9.18681E-01   9.47639E-03   5.11527E-03   2.86647E-09   2.07499E+05  -2.48832E+04  -2.27398E+04  -6.80759E+04  -1.38502E+05
   6.77276E-02   9.16471E-01   1.03834E-02   5.41830E-03   3.12702E-09   2.06891E+05  -2.48394E+04  -2.26959E+04  -6.80320E+04  -1.38458E+05
   6.87276E-02   9.14130E-01   1.13999E-02   5.74204E-03   3.42687E-09   2.06235E+05  -2.47913E+04  -2.26477E+04  -6.79838E+04  -1.38410E+05
   6.97276E-02   9.11639E-01   1.25452E-02   6.08863E-03   3.77556E-09   2.05523E+05  -2.47384E+04  -2.25946E+04  -6.79306E+04  -1.38357E+05
   7.07276E-02   9.08968E-01   1.38435E-02   6.46067E-03   4.18607E-09   2.04746E+05  -2.46796E+04  -2.25358E+04  -6.78718E+04  -1.38299E+05
   7.17276E-02   9.06085E-01   1.53262E-02   6.86140E-03   4.67655E-09   2.03891E+05  -2.46141E+04  -2.24701E+04  -6.78060E+04  -1.38233E+05
   7.27276E-02   9.02941E-01   1.70359E-02   7.29500E-03   5.27327E-09   2.02942E+05  -2.45402E+04  -2.23961E+04  -6.77319E+04  -1.38159E+05
   7.37276E-02   8.99474E-01   1.90313E-02   7.76710E-03   6.01588E-09   2.01877E+05  -2.44560E+04  -2.23117E+04  -6.76475E+04  -1.38075E+05
   7.47276E-02   8.95588E-01   2.13985E-02   8.28566E-03   6.96771E-09   2.00661E+05  -2.43585E+04  -2.22141E+04  -6.75497E+04  -1.37978E+05
   7.57276E-02   8.91138E-01   2.42719E-02   8.86291E-03   8.23775E-09   1.99244E+05  -2.42432E+04  -2.20985E+04  -6.74341E+04  -1.37863E+05
   7.67276E-02   8.85869E-01   2.78838E-02   9.51957E-03   1.00352E-08   1.97536E+05  -2.41023E+04  -2.19573E+04  -6.72927E+04  -1.37722E+05
   7.77276E-02   8.79270E-01   3.27051E-02   1.02973E-02   1.28388E-08   1.95357E+05  -2.39199E+04  -2.17746E+04  -6.71099E+04  -1.37540E+05
   7.87276E-02   8.69961E-01   4.00023E-02   1.13092E-02   1.81587E-08   1.92227E+05  -2.36541E+04  -2.15083E+04  -6.68434E+04  -1.37274E+05

 Phase Region for:
     FCC_A1#2                      
 col-1=X(C), col-2=X(CU), col-3=X(FE), col-4=X(MN), col-5=X(SI), col-6=MU(C), col-7=MU(CU), col-8=MU(FE), col-9=MU(MN), col-10=MU(SI),
   9.72763E-03   9.89908E-01   1.28602E-04   2.35288E-04   1.32376E-10   2.16160E+05  -2.54194E+04  -2.32774E+04  -6.86141E+04  -1.39038E+05
   8.72763E-03   9.90929E-01   1.19914E-04   2.23269E-04   1.26479E-10   2.15816E+05  -2.54162E+04  -2.32741E+04  -6.86108E+04  -1.39035E+05
   7.72763E-03   9.91949E-01   1.11823E-04   2.11874E-04   1.20854E-10   2.15399E+05  -2.54127E+04  -2.32706E+04  -6.86073E+04  -1.39031E+05
   6.72763E-03   9.92967E-01   1.04289E-04   2.01071E-04   1.15487E-10   2.14891E+05  -2.54090E+04  -2.32668E+04  -6.86035E+04  -1.39028E+05
   5.72763E-03   9.93984E-01   9.72720E-05   1.90828E-04   1.10367E-10   2.14261E+05  -2.54051E+04  -2.32628E+04  -6.85994E+04  -1.39024E+05
   4.72763E-03   9.95001E-01   9.07361E-05   1.81116E-04   1.05482E-10   2.13464E+05  -2.54009E+04  -2.32585E+04  -6.85950E+04  -1.39020E+05
   3.72763E-03   9.96016E-01   8.46479E-05   1.71908E-04   1.00819E-10   2.12420E+05  -2.53965E+04  -2.32539E+04  -6.85904E+04  -1.39015E+05
   2.72763E-03   9.97030E-01   7.89764E-05   1.63178E-04   9.63687E-11   2.10972E+05  -2.53919E+04  -2.32490E+04  -6.85854E+04  -1.39011E+05
   1.72763E-03   9.98044E-01   7.36934E-05   1.54903E-04   9.21204E-11   2.08745E+05  -2.53870E+04  -2.32438E+04  -6.85800E+04  -1.39006E+05
   7.27626E-04   9.99057E-01   6.87745E-05   1.47069E-04   8.80632E-11   2.04319E+05  -2.53819E+04  -2.32380E+04  -6.85739E+04  -1.39001E+05
   1.00000E-05   9.99783E-01   6.54902E-05   1.41815E-04   8.52481E-11   1.81383E+05  -2.53781E+04  -2.32305E+04  -6.85648E+04  -1.38999E+05
