
 Phase Region for:
     BCC_A2                        
 col-1=X(C), col-2=X(CU), col-3=X(FE), col-4=X(MN), col-5=X(SI), col-6=MU(C), col-7=MU(CU), col-8=MU(FE), col-9=MU(MN), col-10=MU(SI),
   2.88620E-02   3.44981E-03   9.16909E-01   1.99517E-03   4.87844E-02   5.04219E+04  -1.99133E+04  -2.66918E+04  -6.05239E+04  -1.37716E+05
   9.99900E-03   3.51682E-03   9.34718E-01   2.03392E-03   4.97320E-02   4.36491E+04  -1.97591E+04  -2.64506E+04  -5.91429E+04  -1.39855E+05

 Phase Region for:
     BCC_A2                        
 col-1=X(C), col-2=X(CU), col-3=X(FE), col-4=X(MN), col-5=X(SI), col-6=MU(C), col-7=MU(CU), col-8=MU(FE), col-9=MU(MN), col-10=MU(SI),
   2.88620E-02   3.44981E-03   9.16909E-01   1.99517E-03   4.87844E-02   5.04219E+04  -1.99133E+04  -2.66918E+04  -6.05239E+04  -1.37716E+05
   2.87620E-02   3.45017E-03   9.17003E-01   1.99537E-03   4.87895E-02   5.03989E+04  -1.99124E+04  -2.66905E+04  -6.05164E+04  -1.37727E+05
   2.86620E-02   3.45053E-03   9.17097E-01   1.99558E-03   4.87945E-02   5.03758E+04  -1.99115E+04  -2.66892E+04  -6.05089E+04  -1.37739E+05
   2.85620E-02   3.45088E-03   9.17192E-01   1.99579E-03   4.87995E-02   5.03526E+04  -1.99106E+04  -2.66878E+04  -6.05015E+04  -1.37750E+05
   2.84620E-02   3.45124E-03   9.17286E-01   1.99599E-03   4.88045E-02   5.03294E+04  -1.99097E+04  -2.66865E+04  -6.04940E+04  -1.37762E+05
   2.83620E-02   3.45159E-03   9.17381E-01   1.99620E-03   4.88095E-02   5.03061E+04  -1.99088E+04  -2.66852E+04  -6.04865E+04  -1.37773E+05
   2.82620E-02   3.45195E-03   9.17475E-01   1.99640E-03   4.88146E-02   5.02827E+04  -1.99079E+04  -2.66839E+04  -6.04790E+04  -1.37785E+05
   2.81620E-02   3.45230E-03   9.17569E-01   1.99661E-03   4.88196E-02   5.02592E+04  -1.99071E+04  -2.66826E+04  -6.04715E+04  -1.37796E+05
   2.80620E-02   3.45266E-03   9.17664E-01   1.99681E-03   4.88246E-02   5.02357E+04  -1.99062E+04  -2.66813E+04  -6.04640E+04  -1.37808E+05
   2.79620E-02   3.45301E-03   9.17758E-01   1.99702E-03   4.88296E-02   5.02121E+04  -1.99053E+04  -2.66800E+04  -6.04566E+04  -1.37819E+05
   2.78620E-02   3.45337E-03   9.17853E-01   1.99722E-03   4.88347E-02   5.01884E+04  -1.99044E+04  -2.66786E+04  -6.04491E+04  -1.37831E+05
   2.77620E-02   3.45372E-03   9.17947E-01   1.99743E-03   4.88397E-02   5.01646E+04  -1.99035E+04  -2.66773E+04  -6.04416E+04  -1.37842E+05
   2.76620E-02   3.45408E-03   9.18042E-01   1.99763E-03   4.88447E-02   5.01408E+04  -1.99027E+04  -2.66760E+04  -6.04342E+04  -1.37854E+05
   2.75620E-02   3.45443E-03   9.18136E-01   1.99784E-03   4.88497E-02   5.01169E+04  -1.99018E+04  -2.66747E+04  -6.04267E+04  -1.37865E+05
   2.74620E-02   3.45479E-03   9.18230E-01   1.99805E-03   4.88548E-02   5.00929E+04  -1.99009E+04  -2.66734E+04  -6.04192E+04  -1.37877E+05
   2.73620E-02   3.45514E-03   9.18325E-01   1.99825E-03   4.88598E-02   5.00688E+04  -1.99000E+04  -2.66721E+04  -6.04118E+04  -1.37888E+05
   2.72620E-02   3.45550E-03   9.18419E-01   1.99846E-03   4.88648E-02   5.00446E+04  -1.98991E+04  -2.66708E+04  -6.04043E+04  -1.37900E+05
   2.71620E-02   3.45585E-03   9.18514E-01   1.99866E-03   4.88698E-02   5.00204E+04  -1.98983E+04  -2.66695E+04  -6.03968E+04  -1.37911E+05
   2.70620E-02   3.45621E-03   9.18608E-01   1.99887E-03   4.88748E-02   4.99960E+04  -1.98974E+04  -2.66681E+04  -6.03894E+04  -1.37923E+05
   2.69620E-02   3.45656E-03   9.18702E-01   1.99907E-03   4.88799E-02   4.99716E+04  -1.98965E+04  -2.66668E+04  -6.03819E+04  -1.37934E+05
   2.68620E-02   3.45692E-03   9.18797E-01   1.99928E-03   4.88849E-02   4.99472E+04  -1.98956E+04  -2.66655E+04  -6.03745E+04  -1.37946E+05
   2.67620E-02   3.45727E-03   9.18891E-01   1.99948E-03   4.88899E-02   4.99226E+04  -1.98948E+04  -2.66642E+04  -6.03670E+04  -1.37957E+05
   2.66620E-02   3.45763E-03   9.18986E-01   1.99969E-03   4.88949E-02   4.98979E+04  -1.98939E+04  -2.66629E+04  -6.03596E+04  -1.37969E+05
   2.65620E-02   3.45799E-03   9.19080E-01   1.99989E-03   4.89000E-02   4.98732E+04  -1.98930E+04  -2.66616E+04  -6.03521E+04  -1.37980E+05
   2.64620E-02   3.45834E-03   9.19175E-01   2.00010E-03   4.89050E-02   4.98484E+04  -1.98922E+04  -2.66603E+04  -6.03447E+04  -1.37992E+05
   2.63620E-02   3.45870E-03   9.19269E-01   2.00031E-03   4.89100E-02   4.98235E+04  -1.98913E+04  -2.66590E+04  -6.03372E+04  -1.38003E+05
   2.62620E-02   3.45905E-03   9.19363E-01   2.00051E-03   4.89150E-02   4.97985E+04  -1.98904E+04  -2.66577E+04  -6.03298E+04  -1.38015E+05
   2.61620E-02   3.45941E-03   9.19458E-01   2.00072E-03   4.89201E-02   4.97734E+04  -1.98896E+04  -2.66564E+04  -6.03223E+04  -1.38026E+05
   2.60620E-02   3.45976E-03   9.19552E-01   2.00092E-03   4.89251E-02   4.97482E+04  -1.98887E+04  -2.66551E+04  -6.03149E+04  -1.38038E+05
   2.59620E-02   3.46012E-03   9.19647E-01   2.00113E-03   4.89301E-02   4.97230E+04  -1.98878E+04  -2.66538E+04  -6.03074E+04  -1.38049E+05
   2.58620E-02   3.46047E-03   9.19741E-01   2.00133E-03   4.89351E-02   4.96976E+04  -1.98870E+04  -2.66525E+04  -6.03000E+04  -1.38061E+05
   2.57620E-02   3.46083E-03   9.19835E-01   2.00154E-03   4.89402E-02   4.96722E+04  -1.98861E+04  -2.66512E+04  -6.02926E+04  -1.38072E+05
   2.56620E-02   3.46118E-03   9.19930E-01   2.00174E-03   4.89452E-02   4.96467E+04  -1.98852E+04  -2.66499E+04  -6.02851E+04  -1.38084E+05
   2.55620E-02   3.46154E-03   9.20024E-01   2.00195E-03   4.89502E-02   4.96210E+04  -1.98844E+04  -2.66485E+04  -6.02777E+04  -1.38095E+05
   2.54620E-02   3.46189E-03   9.20119E-01   2.00215E-03   4.89552E-02   4.95953E+04  -1.98835E+04  -2.66472E+04  -6.02703E+04  -1.38107E+05
   2.53620E-02   3.46225E-03   9.20213E-01   2.00236E-03   4.89602E-02   4.95695E+04  -1.98826E+04  -2.66459E+04  -6.02628E+04  -1.38118E+05
   2.52620E-02   3.46260E-03   9.20308E-01   2.00257E-03   4.89653E-02   4.95436E+04  -1.98818E+04  -2.66446E+04  -6.02554E+04  -1.38130E+05
   2.51620E-02   3.46296E-03   9.20402E-01   2.00277E-03   4.89703E-02   4.95177E+04  -1.98809E+04  -2.66433E+04  -6.02480E+04  -1.38141E+05
   2.50620E-02   3.46331E-03   9.20496E-01   2.00298E-03   4.89753E-02   4.94916E+04  -1.98801E+04  -2.66420E+04  -6.02406E+04  -1.38152E+05
   2.49620E-02   3.46367E-03   9.20591E-01   2.00318E-03   4.89803E-02   4.94654E+04  -1.98792E+04  -2.66407E+04  -6.02331E+04  -1.38164E+05
   2.48620E-02   3.46402E-03   9.20685E-01   2.00339E-03   4.89854E-02   4.94391E+04  -1.98783E+04  -2.66394E+04  -6.02257E+04  -1.38175E+05
   2.47620E-02   3.46438E-03   9.20780E-01   2.00359E-03   4.89904E-02   4.94128E+04  -1.98775E+04  -2.66381E+04  -6.02183E+04  -1.38187E+05
   2.46620E-02   3.46473E-03   9.20874E-01   2.00380E-03   4.89954E-02   4.93863E+04  -1.98766E+04  -2.66368E+04  -6.02109E+04  -1.38198E+05
   2.45620E-02   3.46509E-03   9.20968E-01   2.00400E-03   4.90004E-02   4.93597E+04  -1.98758E+04  -2.66355E+04  -6.02035E+04  -1.38210E+05
   2.44620E-02   3.46545E-03   9.21063E-01   2.00421E-03   4.90055E-02   4.93331E+04  -1.98749E+04  -2.66342E+04  -6.01961E+04  -1.38221E+05
   2.43620E-02   3.46580E-03   9.21157E-01   2.00441E-03   4.90105E-02   4.93063E+04  -1.98741E+04  -2.66329E+04  -6.01887E+04  -1.38233E+05
   2.42620E-02   3.46616E-03   9.21252E-01   2.00462E-03   4.90155E-02   4.92794E+04  -1.98732E+04  -2.66316E+04  -6.01813E+04  -1.38244E+05
   2.41620E-02   3.46651E-03   9.21346E-01   2.00483E-03   4.90205E-02   4.92525E+04  -1.98724E+04  -2.66303E+04  -6.01738E+04  -1.38255E+05
   2.40620E-02   3.46687E-03   9.21441E-01   2.00503E-03   4.90256E-02   4.92254E+04  -1.98715E+04  -2.66290E+04  -6.01664E+04  -1.38267E+05
   2.39620E-02   3.46722E-03   9.21535E-01   2.00524E-03   4.90306E-02   4.91982E+04  -1.98707E+04  -2.66277E+04  -6.01590E+04  -1.38278E+05
   2.38620E-02   3.46758E-03   9.21629E-01   2.00544E-03   4.90356E-02   4.91709E+04  -1.98698E+04  -2.66264E+04  -6.01516E+04  -1.38290E+05
   2.37620E-02   3.46793E-03   9.21724E-01   2.00565E-03   4.90406E-02   4.91436E+04  -1.98690E+04  -2.66252E+04  -6.01442E+04  -1.38301E+05
   2.36620E-02   3.46829E-03   9.21818E-01   2.00585E-03   4.90456E-02   4.91161E+04  -1.98681E+04  -2.66239E+04  -6.01368E+04  -1.38313E+05
   2.35620E-02   3.46864E-03   9.21913E-01   2.00606E-03   4.90507E-02   4.90885E+04  -1.98673E+04  -2.66226E+04  -6.01294E+04  -1.38324E+05
   2.34620E-02   3.46900E-03   9.22007E-01   2.00626E-03   4.90557E-02   4.90608E+04  -1.98664E+04  -2.66213E+04  -6.01221E+04  -1.38335E+05
   2.33620E-02   3.46935E-03   9.22101E-01   2.00647E-03   4.90607E-02   4.90330E+04  -1.98656E+04  -2.66200E+04  -6.01147E+04  -1.38347E+05
   2.32620E-02   3.46971E-03   9.22196E-01   2.00667E-03   4.90657E-02   4.90050E+04  -1.98647E+04  -2.66187E+04  -6.01073E+04  -1.38358E+05
   2.31620E-02   3.47006E-03   9.22290E-01   2.00688E-03   4.90708E-02   4.89770E+04  -1.98639E+04  -2.66174E+04  -6.00999E+04  -1.38370E+05
   2.30620E-02   3.47042E-03   9.22385E-01   2.00708E-03   4.90758E-02   4.89489E+04  -1.98630E+04  -2.66161E+04  -6.00925E+04  -1.38381E+05
   2.29620E-02   3.47077E-03   9.22479E-01   2.00729E-03   4.90808E-02   4.89206E+04  -1.98622E+04  -2.66148E+04  -6.00851E+04  -1.38393E+05
   2.28620E-02   3.47113E-03   9.22574E-01   2.00750E-03   4.90858E-02   4.88922E+04  -1.98613E+04  -2.66135E+04  -6.00777E+04  -1.38404E+05
   2.27620E-02   3.47148E-03   9.22668E-01   2.00770E-03   4.90909E-02   4.88637E+04  -1.98605E+04  -2.66122E+04  -6.00703E+04  -1.38415E+05
   2.26620E-02   3.47184E-03   9.22762E-01   2.00791E-03   4.90959E-02   4.88351E+04  -1.98597E+04  -2.66109E+04  -6.00630E+04  -1.38427E+05
   2.25620E-02   3.47219E-03   9.22857E-01   2.00811E-03   4.91009E-02   4.88064E+04  -1.98588E+04  -2.66096E+04  -6.00556E+04  -1.38438E+05
   2.24620E-02   3.47255E-03   9.22951E-01   2.00832E-03   4.91059E-02   4.87776E+04  -1.98580E+04  -2.66083E+04  -6.00482E+04  -1.38450E+05
   2.23620E-02   3.47290E-03   9.23046E-01   2.00852E-03   4.91110E-02   4.87486E+04  -1.98571E+04  -2.66070E+04  -6.00408E+04  -1.38461E+05
   2.22620E-02   3.47326E-03   9.23140E-01   2.00873E-03   4.91160E-02   4.87196E+04  -1.98563E+04  -2.66058E+04  -6.00335E+04  -1.38472E+05
   2.21620E-02   3.47362E-03   9.23234E-01   2.00893E-03   4.91210E-02   4.86904E+04  -1.98555E+04  -2.66045E+04  -6.00261E+04  -1.38484E+05
   2.20620E-02   3.47397E-03   9.23329E-01   2.00914E-03   4.91260E-02   4.86610E+04  -1.98546E+04  -2.66032E+04  -6.00187E+04  -1.38495E+05
   2.19620E-02   3.47433E-03   9.23423E-01   2.00934E-03   4.91310E-02   4.86316E+04  -1.98538E+04  -2.66019E+04  -6.00114E+04  -1.38507E+05
   2.18620E-02   3.47468E-03   9.23518E-01   2.00955E-03   4.91361E-02   4.86020E+04  -1.98530E+04  -2.66006E+04  -6.00040E+04  -1.38518E+05
   2.17620E-02   3.47504E-03   9.23612E-01   2.00976E-03   4.91411E-02   4.85723E+04  -1.98521E+04  -2.65993E+04  -5.99966E+04  -1.38529E+05
   2.16620E-02   3.47539E-03   9.23707E-01   2.00996E-03   4.91461E-02   4.85425E+04  -1.98513E+04  -2.65980E+04  -5.99893E+04  -1.38541E+05
   2.15620E-02   3.47575E-03   9.23801E-01   2.01017E-03   4.91511E-02   4.85126E+04  -1.98505E+04  -2.65967E+04  -5.99819E+04  -1.38552E+05
   2.14620E-02   3.47610E-03   9.23895E-01   2.01037E-03   4.91562E-02   4.84825E+04  -1.98496E+04  -2.65955E+04  -5.99746E+04  -1.38563E+05
   2.13620E-02   3.47646E-03   9.23990E-01   2.01058E-03   4.91612E-02   4.84523E+04  -1.98488E+04  -2.65942E+04  -5.99672E+04  -1.38575E+05
   2.12620E-02   3.47681E-03   9.24084E-01   2.01078E-03   4.91662E-02   4.84220E+04  -1.98480E+04  -2.65929E+04  -5.99598E+04  -1.38586E+05
   2.11620E-02   3.47717E-03   9.24179E-01   2.01099E-03   4.91712E-02   4.83915E+04  -1.98471E+04  -2.65916E+04  -5.99525E+04  -1.38598E+05
   2.10620E-02   3.47752E-03   9.24273E-01   2.01119E-03   4.91763E-02   4.83609E+04  -1.98463E+04  -2.65903E+04  -5.99451E+04  -1.38609E+05
   2.09620E-02   3.47788E-03   9.24367E-01   2.01140E-03   4.91813E-02   4.83302E+04  -1.98455E+04  -2.65890E+04  -5.99378E+04  -1.38620E+05
   2.08620E-02   3.47823E-03   9.24462E-01   2.01160E-03   4.91863E-02   4.82993E+04  -1.98446E+04  -2.65877E+04  -5.99304E+04  -1.38632E+05
   2.07620E-02   3.47859E-03   9.24556E-01   2.01181E-03   4.91913E-02   4.82683E+04  -1.98438E+04  -2.65865E+04  -5.99231E+04  -1.38643E+05
   2.06620E-02   3.47894E-03   9.24651E-01   2.01202E-03   4.91963E-02   4.82371E+04  -1.98430E+04  -2.65852E+04  -5.99158E+04  -1.38654E+05
   2.05620E-02   3.47930E-03   9.24745E-01   2.01222E-03   4.92014E-02   4.82058E+04  -1.98422E+04  -2.65839E+04  -5.99084E+04  -1.38666E+05
   2.04620E-02   3.47965E-03   9.24840E-01   2.01243E-03   4.92064E-02   4.81744E+04  -1.98413E+04  -2.65826E+04  -5.99011E+04  -1.38677E+05
   2.03620E-02   3.48001E-03   9.24934E-01   2.01263E-03   4.92114E-02   4.81428E+04  -1.98405E+04  -2.65813E+04  -5.98937E+04  -1.38689E+05
   2.02620E-02   3.48036E-03   9.25028E-01   2.01284E-03   4.92164E-02   4.81111E+04  -1.98397E+04  -2.65800E+04  -5.98864E+04  -1.38700E+05
   2.01620E-02   3.48072E-03   9.25123E-01   2.01304E-03   4.92215E-02   4.80792E+04  -1.98389E+04  -2.65788E+04  -5.98791E+04  -1.38711E+05
   2.00620E-02   3.48108E-03   9.25217E-01   2.01325E-03   4.92265E-02   4.80472E+04  -1.98381E+04  -2.65775E+04  -5.98717E+04  -1.38723E+05
   1.99620E-02   3.48143E-03   9.25312E-01   2.01345E-03   4.92315E-02   4.80151E+04  -1.98372E+04  -2.65762E+04  -5.98644E+04  -1.38734E+05
   1.98620E-02   3.48179E-03   9.25406E-01   2.01366E-03   4.92365E-02   4.79827E+04  -1.98364E+04  -2.65749E+04  -5.98571E+04  -1.38745E+05
   1.97620E-02   3.48214E-03   9.25500E-01   2.01386E-03   4.92416E-02   4.79503E+04  -1.98356E+04  -2.65736E+04  -5.98497E+04  -1.38757E+05
   1.96620E-02   3.48250E-03   9.25595E-01   2.01407E-03   4.92466E-02   4.79177E+04  -1.98348E+04  -2.65724E+04  -5.98424E+04  -1.38768E+05
   1.95620E-02   3.48285E-03   9.25689E-01   2.01428E-03   4.92516E-02   4.78849E+04  -1.98340E+04  -2.65711E+04  -5.98351E+04  -1.38779E+05
   1.94620E-02   3.48321E-03   9.25784E-01   2.01448E-03   4.92566E-02   4.78519E+04  -1.98331E+04  -2.65698E+04  -5.98278E+04  -1.38791E+05
   1.93620E-02   3.48356E-03   9.25878E-01   2.01469E-03   4.92617E-02   4.78189E+04  -1.98323E+04  -2.65685E+04  -5.98205E+04  -1.38802E+05
   1.92620E-02   3.48392E-03   9.25973E-01   2.01489E-03   4.92667E-02   4.77856E+04  -1.98315E+04  -2.65672E+04  -5.98131E+04  -1.38813E+05
   1.91620E-02   3.48427E-03   9.26067E-01   2.01510E-03   4.92717E-02   4.77522E+04  -1.98307E+04  -2.65660E+04  -5.98058E+04  -1.38825E+05
   1.90620E-02   3.48463E-03   9.26161E-01   2.01530E-03   4.92767E-02   4.77186E+04  -1.98299E+04  -2.65647E+04  -5.97985E+04  -1.38836E+05
   1.89620E-02   3.48498E-03   9.26256E-01   2.01551E-03   4.92817E-02   4.76849E+04  -1.98291E+04  -2.65634E+04  -5.97912E+04  -1.38847E+05
   1.88620E-02   3.48534E-03   9.26350E-01   2.01571E-03   4.92868E-02   4.76510E+04  -1.98282E+04  -2.65621E+04  -5.97839E+04  -1.38859E+05
   1.87620E-02   3.48569E-03   9.26445E-01   2.01592E-03   4.92918E-02   4.76169E+04  -1.98274E+04  -2.65609E+04  -5.97766E+04  -1.38870E+05
   1.86620E-02   3.48605E-03   9.26539E-01   2.01612E-03   4.92968E-02   4.75827E+04  -1.98266E+04  -2.65596E+04  -5.97693E+04  -1.38881E+05
   1.85620E-02   3.48640E-03   9.26633E-01   2.01633E-03   4.93018E-02   4.75482E+04  -1.98258E+04  -2.65583E+04  -5.97620E+04  -1.38893E+05
   1.84620E-02   3.48676E-03   9.26728E-01   2.01654E-03   4.93069E-02   4.75136E+04  -1.98250E+04  -2.65570E+04  -5.97547E+04  -1.38904E+05
   1.83620E-02   3.48711E-03   9.26822E-01   2.01674E-03   4.93119E-02   4.74789E+04  -1.98242E+04  -2.65558E+04  -5.97474E+04  -1.38915E+05
   1.82620E-02   3.48747E-03   9.26917E-01   2.01695E-03   4.93169E-02   4.74439E+04  -1.98234E+04  -2.65545E+04  -5.97401E+04  -1.38927E+05
   1.81620E-02   3.48782E-03   9.27011E-01   2.01715E-03   4.93219E-02   4.74088E+04  -1.98226E+04  -2.65532E+04  -5.97328E+04  -1.38938E+05
   1.80620E-02   3.48818E-03   9.27105E-01   2.01736E-03   4.93270E-02   4.73735E+04  -1.98218E+04  -2.65519E+04  -5.97255E+04  -1.38949E+05
   1.79620E-02   3.48854E-03   9.27200E-01   2.01756E-03   4.93320E-02   4.73380E+04  -1.98210E+04  -2.65507E+04  -5.97182E+04  -1.38961E+05
   1.78620E-02   3.48889E-03   9.27294E-01   2.01777E-03   4.93370E-02   4.73023E+04  -1.98202E+04  -2.65494E+04  -5.97109E+04  -1.38972E+05
   1.77620E-02   3.48925E-03   9.27389E-01   2.01797E-03   4.93420E-02   4.72665E+04  -1.98194E+04  -2.65481E+04  -5.97036E+04  -1.38983E+05
   1.76620E-02   3.48960E-03   9.27483E-01   2.01818E-03   4.93471E-02   4.72304E+04  -1.98186E+04  -2.65469E+04  -5.96963E+04  -1.38995E+05
   1.75620E-02   3.48996E-03   9.27578E-01   2.01838E-03   4.93521E-02   4.71942E+04  -1.98178E+04  -2.65456E+04  -5.96890E+04  -1.39006E+05
   1.74620E-02   3.49031E-03   9.27672E-01   2.01859E-03   4.93571E-02   4.71577E+04  -1.98170E+04  -2.65443E+04  -5.96817E+04  -1.39017E+05
   1.73620E-02   3.49067E-03   9.27766E-01   2.01880E-03   4.93621E-02   4.71211E+04  -1.98161E+04  -2.65430E+04  -5.96744E+04  -1.39028E+05
   1.72620E-02   3.49102E-03   9.27861E-01   2.01900E-03   4.93671E-02   4.70842E+04  -1.98153E+04  -2.65418E+04  -5.96671E+04  -1.39040E+05
   1.71620E-02   3.49138E-03   9.27955E-01   2.01921E-03   4.93722E-02   4.70472E+04  -1.98145E+04  -2.65405E+04  -5.96599E+04  -1.39051E+05
   1.70620E-02   3.49173E-03   9.28050E-01   2.01941E-03   4.93772E-02   4.70099E+04  -1.98137E+04  -2.65392E+04  -5.96526E+04  -1.39062E+05
   1.69620E-02   3.49209E-03   9.28144E-01   2.01962E-03   4.93822E-02   4.69725E+04  -1.98129E+04  -2.65380E+04  -5.96453E+04  -1.39074E+05
   1.68620E-02   3.49244E-03   9.28238E-01   2.01982E-03   4.93872E-02   4.69348E+04  -1.98122E+04  -2.65367E+04  -5.96380E+04  -1.39085E+05
   1.67620E-02   3.49280E-03   9.28333E-01   2.02003E-03   4.93923E-02   4.68970E+04  -1.98114E+04  -2.65354E+04  -5.96308E+04  -1.39096E+05
   1.66620E-02   3.49315E-03   9.28427E-01   2.02023E-03   4.93973E-02   4.68589E+04  -1.98106E+04  -2.65342E+04  -5.96235E+04  -1.39107E+05
   1.65620E-02   3.49351E-03   9.28522E-01   2.02044E-03   4.94023E-02   4.68206E+04  -1.98098E+04  -2.65329E+04  -5.96162E+04  -1.39119E+05
   1.64620E-02   3.49386E-03   9.28616E-01   2.02064E-03   4.94073E-02   4.67821E+04  -1.98090E+04  -2.65316E+04  -5.96089E+04  -1.39130E+05
   1.63620E-02   3.49422E-03   9.28711E-01   2.02085E-03   4.94124E-02   4.67433E+04  -1.98082E+04  -2.65304E+04  -5.96017E+04  -1.39141E+05
   1.62620E-02   3.49457E-03   9.28805E-01   2.02106E-03   4.94174E-02   4.67044E+04  -1.98074E+04  -2.65291E+04  -5.95944E+04  -1.39153E+05
   1.61620E-02   3.49493E-03   9.28899E-01   2.02126E-03   4.94224E-02   4.66652E+04  -1.98066E+04  -2.65278E+04  -5.95872E+04  -1.39164E+05
   1.60620E-02   3.49528E-03   9.28994E-01   2.02147E-03   4.94274E-02   4.66257E+04  -1.98058E+04  -2.65266E+04  -5.95799E+04  -1.39175E+05
   1.59620E-02   3.49564E-03   9.29088E-01   2.02167E-03   4.94325E-02   4.65861E+04  -1.98050E+04  -2.65253E+04  -5.95726E+04  -1.39186E+05
   1.58620E-02   3.49600E-03   9.29183E-01   2.02188E-03   4.94375E-02   4.65462E+04  -1.98042E+04  -2.65240E+04  -5.95654E+04  -1.39198E+05
   1.57620E-02   3.49635E-03   9.29277E-01   2.02208E-03   4.94425E-02   4.65061E+04  -1.98034E+04  -2.65228E+04  -5.95581E+04  -1.39209E+05
   1.56620E-02   3.49671E-03   9.29371E-01   2.02229E-03   4.94475E-02   4.64657E+04  -1.98026E+04  -2.65215E+04  -5.95509E+04  -1.39220E+05
   1.55620E-02   3.49706E-03   9.29466E-01   2.02249E-03   4.94525E-02   4.64251E+04  -1.98018E+04  -2.65203E+04  -5.95436E+04  -1.39231E+05
   1.54620E-02   3.49742E-03   9.29560E-01   2.02270E-03   4.94576E-02   4.63842E+04  -1.98011E+04  -2.65190E+04  -5.95364E+04  -1.39243E+05
   1.53620E-02   3.49777E-03   9.29655E-01   2.02290E-03   4.94626E-02   4.63431E+04  -1.98003E+04  -2.65177E+04  -5.95291E+04  -1.39254E+05
   1.52620E-02   3.49813E-03   9.29749E-01   2.02311E-03   4.94676E-02   4.63017E+04  -1.97995E+04  -2.65165E+04  -5.95219E+04  -1.39265E+05
   1.51620E-02   3.49848E-03   9.29844E-01   2.02332E-03   4.94726E-02   4.62601E+04  -1.97987E+04  -2.65152E+04  -5.95146E+04  -1.39277E+05
   1.50620E-02   3.49884E-03   9.29938E-01   2.02352E-03   4.94777E-02   4.62182E+04  -1.97979E+04  -2.65139E+04  -5.95074E+04  -1.39288E+05
   1.49620E-02   3.49919E-03   9.30032E-01   2.02373E-03   4.94827E-02   4.61761E+04  -1.97971E+04  -2.65127E+04  -5.95001E+04  -1.39299E+05
   1.48620E-02   3.49955E-03   9.30127E-01   2.02393E-03   4.94877E-02   4.61337E+04  -1.97963E+04  -2.65114E+04  -5.94929E+04  -1.39310E+05
   1.47620E-02   3.49990E-03   9.30221E-01   2.02414E-03   4.94927E-02   4.60910E+04  -1.97956E+04  -2.65102E+04  -5.94857E+04  -1.39322E+05
   1.46620E-02   3.50026E-03   9.30316E-01   2.02434E-03   4.94978E-02   4.60480E+04  -1.97948E+04  -2.65089E+04  -5.94784E+04  -1.39333E+05
   1.45620E-02   3.50061E-03   9.30410E-01   2.02455E-03   4.95028E-02   4.60047E+04  -1.97940E+04  -2.65076E+04  -5.94712E+04  -1.39344E+05
   1.44620E-02   3.50097E-03   9.30504E-01   2.02475E-03   4.95078E-02   4.59612E+04  -1.97932E+04  -2.65064E+04  -5.94639E+04  -1.39355E+05
   1.43620E-02   3.50132E-03   9.30599E-01   2.02496E-03   4.95128E-02   4.59174E+04  -1.97924E+04  -2.65051E+04  -5.94567E+04  -1.39366E+05
   1.42620E-02   3.50168E-03   9.30693E-01   2.02516E-03   4.95178E-02   4.58733E+04  -1.97917E+04  -2.65039E+04  -5.94495E+04  -1.39378E+05
   1.41620E-02   3.50203E-03   9.30788E-01   2.02537E-03   4.95229E-02   4.58289E+04  -1.97909E+04  -2.65026E+04  -5.94423E+04  -1.39389E+05
   1.40620E-02   3.50239E-03   9.30882E-01   2.02558E-03   4.95279E-02   4.57842E+04  -1.97901E+04  -2.65014E+04  -5.94350E+04  -1.39400E+05
   1.39620E-02   3.50274E-03   9.30977E-01   2.02578E-03   4.95329E-02   4.57392E+04  -1.97893E+04  -2.65001E+04  -5.94278E+04  -1.39411E+05
   1.38620E-02   3.50310E-03   9.31071E-01   2.02599E-03   4.95379E-02   4.56939E+04  -1.97886E+04  -2.64988E+04  -5.94206E+04  -1.39423E+05
   1.37620E-02   3.50346E-03   9.31165E-01   2.02619E-03   4.95430E-02   4.56482E+04  -1.97878E+04  -2.64976E+04  -5.94134E+04  -1.39434E+05
   1.36620E-02   3.50381E-03   9.31260E-01   2.02640E-03   4.95480E-02   4.56023E+04  -1.97870E+04  -2.64963E+04  -5.94061E+04  -1.39445E+05
   1.35620E-02   3.50417E-03   9.31354E-01   2.02660E-03   4.95530E-02   4.55560E+04  -1.97862E+04  -2.64951E+04  -5.93989E+04  -1.39456E+05
   1.34620E-02   3.50452E-03   9.31449E-01   2.02681E-03   4.95580E-02   4.55094E+04  -1.97855E+04  -2.64938E+04  -5.93917E+04  -1.39468E+05
   1.33620E-02   3.50488E-03   9.31543E-01   2.02701E-03   4.95631E-02   4.54625E+04  -1.97847E+04  -2.64926E+04  -5.93845E+04  -1.39479E+05
   1.32620E-02   3.50523E-03   9.31637E-01   2.02722E-03   4.95681E-02   4.54152E+04  -1.97839E+04  -2.64913E+04  -5.93773E+04  -1.39490E+05
   1.31620E-02   3.50559E-03   9.31732E-01   2.02742E-03   4.95731E-02   4.53676E+04  -1.97831E+04  -2.64901E+04  -5.93701E+04  -1.39501E+05
   1.30620E-02   3.50594E-03   9.31826E-01   2.02763E-03   4.95781E-02   4.53197E+04  -1.97824E+04  -2.64888E+04  -5.93629E+04  -1.39512E+05
   1.29620E-02   3.50630E-03   9.31921E-01   2.02784E-03   4.95832E-02   4.52714E+04  -1.97816E+04  -2.64876E+04  -5.93557E+04  -1.39524E+05
   1.28620E-02   3.50665E-03   9.32015E-01   2.02804E-03   4.95882E-02   4.52227E+04  -1.97808E+04  -2.64863E+04  -5.93484E+04  -1.39535E+05
   1.27620E-02   3.50701E-03   9.32110E-01   2.02825E-03   4.95932E-02   4.51737E+04  -1.97801E+04  -2.64851E+04  -5.93412E+04  -1.39546E+05
   1.26620E-02   3.50736E-03   9.32204E-01   2.02845E-03   4.95982E-02   4.51243E+04  -1.97793E+04  -2.64838E+04  -5.93340E+04  -1.39557E+05
   1.25620E-02   3.50772E-03   9.32298E-01   2.02866E-03   4.96032E-02   4.50746E+04  -1.97785E+04  -2.64826E+04  -5.93268E+04  -1.39568E+05
   1.24620E-02   3.50807E-03   9.32393E-01   2.02886E-03   4.96083E-02   4.50244E+04  -1.97778E+04  -2.64813E+04  -5.93196E+04  -1.39580E+05
   1.23620E-02   3.50843E-03   9.32487E-01   2.02907E-03   4.96133E-02   4.49739E+04  -1.97770E+04  -2.64801E+04  -5.93124E+04  -1.39591E+05
   1.22620E-02   3.50878E-03   9.32582E-01   2.02927E-03   4.96183E-02   4.49230E+04  -1.97762E+04  -2.64788E+04  -5.93053E+04  -1.39602E+05
   1.21620E-02   3.50914E-03   9.32676E-01   2.02948E-03   4.96233E-02   4.48716E+04  -1.97755E+04  -2.64776E+04  -5.92981E+04  -1.39613E+05
   1.20620E-02   3.50949E-03   9.32770E-01   2.02968E-03   4.96284E-02   4.48199E+04  -1.97747E+04  -2.64763E+04  -5.92909E+04  -1.39624E+05
   1.19620E-02   3.50985E-03   9.32865E-01   2.02989E-03   4.96334E-02   4.47678E+04  -1.97739E+04  -2.64751E+04  -5.92837E+04  -1.39636E+05
   1.18620E-02   3.51020E-03   9.32959E-01   2.03009E-03   4.96384E-02   4.47152E+04  -1.97732E+04  -2.64738E+04  -5.92765E+04  -1.39647E+05
   1.17620E-02   3.51056E-03   9.33054E-01   2.03030E-03   4.96434E-02   4.46622E+04  -1.97724E+04  -2.64726E+04  -5.92693E+04  -1.39658E+05
   1.16620E-02   3.51092E-03   9.33148E-01   2.03051E-03   4.96485E-02   4.46088E+04  -1.97717E+04  -2.64713E+04  -5.92621E+04  -1.39669E+05
   1.15620E-02   3.51127E-03   9.33243E-01   2.03071E-03   4.96535E-02   4.45549E+04  -1.97709E+04  -2.64701E+04  -5.92549E+04  -1.39680E+05
   1.14620E-02   3.51163E-03   9.33337E-01   2.03092E-03   4.96585E-02   4.45006E+04  -1.97701E+04  -2.64688E+04  -5.92478E+04  -1.39692E+05
   1.13620E-02   3.51198E-03   9.33431E-01   2.03112E-03   4.96635E-02   4.44458E+04  -1.97694E+04  -2.64676E+04  -5.92406E+04  -1.39703E+05
   1.12620E-02   3.51234E-03   9.33526E-01   2.03133E-03   4.96686E-02   4.43906E+04  -1.97686E+04  -2.64663E+04  -5.92334E+04  -1.39714E+05
   1.11620E-02   3.51269E-03   9.33620E-01   2.03153E-03   4.96736E-02   4.43349E+04  -1.97679E+04  -2.64651E+04  -5.92262E+04  -1.39725E+05
   1.10620E-02   3.51305E-03   9.33715E-01   2.03174E-03   4.96786E-02   4.42787E+04  -1.97671E+04  -2.64638E+04  -5.92190E+04  -1.39736E+05
   1.09620E-02   3.51340E-03   9.33809E-01   2.03194E-03   4.96836E-02   4.42220E+04  -1.97664E+04  -2.64626E+04  -5.92119E+04  -1.39747E+05
   1.08620E-02   3.51376E-03   9.33903E-01   2.03215E-03   4.96886E-02   4.41648E+04  -1.97656E+04  -2.64614E+04  -5.92047E+04  -1.39759E+05
   1.07620E-02   3.51411E-03   9.33998E-01   2.03235E-03   4.96937E-02   4.41071E+04  -1.97649E+04  -2.64601E+04  -5.91975E+04  -1.39770E+05
   1.06620E-02   3.51447E-03   9.34092E-01   2.03256E-03   4.96987E-02   4.40489E+04  -1.97641E+04  -2.64589E+04  -5.91904E+04  -1.39781E+05
   1.05620E-02   3.51482E-03   9.34187E-01   2.03277E-03   4.97037E-02   4.39902E+04  -1.97634E+04  -2.64576E+04  -5.91832E+04  -1.39792E+05
   1.04620E-02   3.51518E-03   9.34281E-01   2.03297E-03   4.97087E-02   4.39309E+04  -1.97626E+04  -2.64564E+04  -5.91760E+04  -1.39803E+05
   1.03620E-02   3.51553E-03   9.34376E-01   2.03318E-03   4.97138E-02   4.38710E+04  -1.97619E+04  -2.64551E+04  -5.91689E+04  -1.39814E+05
   1.02620E-02   3.51589E-03   9.34470E-01   2.03338E-03   4.97188E-02   4.38107E+04  -1.97611E+04  -2.64539E+04  -5.91617E+04  -1.39826E+05
   1.01620E-02   3.51624E-03   9.34564E-01   2.03359E-03   4.97238E-02   4.37497E+04  -1.97604E+04  -2.64527E+04  -5.91546E+04  -1.39837E+05
   1.00620E-02   3.51660E-03   9.34659E-01   2.03379E-03   4.97288E-02   4.36881E+04  -1.97596E+04  -2.64514E+04  -5.91474E+04  -1.39848E+05
   9.96201E-03   3.51695E-03   9.34753E-01   2.03400E-03   4.97339E-02   4.36260E+04  -1.97589E+04  -2.64502E+04  -5.91402E+04  -1.39859E+05
   9.86201E-03   3.51731E-03   9.34848E-01   2.03420E-03   4.97389E-02   4.35633E+04  -1.97581E+04  -2.64489E+04  -5.91331E+04  -1.39870E+05
   9.76201E-03   3.51766E-03   9.34942E-01   2.03441E-03   4.97439E-02   4.34999E+04  -1.97574E+04  -2.64477E+04  -5.91259E+04  -1.39881E+05
   9.66201E-03   3.51802E-03   9.35036E-01   2.03461E-03   4.97489E-02   4.34359E+04  -1.97566E+04  -2.64465E+04  -5.91188E+04  -1.39893E+05
   9.56201E-03   3.51837E-03   9.35131E-01   2.03482E-03   4.97539E-02   4.33713E+04  -1.97559E+04  -2.64452E+04  -5.91116E+04  -1.39904E+05
   9.46201E-03   3.51873E-03   9.35225E-01   2.03503E-03   4.97590E-02   4.33060E+04  -1.97551E+04  -2.64440E+04  -5.91045E+04  -1.39915E+05
   9.36201E-03   3.51909E-03   9.35320E-01   2.03523E-03   4.97640E-02   4.32400E+04  -1.97544E+04  -2.64427E+04  -5.90974E+04  -1.39926E+05
   9.26201E-03   3.51944E-03   9.35414E-01   2.03544E-03   4.97690E-02   4.31734E+04  -1.97536E+04  -2.64415E+04  -5.90902E+04  -1.39937E+05
   9.16201E-03   3.51980E-03   9.35509E-01   2.03564E-03   4.97740E-02   4.31060E+04  -1.97529E+04  -2.64403E+04  -5.90831E+04  -1.39948E+05
   9.06201E-03   3.52015E-03   9.35603E-01   2.03585E-03   4.97791E-02   4.30380E+04  -1.97522E+04  -2.64390E+04  -5.90759E+04  -1.39959E+05
   8.96201E-03   3.52051E-03   9.35697E-01   2.03605E-03   4.97841E-02   4.29692E+04  -1.97514E+04  -2.64378E+04  -5.90688E+04  -1.39970E+05
   8.86201E-03   3.52086E-03   9.35792E-01   2.03626E-03   4.97891E-02   4.28996E+04  -1.97507E+04  -2.64366E+04  -5.90617E+04  -1.39982E+05
   8.76201E-03   3.52122E-03   9.35886E-01   2.03646E-03   4.97941E-02   4.28293E+04  -1.97499E+04  -2.64353E+04  -5.90545E+04  -1.39993E+05
   8.66201E-03   3.52157E-03   9.35981E-01   2.03667E-03   4.97992E-02   4.27582E+04  -1.97492E+04  -2.64341E+04  -5.90474E+04  -1.40004E+05
   8.56201E-03   3.52193E-03   9.36075E-01   2.03687E-03   4.98042E-02   4.26863E+04  -1.97485E+04  -2.64329E+04  -5.90403E+04  -1.40015E+05
   8.46201E-03   3.52228E-03   9.36169E-01   2.03708E-03   4.98092E-02   4.26136E+04  -1.97477E+04  -2.64316E+04  -5.90331E+04  -1.40026E+05
   8.36201E-03   3.52264E-03   9.36264E-01   2.03729E-03   4.98142E-02   4.25401E+04  -1.97470E+04  -2.64304E+04  -5.90260E+04  -1.40037E+05
   8.26201E-03   3.52299E-03   9.36358E-01   2.03749E-03   4.98193E-02   4.24657E+04  -1.97462E+04  -2.64291E+04  -5.90189E+04  -1.40048E+05
   8.16201E-03   3.52335E-03   9.36453E-01   2.03770E-03   4.98243E-02   4.23904E+04  -1.97455E+04  -2.64279E+04  -5.90117E+04  -1.40059E+05
   8.06201E-03   3.52370E-03   9.36547E-01   2.03790E-03   4.98293E-02   4.23142E+04  -1.97448E+04  -2.64267E+04  -5.90046E+04  -1.40071E+05
   7.96201E-03   3.52406E-03   9.36641E-01   2.03811E-03   4.98343E-02   4.22371E+04  -1.97440E+04  -2.64254E+04  -5.89975E+04  -1.40082E+05
   7.86201E-03   3.52441E-03   9.36736E-01   2.03831E-03   4.98393E-02   4.21590E+04  -1.97433E+04  -2.64242E+04  -5.89904E+04  -1.40093E+05
   7.76201E-03   3.52477E-03   9.36830E-01   2.03852E-03   4.98444E-02   4.20799E+04  -1.97426E+04  -2.64230E+04  -5.89833E+04  -1.40104E+05
   7.66201E-03   3.52512E-03   9.36925E-01   2.03872E-03   4.98494E-02   4.19999E+04  -1.97418E+04  -2.64218E+04  -5.89762E+04  -1.40115E+05
   7.56201E-03   3.52548E-03   9.37019E-01   2.03893E-03   4.98544E-02   4.19188E+04  -1.97411E+04  -2.64205E+04  -5.89690E+04  -1.40126E+05
   7.46201E-03   3.52583E-03   9.37114E-01   2.03913E-03   4.98594E-02   4.18367E+04  -1.97404E+04  -2.64193E+04  -5.89619E+04  -1.40137E+05
   7.36201E-03   3.52619E-03   9.37208E-01   2.03934E-03   4.98645E-02   4.17535E+04  -1.97397E+04  -2.64181E+04  -5.89548E+04  -1.40148E+05
   7.26201E-03   3.52655E-03   9.37302E-01   2.03955E-03   4.98695E-02   4.16692E+04  -1.97389E+04  -2.64168E+04  -5.89477E+04  -1.40159E+05
   7.16201E-03   3.52690E-03   9.37397E-01   2.03975E-03   4.98745E-02   4.15838E+04  -1.97382E+04  -2.64156E+04  -5.89406E+04  -1.40171E+05
   7.06201E-03   3.52726E-03   9.37491E-01   2.03996E-03   4.98795E-02   4.14972E+04  -1.97375E+04  -2.64144E+04  -5.89335E+04  -1.40182E+05
   6.96201E-03   3.52761E-03   9.37586E-01   2.04016E-03   4.98846E-02   4.14094E+04  -1.97367E+04  -2.64131E+04  -5.89264E+04  -1.40193E+05
   6.86201E-03   3.52797E-03   9.37680E-01   2.04037E-03   4.98896E-02   4.13203E+04  -1.97360E+04  -2.64119E+04  -5.89193E+04  -1.40204E+05
   6.76201E-03   3.52832E-03   9.37774E-01   2.04057E-03   4.98946E-02   4.12300E+04  -1.97353E+04  -2.64107E+04  -5.89122E+04  -1.40215E+05
   6.66201E-03   3.52868E-03   9.37869E-01   2.04078E-03   4.98996E-02   4.11383E+04  -1.97346E+04  -2.64095E+04  -5.89051E+04  -1.40226E+05
   6.56201E-03   3.52903E-03   9.37963E-01   2.04098E-03   4.99047E-02   4.10453E+04  -1.97338E+04  -2.64082E+04  -5.88980E+04  -1.40237E+05
   6.46201E-03   3.52939E-03   9.38058E-01   2.04119E-03   4.99097E-02   4.09509E+04  -1.97331E+04  -2.64070E+04  -5.88909E+04  -1.40248E+05
   6.36201E-03   3.52974E-03   9.38152E-01   2.04139E-03   4.99147E-02   4.08551E+04  -1.97324E+04  -2.64058E+04  -5.88838E+04  -1.40259E+05
   6.26201E-03   3.53010E-03   9.38247E-01   2.04160E-03   4.99197E-02   4.07577E+04  -1.97317E+04  -2.64046E+04  -5.88767E+04  -1.40270E+05
   6.16201E-03   3.53045E-03   9.38341E-01   2.04181E-03   4.99247E-02   4.06589E+04  -1.97309E+04  -2.64033E+04  -5.88696E+04  -1.40281E+05
   6.06201E-03   3.53081E-03   9.38435E-01   2.04201E-03   4.99298E-02   4.05584E+04  -1.97302E+04  -2.64021E+04  -5.88625E+04  -1.40292E+05
   5.96201E-03   3.53116E-03   9.38530E-01   2.04222E-03   4.99348E-02   4.04564E+04  -1.97295E+04  -2.64009E+04  -5.88554E+04  -1.40304E+05
   5.86201E-03   3.53152E-03   9.38624E-01   2.04242E-03   4.99398E-02   4.03526E+04  -1.97288E+04  -2.63997E+04  -5.88484E+04  -1.40315E+05
   5.76201E-03   3.53187E-03   9.38719E-01   2.04263E-03   4.99448E-02   4.02471E+04  -1.97281E+04  -2.63984E+04  -5.88413E+04  -1.40326E+05
   5.66201E-03   3.53223E-03   9.38813E-01   2.04283E-03   4.99499E-02   4.01397E+04  -1.97274E+04  -2.63972E+04  -5.88342E+04  -1.40337E+05
   5.56201E-03   3.53258E-03   9.38907E-01   2.04304E-03   4.99549E-02   4.00305E+04  -1.97266E+04  -2.63960E+04  -5.88271E+04  -1.40348E+05
   5.46201E-03   3.53294E-03   9.39002E-01   2.04324E-03   4.99599E-02   3.99194E+04  -1.97259E+04  -2.63948E+04  -5.88200E+04  -1.40359E+05
   5.36201E-03   3.53329E-03   9.39096E-01   2.04345E-03   4.99649E-02   3.98062E+04  -1.97252E+04  -2.63935E+04  -5.88130E+04  -1.40370E+05
   5.26201E-03   3.53365E-03   9.39191E-01   2.04365E-03   4.99700E-02   3.96909E+04  -1.97245E+04  -2.63923E+04  -5.88059E+04  -1.40381E+05
   5.16201E-03   3.53401E-03   9.39285E-01   2.04386E-03   4.99750E-02   3.95735E+04  -1.97238E+04  -2.63911E+04  -5.87988E+04  -1.40392E+05
   5.06201E-03   3.53436E-03   9.39380E-01   2.04407E-03   4.99800E-02   3.94538E+04  -1.97231E+04  -2.63899E+04  -5.87917E+04  -1.40403E+05
   4.96201E-03   3.53472E-03   9.39474E-01   2.04427E-03   4.99850E-02   3.93318E+04  -1.97223E+04  -2.63886E+04  -5.87847E+04  -1.40414E+05
   4.86201E-03   3.53507E-03   9.39568E-01   2.04448E-03   4.99901E-02   3.92073E+04  -1.97216E+04  -2.63874E+04  -5.87776E+04  -1.40425E+05
   4.76201E-03   3.53543E-03   9.39663E-01   2.04468E-03   4.99951E-02   3.90803E+04  -1.97209E+04  -2.63862E+04  -5.87705E+04  -1.40436E+05
   4.66201E-03   3.53578E-03   9.39757E-01   2.04489E-03   5.00001E-02   3.89506E+04  -1.97202E+04  -2.63850E+04  -5.87635E+04  -1.40447E+05
   4.56201E-03   3.53614E-03   9.39852E-01   2.04509E-03   5.00051E-02   3.88182E+04  -1.97195E+04  -2.63838E+04  -5.87564E+04  -1.40458E+05
   4.46201E-03   3.53649E-03   9.39946E-01   2.04530E-03   5.00101E-02   3.86829E+04  -1.97188E+04  -2.63825E+04  -5.87493E+04  -1.40469E+05
   4.36201E-03   3.53685E-03   9.40040E-01   2.04550E-03   5.00152E-02   3.85445E+04  -1.97181E+04  -2.63813E+04  -5.87423E+04  -1.40480E+05
   4.26201E-03   3.53720E-03   9.40135E-01   2.04571E-03   5.00202E-02   3.84030E+04  -1.97174E+04  -2.63801E+04  -5.87352E+04  -1.40491E+05
   4.16201E-03   3.53756E-03   9.40229E-01   2.04591E-03   5.00252E-02   3.82582E+04  -1.97167E+04  -2.63789E+04  -5.87282E+04  -1.40503E+05
   4.06201E-03   3.53791E-03   9.40324E-01   2.04612E-03   5.00302E-02   3.81099E+04  -1.97160E+04  -2.63777E+04  -5.87211E+04  -1.40514E+05
   3.96201E-03   3.53827E-03   9.40418E-01   2.04633E-03   5.00353E-02   3.79580E+04  -1.97153E+04  -2.63765E+04  -5.87141E+04  -1.40525E+05
   3.86201E-03   3.53862E-03   9.40513E-01   2.04653E-03   5.00403E-02   3.78022E+04  -1.97145E+04  -2.63752E+04  -5.87070E+04  -1.40536E+05
   3.76201E-03   3.53898E-03   9.40607E-01   2.04674E-03   5.00453E-02   3.76424E+04  -1.97138E+04  -2.63740E+04  -5.87000E+04  -1.40547E+05
   3.66201E-03   3.53933E-03   9.40701E-01   2.04694E-03   5.00503E-02   3.74784E+04  -1.97131E+04  -2.63728E+04  -5.86929E+04  -1.40558E+05
   3.56201E-03   3.53969E-03   9.40796E-01   2.04715E-03   5.00554E-02   3.73099E+04  -1.97124E+04  -2.63716E+04  -5.86859E+04  -1.40569E+05
   3.46201E-03   3.54004E-03   9.40890E-01   2.04735E-03   5.00604E-02   3.71366E+04  -1.97117E+04  -2.63704E+04  -5.86788E+04  -1.40580E+05
   3.36201E-03   3.54040E-03   9.40985E-01   2.04756E-03   5.00654E-02   3.69583E+04  -1.97110E+04  -2.63692E+04  -5.86718E+04  -1.40591E+05
   3.26201E-03   3.54075E-03   9.41079E-01   2.04776E-03   5.00704E-02   3.67747E+04  -1.97103E+04  -2.63679E+04  -5.86647E+04  -1.40602E+05
   3.16201E-03   3.54111E-03   9.41173E-01   2.04797E-03   5.00754E-02   3.65854E+04  -1.97096E+04  -2.63667E+04  -5.86577E+04  -1.40613E+05
   3.06201E-03   3.54147E-03   9.41268E-01   2.04817E-03   5.00805E-02   3.63901E+04  -1.97089E+04  -2.63655E+04  -5.86507E+04  -1.40624E+05
   2.96201E-03   3.54182E-03   9.41362E-01   2.04838E-03   5.00855E-02   3.61884E+04  -1.97082E+04  -2.63643E+04  -5.86436E+04  -1.40635E+05
   2.86201E-03   3.54218E-03   9.41457E-01   2.04859E-03   5.00905E-02   3.59799E+04  -1.97075E+04  -2.63631E+04  -5.86366E+04  -1.40646E+05
   2.76201E-03   3.54253E-03   9.41551E-01   2.04879E-03   5.00955E-02   3.57640E+04  -1.97068E+04  -2.63619E+04  -5.86296E+04  -1.40657E+05
   2.66201E-03   3.54289E-03   9.41646E-01   2.04900E-03   5.01006E-02   3.55402E+04  -1.97061E+04  -2.63607E+04  -5.86225E+04  -1.40668E+05
   2.56201E-03   3.54324E-03   9.41740E-01   2.04920E-03   5.01056E-02   3.53079E+04  -1.97054E+04  -2.63595E+04  -5.86155E+04  -1.40679E+05
   2.46201E-03   3.54360E-03   9.41834E-01   2.04941E-03   5.01106E-02   3.50665E+04  -1.97047E+04  -2.63582E+04  -5.86085E+04  -1.40690E+05
   2.36201E-03   3.54395E-03   9.41929E-01   2.04961E-03   5.01156E-02   3.48151E+04  -1.97040E+04  -2.63570E+04  -5.86015E+04  -1.40701E+05
   2.26201E-03   3.54431E-03   9.42023E-01   2.04982E-03   5.01207E-02   3.45530E+04  -1.97034E+04  -2.63558E+04  -5.85944E+04  -1.40712E+05
   2.16201E-03   3.54466E-03   9.42118E-01   2.05002E-03   5.01257E-02   3.42791E+04  -1.97027E+04  -2.63546E+04  -5.85874E+04  -1.40723E+05
   2.06201E-03   3.54502E-03   9.42212E-01   2.05023E-03   5.01307E-02   3.39923E+04  -1.97020E+04  -2.63534E+04  -5.85804E+04  -1.40734E+05
   1.96201E-03   3.54537E-03   9.42306E-01   2.05043E-03   5.01357E-02   3.36913E+04  -1.97013E+04  -2.63522E+04  -5.85734E+04  -1.40745E+05
   1.86201E-03   3.54573E-03   9.42401E-01   2.05064E-03   5.01408E-02   3.33747E+04  -1.97006E+04  -2.63510E+04  -5.85663E+04  -1.40756E+05
   1.76201E-03   3.54608E-03   9.42495E-01   2.05085E-03   5.01458E-02   3.30408E+04  -1.96999E+04  -2.63498E+04  -5.85593E+04  -1.40767E+05
   1.66201E-03   3.54644E-03   9.42590E-01   2.05105E-03   5.01508E-02   3.26874E+04  -1.96992E+04  -2.63486E+04  -5.85523E+04  -1.40778E+05
   1.56201E-03   3.54679E-03   9.42684E-01   2.05126E-03   5.01558E-02   3.23122E+04  -1.96985E+04  -2.63474E+04  -5.85453E+04  -1.40789E+05
   1.46201E-03   3.54715E-03   9.42779E-01   2.05146E-03   5.01608E-02   3.19124E+04  -1.96978E+04  -2.63461E+04  -5.85383E+04  -1.40800E+05
   1.36201E-03   3.54750E-03   9.42873E-01   2.05167E-03   5.01659E-02   3.14843E+04  -1.96971E+04  -2.63449E+04  -5.85313E+04  -1.40811E+05
   1.26201E-03   3.54786E-03   9.42967E-01   2.05187E-03   5.01709E-02   3.10238E+04  -1.96964E+04  -2.63437E+04  -5.85243E+04  -1.40822E+05
   1.16201E-03   3.54821E-03   9.43062E-01   2.05208E-03   5.01759E-02   3.05254E+04  -1.96958E+04  -2.63425E+04  -5.85173E+04  -1.40833E+05
   1.06201E-03   3.54857E-03   9.43156E-01   2.05228E-03   5.01809E-02   2.99823E+04  -1.96951E+04  -2.63413E+04  -5.85103E+04  -1.40844E+05
   9.62012E-04   3.54893E-03   9.43251E-01   2.05249E-03   5.01860E-02   2.93856E+04  -1.96944E+04  -2.63401E+04  -5.85033E+04  -1.40855E+05
   8.62012E-04   3.54928E-03   9.43345E-01   2.05269E-03   5.01910E-02   2.87236E+04  -1.96937E+04  -2.63389E+04  -5.84963E+04  -1.40866E+05
   7.62012E-04   3.54964E-03   9.43439E-01   2.05290E-03   5.01960E-02   2.79802E+04  -1.96930E+04  -2.63377E+04  -5.84893E+04  -1.40877E+05
   6.62012E-04   3.54999E-03   9.43534E-01   2.05311E-03   5.02010E-02   2.71323E+04  -1.96923E+04  -2.63365E+04  -5.84823E+04  -1.40888E+05
   5.62012E-04   3.55035E-03   9.43628E-01   2.05331E-03   5.02061E-02   2.61456E+04  -1.96916E+04  -2.63353E+04  -5.84753E+04  -1.40899E+05
   4.62012E-04   3.55070E-03   9.43723E-01   2.05352E-03   5.02111E-02   2.49655E+04  -1.96910E+04  -2.63341E+04  -5.84683E+04  -1.40910E+05
   3.62012E-04   3.55106E-03   9.43817E-01   2.05372E-03   5.02161E-02   2.34969E+04  -1.96903E+04  -2.63329E+04  -5.84613E+04  -1.40921E+05
   2.62012E-04   3.55141E-03   9.43912E-01   2.05393E-03   5.02211E-02   2.15510E+04  -1.96896E+04  -2.63317E+04  -5.84543E+04  -1.40932E+05
   1.62012E-04   3.55177E-03   9.44006E-01   2.05413E-03   5.02262E-02   1.86586E+04  -1.96889E+04  -2.63305E+04  -5.84473E+04  -1.40942E+05
   6.20121E-05   3.55212E-03   9.44100E-01   2.05434E-03   5.02312E-02   1.28824E+04  -1.96882E+04  -2.63293E+04  -5.84403E+04  -1.40953E+05
   1.00000E-06   3.55234E-03   9.44158E-01   2.05446E-03   5.02342E-02  -1.19350E+04  -1.96878E+04  -2.63285E+04  -5.84361E+04  -1.40960E+05

 Phase Region for:
     FCC_A1#2                      
 col-1=X(C), col-2=X(CU), col-3=X(FE), col-4=X(MN), col-5=X(SI), col-6=MU(C), col-7=MU(CU), col-8=MU(FE), col-9=MU(MN), col-10=MU(SI),
   9.72763E-03   9.88752E-01   9.48102E-05   1.42520E-03   4.26248E-10   2.10597E+05  -2.95284E+04  -3.61694E+04  -6.82790E+04  -1.50796E+05
   9.82763E-03   9.88645E-01   9.54063E-05   1.43178E-03   4.27962E-10   2.10634E+05  -2.95288E+04  -3.61697E+04  -6.82794E+04  -1.50797E+05
   9.92763E-03   9.88538E-01   9.60062E-05   1.43839E-03   4.29683E-10   2.10669E+05  -2.95292E+04  -3.61701E+04  -6.82797E+04  -1.50797E+05
   9.99900E-03   9.88461E-01   9.64367E-05   1.44312E-03   4.30916E-10   2.10694E+05  -2.95294E+04  -3.61703E+04  -6.82800E+04  -1.50797E+05

 Phase Region for:
     FCC_A1#2                      
 col-1=X(C), col-2=X(CU), col-3=X(FE), col-4=X(MN), col-5=X(SI), col-6=MU(C), col-7=MU(CU), col-8=MU(FE), col-9=MU(MN), col-10=MU(SI),
   9.72763E-03   9.88752E-01   9.48102E-05   1.42520E-03   4.26248E-10   2.10597E+05  -2.95284E+04  -3.61694E+04  -6.82790E+04  -1.50796E+05
   9.62763E-03   9.88860E-01   9.42179E-05   1.41865E-03   4.24541E-10   2.10561E+05  -2.95281E+04  -3.61690E+04  -6.82786E+04  -1.50796E+05
   9.52763E-03   9.88967E-01   9.36294E-05   1.41214E-03   4.22841E-10   2.10523E+05  -2.95277E+04  -3.61686E+04  -6.82783E+04  -1.50796E+05
   9.42763E-03   9.89074E-01   9.30447E-05   1.40565E-03   4.21148E-10   2.10485E+05  -2.95274E+04  -3.61683E+04  -6.82779E+04  -1.50795E+05
   9.32763E-03   9.89181E-01   9.24637E-05   1.39919E-03   4.19463E-10   2.10446E+05  -2.95270E+04  -3.61679E+04  -6.82775E+04  -1.50795E+05
   9.22763E-03   9.89288E-01   9.18864E-05   1.39277E-03   4.17784E-10   2.10407E+05  -2.95266E+04  -3.61675E+04  -6.82772E+04  -1.50795E+05
   9.12763E-03   9.89395E-01   9.13129E-05   1.38637E-03   4.16113E-10   2.10366E+05  -2.95262E+04  -3.61672E+04  -6.82768E+04  -1.50794E+05
   9.02763E-03   9.89502E-01   9.07429E-05   1.38000E-03   4.14449E-10   2.10325E+05  -2.95259E+04  -3.61668E+04  -6.82764E+04  -1.50794E+05
   8.92763E-03   9.89609E-01   9.01766E-05   1.37367E-03   4.12791E-10   2.10284E+05  -2.95255E+04  -3.61664E+04  -6.82761E+04  -1.50794E+05
   8.82763E-03   9.89715E-01   8.96140E-05   1.36736E-03   4.11141E-10   2.10241E+05  -2.95251E+04  -3.61660E+04  -6.82757E+04  -1.50793E+05
   8.72763E-03   9.89822E-01   8.90549E-05   1.36108E-03   4.09498E-10   2.10198E+05  -2.95247E+04  -3.61656E+04  -6.82753E+04  -1.50793E+05
   8.62763E-03   9.89929E-01   8.84994E-05   1.35483E-03   4.07861E-10   2.10154E+05  -2.95243E+04  -3.61652E+04  -6.82749E+04  -1.50792E+05
   8.52763E-03   9.90036E-01   8.79474E-05   1.34861E-03   4.06231E-10   2.10109E+05  -2.95239E+04  -3.61649E+04  -6.82745E+04  -1.50792E+05
   8.42763E-03   9.90143E-01   8.73990E-05   1.34242E-03   4.04608E-10   2.10063E+05  -2.95236E+04  -3.61645E+04  -6.82741E+04  -1.50792E+05
   8.32763E-03   9.90249E-01   8.68541E-05   1.33625E-03   4.02992E-10   2.10016E+05  -2.95232E+04  -3.61641E+04  -6.82737E+04  -1.50791E+05
   8.22763E-03   9.90356E-01   8.63126E-05   1.33012E-03   4.01383E-10   2.09969E+05  -2.95228E+04  -3.61637E+04  -6.82733E+04  -1.50791E+05
   8.12763E-03   9.90463E-01   8.57746E-05   1.32401E-03   3.99780E-10   2.09920E+05  -2.95224E+04  -3.61633E+04  -6.82729E+04  -1.50790E+05
   8.02763E-03   9.90569E-01   8.52400E-05   1.31794E-03   3.98184E-10   2.09871E+05  -2.95220E+04  -3.61629E+04  -6.82725E+04  -1.50790E+05
   7.92763E-03   9.90676E-01   8.47089E-05   1.31189E-03   3.96595E-10   2.09821E+05  -2.95216E+04  -3.61625E+04  -6.82721E+04  -1.50790E+05
   7.82763E-03   9.90782E-01   8.41811E-05   1.30587E-03   3.95012E-10   2.09769E+05  -2.95212E+04  -3.61621E+04  -6.82717E+04  -1.50789E+05
   7.72763E-03   9.90889E-01   8.36567E-05   1.29987E-03   3.93436E-10   2.09717E+05  -2.95207E+04  -3.61617E+04  -6.82713E+04  -1.50789E+05
   7.62763E-03   9.90995E-01   8.31356E-05   1.29391E-03   3.91867E-10   2.09664E+05  -2.95203E+04  -3.61612E+04  -6.82709E+04  -1.50788E+05
   7.52763E-03   9.91102E-01   8.26178E-05   1.28797E-03   3.90304E-10   2.09609E+05  -2.95199E+04  -3.61608E+04  -6.82705E+04  -1.50788E+05
   7.42763E-03   9.91208E-01   8.21034E-05   1.28206E-03   3.88748E-10   2.09554E+05  -2.95195E+04  -3.61604E+04  -6.82701E+04  -1.50788E+05
   7.32763E-03   9.91315E-01   8.15922E-05   1.27618E-03   3.87198E-10   2.09497E+05  -2.95191E+04  -3.61600E+04  -6.82696E+04  -1.50787E+05
   7.22763E-03   9.91421E-01   8.10843E-05   1.27032E-03   3.85654E-10   2.09440E+05  -2.95187E+04  -3.61596E+04  -6.82692E+04  -1.50787E+05
   7.12763E-03   9.91527E-01   8.05796E-05   1.26449E-03   3.84117E-10   2.09381E+05  -2.95182E+04  -3.61591E+04  -6.82688E+04  -1.50786E+05
   7.02763E-03   9.91634E-01   8.00781E-05   1.25869E-03   3.82587E-10   2.09321E+05  -2.95178E+04  -3.61587E+04  -6.82684E+04  -1.50786E+05
   6.92763E-03   9.91740E-01   7.95798E-05   1.25292E-03   3.81063E-10   2.09260E+05  -2.95174E+04  -3.61583E+04  -6.82679E+04  -1.50785E+05
   6.82763E-03   9.91846E-01   7.90847E-05   1.24717E-03   3.79545E-10   2.09197E+05  -2.95169E+04  -3.61579E+04  -6.82675E+04  -1.50785E+05
   6.72763E-03   9.91952E-01   7.85927E-05   1.24145E-03   3.78033E-10   2.09133E+05  -2.95165E+04  -3.61574E+04  -6.82671E+04  -1.50785E+05
   6.62763E-03   9.92059E-01   7.81039E-05   1.23576E-03   3.76528E-10   2.09068E+05  -2.95161E+04  -3.61570E+04  -6.82666E+04  -1.50784E+05
   6.52763E-03   9.92165E-01   7.76182E-05   1.23009E-03   3.75029E-10   2.09002E+05  -2.95156E+04  -3.61565E+04  -6.82662E+04  -1.50784E+05
   6.42763E-03   9.92271E-01   7.71356E-05   1.22445E-03   3.73537E-10   2.08934E+05  -2.95152E+04  -3.61561E+04  -6.82657E+04  -1.50783E+05
   6.32763E-03   9.92377E-01   7.66560E-05   1.21883E-03   3.72050E-10   2.08864E+05  -2.95147E+04  -3.61556E+04  -6.82653E+04  -1.50783E+05
   6.22763E-03   9.92483E-01   7.61795E-05   1.21324E-03   3.70570E-10   2.08793E+05  -2.95143E+04  -3.61552E+04  -6.82648E+04  -1.50782E+05
   6.12763E-03   9.92589E-01   7.57060E-05   1.20768E-03   3.69096E-10   2.08721E+05  -2.95138E+04  -3.61547E+04  -6.82644E+04  -1.50782E+05
   6.02763E-03   9.92695E-01   7.52355E-05   1.20214E-03   3.67628E-10   2.08647E+05  -2.95134E+04  -3.61543E+04  -6.82639E+04  -1.50781E+05
   5.92763E-03   9.92801E-01   7.47681E-05   1.19663E-03   3.66166E-10   2.08571E+05  -2.95129E+04  -3.61538E+04  -6.82635E+04  -1.50781E+05
   5.82763E-03   9.92907E-01   7.43035E-05   1.19114E-03   3.64710E-10   2.08494E+05  -2.95125E+04  -3.61534E+04  -6.82630E+04  -1.50781E+05
   5.72763E-03   9.93013E-01   7.38420E-05   1.18568E-03   3.63260E-10   2.08414E+05  -2.95120E+04  -3.61529E+04  -6.82626E+04  -1.50780E+05
   5.62763E-03   9.93119E-01   7.33834E-05   1.18025E-03   3.61817E-10   2.08333E+05  -2.95115E+04  -3.61525E+04  -6.82621E+04  -1.50780E+05
   5.52763E-03   9.93225E-01   7.29276E-05   1.17484E-03   3.60379E-10   2.08250E+05  -2.95111E+04  -3.61520E+04  -6.82616E+04  -1.50779E+05
   5.42763E-03   9.93330E-01   7.24748E-05   1.16945E-03   3.58947E-10   2.08165E+05  -2.95106E+04  -3.61515E+04  -6.82612E+04  -1.50779E+05
   5.32763E-03   9.93436E-01   7.20249E-05   1.16409E-03   3.57521E-10   2.08078E+05  -2.95101E+04  -3.61511E+04  -6.82607E+04  -1.50778E+05
   5.22763E-03   9.93542E-01   7.15778E-05   1.15876E-03   3.56101E-10   2.07989E+05  -2.95097E+04  -3.61506E+04  -6.82602E+04  -1.50778E+05
   5.12763E-03   9.93648E-01   7.11335E-05   1.15345E-03   3.54687E-10   2.07897E+05  -2.95092E+04  -3.61501E+04  -6.82597E+04  -1.50777E+05
   5.02763E-03   9.93754E-01   7.06921E-05   1.14816E-03   3.53279E-10   2.07804E+05  -2.95087E+04  -3.61496E+04  -6.82593E+04  -1.50777E+05
   4.92763E-03   9.93859E-01   7.02535E-05   1.14290E-03   3.51877E-10   2.07707E+05  -2.95082E+04  -3.61491E+04  -6.82588E+04  -1.50776E+05
   4.82763E-03   9.93965E-01   6.98176E-05   1.13766E-03   3.50480E-10   2.07609E+05  -2.95078E+04  -3.61487E+04  -6.82583E+04  -1.50776E+05
   4.72763E-03   9.94071E-01   6.93846E-05   1.13245E-03   3.49089E-10   2.07508E+05  -2.95073E+04  -3.61482E+04  -6.82578E+04  -1.50775E+05
   4.62763E-03   9.94176E-01   6.89542E-05   1.12726E-03   3.47705E-10   2.07404E+05  -2.95068E+04  -3.61477E+04  -6.82573E+04  -1.50775E+05
   4.52763E-03   9.94282E-01   6.85266E-05   1.12210E-03   3.46325E-10   2.07297E+05  -2.95063E+04  -3.61472E+04  -6.82568E+04  -1.50774E+05
   4.42763E-03   9.94387E-01   6.81017E-05   1.11696E-03   3.44952E-10   2.07187E+05  -2.95058E+04  -3.61467E+04  -6.82563E+04  -1.50774E+05
   4.32763E-03   9.94493E-01   6.76795E-05   1.11184E-03   3.43584E-10   2.07074E+05  -2.95053E+04  -3.61462E+04  -6.82558E+04  -1.50773E+05
   4.22763E-03   9.94598E-01   6.72600E-05   1.10675E-03   3.42222E-10   2.06959E+05  -2.95048E+04  -3.61457E+04  -6.82553E+04  -1.50773E+05
   4.12763E-03   9.94704E-01   6.68431E-05   1.10168E-03   3.40865E-10   2.06839E+05  -2.95043E+04  -3.61452E+04  -6.82548E+04  -1.50772E+05
   4.02763E-03   9.94809E-01   6.64289E-05   1.09664E-03   3.39514E-10   2.06716E+05  -2.95038E+04  -3.61447E+04  -6.82543E+04  -1.50772E+05
   3.92763E-03   9.94915E-01   6.60173E-05   1.09161E-03   3.38169E-10   2.06590E+05  -2.95033E+04  -3.61442E+04  -6.82538E+04  -1.50771E+05
   3.82763E-03   9.95020E-01   6.56083E-05   1.08661E-03   3.36829E-10   2.06459E+05  -2.95028E+04  -3.61437E+04  -6.82533E+04  -1.50771E+05
   3.72763E-03   9.95126E-01   6.52019E-05   1.08164E-03   3.35495E-10   2.06324E+05  -2.95023E+04  -3.61432E+04  -6.82528E+04  -1.50770E+05
   3.62763E-03   9.95231E-01   6.47981E-05   1.07669E-03   3.34166E-10   2.06185E+05  -2.95018E+04  -3.61427E+04  -6.82523E+04  -1.50770E+05
   3.52763E-03   9.95336E-01   6.43968E-05   1.07176E-03   3.32843E-10   2.06042E+05  -2.95012E+04  -3.61421E+04  -6.82518E+04  -1.50769E+05
   3.42763E-03   9.95442E-01   6.39981E-05   1.06685E-03   3.31525E-10   2.05893E+05  -2.95007E+04  -3.61416E+04  -6.82512E+04  -1.50769E+05
   3.32763E-03   9.95547E-01   6.36019E-05   1.06197E-03   3.30213E-10   2.05740E+05  -2.95002E+04  -3.61411E+04  -6.82507E+04  -1.50768E+05
   3.22763E-03   9.95652E-01   6.32082E-05   1.05711E-03   3.28906E-10   2.05581E+05  -2.94997E+04  -3.61406E+04  -6.82502E+04  -1.50768E+05
   3.12763E-03   9.95757E-01   6.28170E-05   1.05227E-03   3.27604E-10   2.05416E+05  -2.94992E+04  -3.61401E+04  -6.82497E+04  -1.50767E+05
   3.02763E-03   9.95862E-01   6.24283E-05   1.04745E-03   3.26308E-10   2.05245E+05  -2.94986E+04  -3.61395E+04  -6.82491E+04  -1.50767E+05
   2.92763E-03   9.95968E-01   6.20420E-05   1.04266E-03   3.25017E-10   2.05068E+05  -2.94981E+04  -3.61390E+04  -6.82486E+04  -1.50766E+05
   2.82763E-03   9.96073E-01   6.16582E-05   1.03788E-03   3.23732E-10   2.04883E+05  -2.94976E+04  -3.61385E+04  -6.82481E+04  -1.50766E+05
   2.72763E-03   9.96178E-01   6.12768E-05   1.03313E-03   3.22451E-10   2.04691E+05  -2.94970E+04  -3.61379E+04  -6.82475E+04  -1.50765E+05
   2.62763E-03   9.96283E-01   6.08978E-05   1.02841E-03   3.21176E-10   2.04491E+05  -2.94965E+04  -3.61374E+04  -6.82470E+04  -1.50765E+05
   2.52763E-03   9.96388E-01   6.05212E-05   1.02370E-03   3.19907E-10   2.04282E+05  -2.94960E+04  -3.61369E+04  -6.82465E+04  -1.50764E+05
   2.42763E-03   9.96493E-01   6.01470E-05   1.01902E-03   3.18642E-10   2.04064E+05  -2.94954E+04  -3.61363E+04  -6.82459E+04  -1.50764E+05
   2.32763E-03   9.96598E-01   5.97752E-05   1.01436E-03   3.17383E-10   2.03835E+05  -2.94949E+04  -3.61358E+04  -6.82454E+04  -1.50763E+05
   2.22763E-03   9.96703E-01   5.94057E-05   1.00972E-03   3.16129E-10   2.03595E+05  -2.94943E+04  -3.61352E+04  -6.82448E+04  -1.50762E+05
   2.12763E-03   9.96808E-01   5.90385E-05   1.00510E-03   3.14880E-10   2.03344E+05  -2.94938E+04  -3.61347E+04  -6.82443E+04  -1.50762E+05
   2.02763E-03   9.96913E-01   5.86737E-05   1.00050E-03   3.13636E-10   2.03078E+05  -2.94932E+04  -3.61341E+04  -6.82437E+04  -1.50761E+05
   1.92763E-03   9.97018E-01   5.83112E-05   9.95923E-04   3.12397E-10   2.02799E+05  -2.94927E+04  -3.61336E+04  -6.82431E+04  -1.50761E+05
   1.82763E-03   9.97123E-01   5.79509E-05   9.91368E-04   3.11163E-10   2.02503E+05  -2.94921E+04  -3.61330E+04  -6.82426E+04  -1.50760E+05
   1.72763E-03   9.97228E-01   5.75929E-05   9.86835E-04   3.09935E-10   2.02189E+05  -2.94915E+04  -3.61325E+04  -6.82420E+04  -1.50760E+05
   1.62763E-03   9.97333E-01   5.72372E-05   9.82322E-04   3.08711E-10   2.01854E+05  -2.94910E+04  -3.61319E+04  -6.82415E+04  -1.50759E+05
   1.52763E-03   9.97438E-01   5.68838E-05   9.77830E-04   3.07493E-10   2.01497E+05  -2.94904E+04  -3.61313E+04  -6.82409E+04  -1.50759E+05
   1.42763E-03   9.97542E-01   5.65325E-05   9.73359E-04   3.06279E-10   2.01115E+05  -2.94899E+04  -3.61308E+04  -6.82403E+04  -1.50758E+05
   1.32763E-03   9.97647E-01   5.61835E-05   9.68909E-04   3.05071E-10   2.00702E+05  -2.94893E+04  -3.61302E+04  -6.82397E+04  -1.50757E+05
   1.22763E-03   9.97752E-01   5.58367E-05   9.64480E-04   3.03867E-10   2.00256E+05  -2.94887E+04  -3.61296E+04  -6.82392E+04  -1.50757E+05
   1.12763E-03   9.97857E-01   5.54921E-05   9.60071E-04   3.02668E-10   1.99769E+05  -2.94881E+04  -3.61290E+04  -6.82386E+04  -1.50756E+05
   1.02763E-03   9.97962E-01   5.51496E-05   9.55683E-04   3.01474E-10   1.99235E+05  -2.94876E+04  -3.61285E+04  -6.82380E+04  -1.50756E+05
   9.27626E-04   9.98066E-01   5.48094E-05   9.51315E-04   3.00285E-10   1.98643E+05  -2.94870E+04  -3.61279E+04  -6.82374E+04  -1.50755E+05
   8.27626E-04   9.98171E-01   5.44712E-05   9.46967E-04   2.99101E-10   1.97982E+05  -2.94864E+04  -3.61273E+04  -6.82368E+04  -1.50755E+05
   7.27626E-04   9.98276E-01   5.41352E-05   9.42640E-04   2.97922E-10   1.97232E+05  -2.94858E+04  -3.61267E+04  -6.82363E+04  -1.50754E+05
   6.27626E-04   9.98380E-01   5.38013E-05   9.38333E-04   2.96747E-10   1.96367E+05  -2.94852E+04  -3.61261E+04  -6.82357E+04  -1.50754E+05
   5.27626E-04   9.98485E-01   5.34695E-05   9.34046E-04   2.95577E-10   1.95348E+05  -2.94847E+04  -3.61256E+04  -6.82351E+04  -1.50753E+05
   4.27626E-04   9.98589E-01   5.31399E-05   9.29780E-04   2.94411E-10   1.94108E+05  -2.94841E+04  -3.61250E+04  -6.82345E+04  -1.50752E+05
   3.27626E-04   9.98694E-01   5.28123E-05   9.25533E-04   2.93250E-10   1.92531E+05  -2.94835E+04  -3.61244E+04  -6.82338E+04  -1.50752E+05
   2.27626E-04   9.98799E-01   5.24867E-05   9.21308E-04   2.92094E-10   1.90365E+05  -2.94829E+04  -3.61238E+04  -6.82332E+04  -1.50751E+05
   1.27626E-04   9.98903E-01   5.21632E-05   9.17103E-04   2.90940E-10   1.86910E+05  -2.94823E+04  -3.61232E+04  -6.82326E+04  -1.50751E+05
   2.76265E-05   9.99008E-01   5.18418E-05   9.12928E-04   2.89787E-10   1.77733E+05  -2.94817E+04  -3.61226E+04  -6.82319E+04  -1.50750E+05
   1.00000E-06   9.99035E-01   5.17567E-05   9.11847E-04   2.89464E-10   1.57785E+05  -2.94815E+04  -3.61224E+04  -6.82315E+04  -1.50751E+05
