
 Phase Region for:
     FCC_A1#1                      
 col-1=X(C), col-2=X(CU), col-3=X(FE), col-4=X(MN), col-5=X(SI), col-6=MU(C), col-7=MU(CU), col-8=MU(FE), col-9=MU(MN), col-10=MU(SI),
   9.72763E-03   3.51779E-03   9.34974E-01   2.03448E-03   4.97456E-02   2.58601E+03  -2.91096E+04  -2.45342E+04  -7.42936E+04  -1.38322E+05
   1.07276E-02   3.51423E-03   9.34030E-01   2.03243E-03   4.96954E-02   3.25277E+03  -2.90381E+04  -2.45473E+04  -7.43430E+04  -1.38217E+05
   1.17276E-02   3.51068E-03   9.33086E-01   2.03037E-03   4.96452E-02   3.86721E+03  -2.89669E+04  -2.45604E+04  -7.43925E+04  -1.38111E+05
   1.27276E-02   3.50713E-03   9.32142E-01   2.02832E-03   4.95949E-02   4.43794E+03  -2.88959E+04  -2.45737E+04  -7.44422E+04  -1.38005E+05
   1.37276E-02   3.50358E-03   9.31198E-01   2.02626E-03   4.95447E-02   4.97159E+03  -2.88252E+04  -2.45871E+04  -7.44920E+04  -1.37900E+05
   1.47276E-02   3.50002E-03   9.30254E-01   2.02421E-03   4.94945E-02   5.47342E+03  -2.87547E+04  -2.46005E+04  -7.45420E+04  -1.37794E+05
   1.57276E-02   3.49647E-03   9.29310E-01   2.02215E-03   4.94442E-02   5.94762E+03  -2.86845E+04  -2.46141E+04  -7.45922E+04  -1.37688E+05
   1.67276E-02   3.49292E-03   9.28365E-01   2.02010E-03   4.93940E-02   6.39763E+03  -2.86146E+04  -2.46277E+04  -7.46425E+04  -1.37582E+05
   1.77276E-02   3.48937E-03   9.27421E-01   2.01804E-03   4.93438E-02   6.82627E+03  -2.85449E+04  -2.46415E+04  -7.46929E+04  -1.37476E+05
   1.87276E-02   3.48582E-03   9.26477E-01   2.01599E-03   4.92935E-02   7.23591E+03  -2.84755E+04  -2.46553E+04  -7.47436E+04  -1.37370E+05
   1.97276E-02   3.48226E-03   9.25533E-01   2.01394E-03   4.92433E-02   7.62855E+03  -2.84063E+04  -2.46693E+04  -7.47944E+04  -1.37263E+05
   2.07276E-02   3.47871E-03   9.24589E-01   2.01188E-03   4.91931E-02   8.00588E+03  -2.83374E+04  -2.46833E+04  -7.48453E+04  -1.37157E+05
   2.17276E-02   3.47516E-03   9.23645E-01   2.00983E-03   4.91428E-02   8.36936E+03  -2.82688E+04  -2.46975E+04  -7.48964E+04  -1.37051E+05
   2.27276E-02   3.47161E-03   9.22700E-01   2.00777E-03   4.90926E-02   8.72026E+03  -2.82004E+04  -2.47117E+04  -7.49477E+04  -1.36944E+05
   2.37276E-02   3.46805E-03   9.21756E-01   2.00572E-03   4.90424E-02   9.05967E+03  -2.81323E+04  -2.47261E+04  -7.49992E+04  -1.36838E+05
   2.47276E-02   3.46450E-03   9.20812E-01   2.00366E-03   4.89921E-02   9.38856E+03  -2.80645E+04  -2.47406E+04  -7.50508E+04  -1.36731E+05
   2.57276E-02   3.46095E-03   9.19868E-01   2.00161E-03   4.89419E-02   9.70778E+03  -2.79970E+04  -2.47551E+04  -7.51025E+04  -1.36625E+05
   2.67276E-02   3.45740E-03   9.18924E-01   1.99955E-03   4.88916E-02   1.00181E+04  -2.79297E+04  -2.47698E+04  -7.51545E+04  -1.36518E+05
   2.77276E-02   3.45384E-03   9.17980E-01   1.99750E-03   4.88414E-02   1.03201E+04  -2.78627E+04  -2.47846E+04  -7.52066E+04  -1.36411E+05
   2.87276E-02   3.45029E-03   9.17035E-01   1.99545E-03   4.87912E-02   1.06145E+04  -2.77960E+04  -2.47994E+04  -7.52588E+04  -1.36305E+05
   2.97276E-02   3.44674E-03   9.16091E-01   1.99339E-03   4.87409E-02   1.09017E+04  -2.77296E+04  -2.48144E+04  -7.53113E+04  -1.36198E+05
   3.07276E-02   3.44319E-03   9.15147E-01   1.99134E-03   4.86907E-02   1.11824E+04  -2.76635E+04  -2.48295E+04  -7.53639E+04  -1.36091E+05
   3.17276E-02   3.43964E-03   9.14203E-01   1.98928E-03   4.86405E-02   1.14568E+04  -2.75977E+04  -2.48447E+04  -7.54166E+04  -1.35984E+05
   3.27276E-02   3.43608E-03   9.13259E-01   1.98723E-03   4.85902E-02   1.17254E+04  -2.75321E+04  -2.48600E+04  -7.54696E+04  -1.35877E+05
   3.37276E-02   3.43253E-03   9.12315E-01   1.98517E-03   4.85400E-02   1.19885E+04  -2.74669E+04  -2.48754E+04  -7.55227E+04  -1.35769E+05
   3.47276E-02   3.42898E-03   9.11371E-01   1.98312E-03   4.84898E-02   1.22466E+04  -2.74019E+04  -2.48909E+04  -7.55760E+04  -1.35662E+05
   3.57276E-02   3.42543E-03   9.10426E-01   1.98106E-03   4.84395E-02   1.24998E+04  -2.73373E+04  -2.49066E+04  -7.56294E+04  -1.35555E+05
   3.67276E-02   3.42187E-03   9.09482E-01   1.97901E-03   4.83893E-02   1.27485E+04  -2.72729E+04  -2.49223E+04  -7.56831E+04  -1.35448E+05
   3.77276E-02   3.41832E-03   9.08538E-01   1.97695E-03   4.83391E-02   1.29929E+04  -2.72089E+04  -2.49381E+04  -7.57369E+04  -1.35340E+05
   3.87276E-02   3.41477E-03   9.07594E-01   1.97490E-03   4.82888E-02   1.32333E+04  -2.71451E+04  -2.49541E+04  -7.57909E+04  -1.35233E+05
   3.97276E-02   3.41122E-03   9.06650E-01   1.97285E-03   4.82386E-02   1.34698E+04  -2.70817E+04  -2.49702E+04  -7.58450E+04  -1.35125E+05
   4.07276E-02   3.40766E-03   9.05706E-01   1.97079E-03   4.81884E-02   1.37027E+04  -2.70186E+04  -2.49863E+04  -7.58993E+04  -1.35018E+05
   4.17276E-02   3.40411E-03   9.04761E-01   1.96874E-03   4.81381E-02   1.39321E+04  -2.69558E+04  -2.50026E+04  -7.59538E+04  -1.34910E+05
   4.27276E-02   3.40056E-03   9.03817E-01   1.96668E-03   4.80879E-02   1.41583E+04  -2.68933E+04  -2.50191E+04  -7.60085E+04  -1.34802E+05
   4.37276E-02   3.39701E-03   9.02873E-01   1.96463E-03   4.80377E-02   1.43813E+04  -2.68311E+04  -2.50356E+04  -7.60634E+04  -1.34694E+05
   4.47276E-02   3.39345E-03   9.01929E-01   1.96257E-03   4.79874E-02   1.46014E+04  -2.67693E+04  -2.50522E+04  -7.61184E+04  -1.34587E+05
   4.57276E-02   3.38990E-03   9.00985E-01   1.96052E-03   4.79372E-02   1.48186E+04  -2.67077E+04  -2.50690E+04  -7.61737E+04  -1.34479E+05
   4.67276E-02   3.38635E-03   9.00041E-01   1.95846E-03   4.78870E-02   1.50331E+04  -2.66465E+04  -2.50858E+04  -7.62291E+04  -1.34371E+05
   4.77276E-02   3.38280E-03   8.99096E-01   1.95641E-03   4.78367E-02   1.52451E+04  -2.65856E+04  -2.51028E+04  -7.62846E+04  -1.34263E+05
   4.87276E-02   3.37925E-03   8.98152E-01   1.95436E-03   4.77865E-02   1.54546E+04  -2.65251E+04  -2.51199E+04  -7.63404E+04  -1.34154E+05
   4.97276E-02   3.37569E-03   8.97208E-01   1.95230E-03   4.77363E-02   1.56618E+04  -2.64649E+04  -2.51371E+04  -7.63963E+04  -1.34046E+05
   5.07276E-02   3.37214E-03   8.96264E-01   1.95025E-03   4.76860E-02   1.58667E+04  -2.64050E+04  -2.51545E+04  -7.64525E+04  -1.33938E+05
   5.17276E-02   3.36859E-03   8.95320E-01   1.94819E-03   4.76358E-02   1.60694E+04  -2.63455E+04  -2.51719E+04  -7.65088E+04  -1.33830E+05
   5.27276E-02   3.36504E-03   8.94376E-01   1.94614E-03   4.75856E-02   1.62701E+04  -2.62863E+04  -2.51895E+04  -7.65653E+04  -1.33721E+05
   5.37276E-02   3.36148E-03   8.93431E-01   1.94408E-03   4.75353E-02   1.64688E+04  -2.62274E+04  -2.52072E+04  -7.66220E+04  -1.33613E+05
   5.47276E-02   3.35793E-03   8.92487E-01   1.94203E-03   4.74851E-02   1.66656E+04  -2.61689E+04  -2.52250E+04  -7.66788E+04  -1.33505E+05
   5.57276E-02   3.35438E-03   8.91543E-01   1.93997E-03   4.74349E-02   1.68601E+04  -2.61107E+04  -2.52429E+04  -7.67354E+04  -1.33396E+05
   5.67276E-02   3.35083E-03   8.90599E-01   1.93792E-03   4.73846E-02   1.70533E+04  -2.60529E+04  -2.52610E+04  -7.67926E+04  -1.33287E+05
   5.77276E-02   3.34727E-03   8.89655E-01   1.93587E-03   4.73344E-02   1.72447E+04  -2.59954E+04  -2.52792E+04  -7.68498E+04  -1.33179E+05
   5.87276E-02   3.34372E-03   8.88711E-01   1.93381E-03   4.72841E-02   1.74344E+04  -2.59383E+04  -2.52975E+04  -7.69073E+04  -1.33070E+05
   5.97276E-02   3.34017E-03   8.87767E-01   1.93176E-03   4.72339E-02   1.76226E+04  -2.58815E+04  -2.53159E+04  -7.69649E+04  -1.32961E+05
   6.07276E-02   3.33662E-03   8.86822E-01   1.92970E-03   4.71837E-02   1.78092E+04  -2.58251E+04  -2.53344E+04  -7.70226E+04  -1.32852E+05
   6.17276E-02   3.33306E-03   8.85878E-01   1.92765E-03   4.71334E-02   1.79944E+04  -2.57690E+04  -2.53531E+04  -7.70805E+04  -1.32744E+05
   6.27276E-02   3.32951E-03   8.84934E-01   1.92559E-03   4.70832E-02   1.81781E+04  -2.57133E+04  -2.53719E+04  -7.71385E+04  -1.32635E+05
   6.37276E-02   3.32596E-03   8.83990E-01   1.92354E-03   4.70330E-02   1.83604E+04  -2.56580E+04  -2.53908E+04  -7.71967E+04  -1.32526E+05
   6.47276E-02   3.32241E-03   8.83046E-01   1.92148E-03   4.69827E-02   1.85414E+04  -2.56031E+04  -2.54099E+04  -7.72550E+04  -1.32417E+05
   6.57276E-02   3.31886E-03   8.82102E-01   1.91943E-03   4.69325E-02   1.87212E+04  -2.55485E+04  -2.54290E+04  -7.73135E+04  -1.32307E+05
   6.67276E-02   3.31530E-03   8.81157E-01   1.91738E-03   4.68823E-02   1.88996E+04  -2.54942E+04  -2.54483E+04  -7.73721E+04  -1.32198E+05
   6.77276E-02   3.31175E-03   8.80213E-01   1.91532E-03   4.68320E-02   1.90769E+04  -2.54404E+04  -2.54677E+04  -7.74308E+04  -1.32089E+05
   6.87276E-02   3.30820E-03   8.79269E-01   1.91327E-03   4.67818E-02   1.92529E+04  -2.53869E+04  -2.54873E+04  -7.74896E+04  -1.31980E+05
   6.97276E-02   3.30465E-03   8.78325E-01   1.91121E-03   4.67316E-02   1.94278E+04  -2.53338E+04  -2.55070E+04  -7.75486E+04  -1.31870E+05
   7.07276E-02   3.30109E-03   8.77381E-01   1.90916E-03   4.66813E-02   1.96017E+04  -2.52811E+04  -2.55268E+04  -7.76076E+04  -1.31761E+05
   7.17276E-02   3.29754E-03   8.76437E-01   1.90710E-03   4.66311E-02   1.97744E+04  -2.52288E+04  -2.55467E+04  -7.76668E+04  -1.31651E+05
   7.27276E-02   3.29399E-03   8.75492E-01   1.90505E-03   4.65809E-02   1.99461E+04  -2.51768E+04  -2.55667E+04  -7.77261E+04  -1.31542E+05
   7.37276E-02   3.29044E-03   8.74548E-01   1.90299E-03   4.65306E-02   2.01167E+04  -2.51253E+04  -2.55869E+04  -7.77855E+04  -1.31432E+05
   7.47276E-02   3.28688E-03   8.73604E-01   1.90094E-03   4.64804E-02   2.02864E+04  -2.50741E+04  -2.56072E+04  -7.78449E+04  -1.31322E+05
   7.57276E-02   3.28333E-03   8.72660E-01   1.89889E-03   4.64302E-02   2.04550E+04  -2.50233E+04  -2.56276E+04  -7.79045E+04  -1.31213E+05
   7.67276E-02   3.27978E-03   8.71716E-01   1.89683E-03   4.63799E-02   2.06228E+04  -2.49729E+04  -2.56482E+04  -7.79641E+04  -1.31103E+05
   7.77276E-02   3.27623E-03   8.70772E-01   1.89478E-03   4.63297E-02   2.07896E+04  -2.49229E+04  -2.56689E+04  -7.80238E+04  -1.30993E+05
   7.87276E-02   3.27267E-03   8.69828E-01   1.89272E-03   4.62795E-02   2.09555E+04  -2.48732E+04  -2.56897E+04  -7.80836E+04  -1.30883E+05
   7.97276E-02   3.26912E-03   8.68883E-01   1.89067E-03   4.62292E-02   2.11206E+04  -2.48240E+04  -2.57107E+04  -7.81434E+04  -1.30773E+05
   8.07276E-02   3.26557E-03   8.67939E-01   1.88861E-03   4.61790E-02   2.12847E+04  -2.47752E+04  -2.57318E+04  -7.82033E+04  -1.30663E+05
   8.17276E-02   3.26202E-03   8.66995E-01   1.88656E-03   4.61288E-02   2.14481E+04  -2.47268E+04  -2.57530E+04  -7.82632E+04  -1.30553E+05
   8.27276E-02   3.25847E-03   8.66051E-01   1.88450E-03   4.60785E-02   2.16106E+04  -2.46787E+04  -2.57743E+04  -7.83232E+04  -1.30442E+05
   8.37276E-02   3.25491E-03   8.65107E-01   1.88245E-03   4.60283E-02   2.17723E+04  -2.46311E+04  -2.57958E+04  -7.83832E+04  -1.30332E+05
   8.47276E-02   3.25136E-03   8.64163E-01   1.88040E-03   4.59781E-02   2.19332E+04  -2.45839E+04  -2.58174E+04  -7.84433E+04  -1.30222E+05
   8.57276E-02   3.24781E-03   8.63218E-01   1.87834E-03   4.59278E-02   2.20934E+04  -2.45370E+04  -2.58391E+04  -7.85033E+04  -1.30111E+05
   8.67276E-02   3.24426E-03   8.62274E-01   1.87629E-03   4.58776E-02   2.22528E+04  -2.44906E+04  -2.58609E+04  -7.85634E+04  -1.30001E+05
   8.77276E-02   3.24070E-03   8.61330E-01   1.87423E-03   4.58274E-02   2.24114E+04  -2.44446E+04  -2.58829E+04  -7.86235E+04  -1.29890E+05
   8.87276E-02   3.23715E-03   8.60386E-01   1.87218E-03   4.57771E-02   2.25693E+04  -2.43990E+04  -2.59051E+04  -7.86836E+04  -1.29779E+05
   8.97276E-02   3.23360E-03   8.59442E-01   1.87012E-03   4.57269E-02   2.27265E+04  -2.43538E+04  -2.59273E+04  -7.87437E+04  -1.29668E+05
   9.07276E-02   3.23005E-03   8.58498E-01   1.86807E-03   4.56767E-02   2.28831E+04  -2.43090E+04  -2.59497E+04  -7.88037E+04  -1.29557E+05
   9.17276E-02   3.22649E-03   8.57553E-01   1.86601E-03   4.56264E-02   2.30389E+04  -2.42647E+04  -2.59722E+04  -7.88638E+04  -1.29447E+05
   9.27276E-02   3.22294E-03   8.56609E-01   1.86396E-03   4.55762E-02   2.31940E+04  -2.42207E+04  -2.59948E+04  -7.89238E+04  -1.29335E+05
   9.37276E-02   3.21939E-03   8.55665E-01   1.86190E-03   4.55259E-02   2.33485E+04  -2.41772E+04  -2.60176E+04  -7.89837E+04  -1.29224E+05
   9.47276E-02   3.21584E-03   8.54721E-01   1.85985E-03   4.54757E-02   2.35023E+04  -2.41340E+04  -2.60405E+04  -7.90436E+04  -1.29113E+05
   9.57276E-02   3.21229E-03   8.53777E-01   1.85780E-03   4.54255E-02   2.36555E+04  -2.40913E+04  -2.60635E+04  -7.91035E+04  -1.29002E+05
   9.67276E-02   3.20873E-03   8.52833E-01   1.85574E-03   4.53752E-02   2.38080E+04  -2.40490E+04  -2.60867E+04  -7.91633E+04  -1.28890E+05
   9.77276E-02   3.20518E-03   8.51888E-01   1.85369E-03   4.53250E-02   2.39600E+04  -2.40072E+04  -2.61100E+04  -7.92230E+04  -1.28779E+05
   9.87276E-02   3.20163E-03   8.50944E-01   1.85163E-03   4.52748E-02   2.41113E+04  -2.39657E+04  -2.61334E+04  -7.92827E+04  -1.28667E+05
   9.97276E-02   3.19808E-03   8.50000E-01   1.84958E-03   4.52245E-02   2.42619E+04  -2.39247E+04  -2.61569E+04  -7.93423E+04  -1.28556E+05
   1.00728E-01   3.19452E-03   8.49056E-01   1.84752E-03   4.51743E-02   2.44120E+04  -2.38840E+04  -2.61806E+04  -7.94017E+04  -1.28444E+05
   1.01728E-01   3.19097E-03   8.48112E-01   1.84547E-03   4.51241E-02   2.45615E+04  -2.38439E+04  -2.62044E+04  -7.94611E+04  -1.28332E+05
   1.02728E-01   3.18742E-03   8.47168E-01   1.84341E-03   4.50738E-02   2.47105E+04  -2.38041E+04  -2.62284E+04  -7.95203E+04  -1.28220E+05
   1.03728E-01   3.18387E-03   8.46224E-01   1.84136E-03   4.50236E-02   2.48588E+04  -2.37647E+04  -2.62524E+04  -7.95795E+04  -1.28108E+05
   1.04728E-01   3.18031E-03   8.45279E-01   1.83931E-03   4.49734E-02   2.50066E+04  -2.37258E+04  -2.62766E+04  -7.96385E+04  -1.27996E+05
   1.05728E-01   3.17676E-03   8.44335E-01   1.83725E-03   4.49231E-02   2.51538E+04  -2.36873E+04  -2.63010E+04  -7.96973E+04  -1.27883E+05
   1.06728E-01   3.17321E-03   8.43391E-01   1.83520E-03   4.48729E-02   2.53004E+04  -2.36492E+04  -2.63254E+04  -7.97560E+04  -1.27771E+05
   1.07728E-01   3.16966E-03   8.42447E-01   1.83314E-03   4.48227E-02   2.54466E+04  -2.36116E+04  -2.63500E+04  -7.98146E+04  -1.27658E+05
   1.08728E-01   3.16610E-03   8.41503E-01   1.83109E-03   4.47724E-02   2.55921E+04  -2.35744E+04  -2.63747E+04  -7.98730E+04  -1.27546E+05
   1.09728E-01   3.16255E-03   8.40559E-01   1.82903E-03   4.47222E-02   2.57372E+04  -2.35376E+04  -2.63996E+04  -7.99312E+04  -1.27433E+05
   1.10728E-01   3.15900E-03   8.39614E-01   1.82698E-03   4.46720E-02   2.58817E+04  -2.35012E+04  -2.64246E+04  -7.99892E+04  -1.27320E+05
   1.11728E-01   3.15545E-03   8.38670E-01   1.82492E-03   4.46217E-02   2.60257E+04  -2.34653E+04  -2.64497E+04  -8.00470E+04  -1.27207E+05
   1.12728E-01   3.15190E-03   8.37726E-01   1.82287E-03   4.45715E-02   2.61691E+04  -2.34298E+04  -2.64749E+04  -8.01047E+04  -1.27094E+05
   1.13728E-01   3.14834E-03   8.36782E-01   1.82082E-03   4.45213E-02   2.63121E+04  -2.33947E+04  -2.65003E+04  -8.01621E+04  -1.26980E+05
   1.14728E-01   3.14479E-03   8.35838E-01   1.81876E-03   4.44710E-02   2.64546E+04  -2.33601E+04  -2.65258E+04  -8.02193E+04  -1.26867E+05
   1.15728E-01   3.14124E-03   8.34894E-01   1.81671E-03   4.44208E-02   2.65965E+04  -2.33259E+04  -2.65514E+04  -8.02763E+04  -1.26753E+05
   1.16728E-01   3.13769E-03   8.33949E-01   1.81465E-03   4.43706E-02   2.67380E+04  -2.32921E+04  -2.65772E+04  -8.03331E+04  -1.26640E+05
   1.17728E-01   3.13413E-03   8.33005E-01   1.81260E-03   4.43203E-02   2.68790E+04  -2.32587E+04  -2.66030E+04  -8.03896E+04  -1.26526E+05
   1.18728E-01   3.13058E-03   8.32061E-01   1.81054E-03   4.42701E-02   2.70195E+04  -2.32258E+04  -2.66291E+04  -8.04458E+04  -1.26412E+05
   1.19728E-01   3.12703E-03   8.31117E-01   1.80849E-03   4.42199E-02   2.71595E+04  -2.31934E+04  -2.66552E+04  -8.05018E+04  -1.26298E+05
   1.20728E-01   3.12348E-03   8.30173E-01   1.80643E-03   4.41696E-02   2.72990E+04  -2.31613E+04  -2.66815E+04  -8.05575E+04  -1.26183E+05
   1.21728E-01   3.11992E-03   8.29229E-01   1.80438E-03   4.41194E-02   2.74381E+04  -2.31297E+04  -2.67079E+04  -8.06130E+04  -1.26069E+05
   1.22728E-01   3.11637E-03   8.28285E-01   1.80233E-03   4.40692E-02   2.75767E+04  -2.30985E+04  -2.67344E+04  -8.06681E+04  -1.25954E+05
   1.23728E-01   3.11282E-03   8.27340E-01   1.80027E-03   4.40189E-02   2.77149E+04  -2.30678E+04  -2.67611E+04  -8.07230E+04  -1.25839E+05
   1.24728E-01   3.10927E-03   8.26396E-01   1.79822E-03   4.39687E-02   2.78526E+04  -2.30375E+04  -2.67879E+04  -8.07776E+04  -1.25725E+05
   1.25728E-01   3.10571E-03   8.25452E-01   1.79616E-03   4.39185E-02   2.79898E+04  -2.30076E+04  -2.68148E+04  -8.08318E+04  -1.25609E+05
   1.26728E-01   3.10216E-03   8.24508E-01   1.79411E-03   4.38682E-02   2.81266E+04  -2.29782E+04  -2.68419E+04  -8.08857E+04  -1.25494E+05
   1.27728E-01   3.09861E-03   8.23564E-01   1.79205E-03   4.38180E-02   2.82630E+04  -2.29492E+04  -2.68691E+04  -8.09393E+04  -1.25379E+05
   1.28728E-01   3.09506E-03   8.22620E-01   1.79000E-03   4.37677E-02   2.83990E+04  -2.29206E+04  -2.68964E+04  -8.09926E+04  -1.25263E+05
   1.29728E-01   3.09151E-03   8.21675E-01   1.78794E-03   4.37175E-02   2.85345E+04  -2.28925E+04  -2.69239E+04  -8.10455E+04  -1.25147E+05
   1.30728E-01   3.08795E-03   8.20731E-01   1.78589E-03   4.36673E-02   2.86696E+04  -2.28648E+04  -2.69514E+04  -8.10981E+04  -1.25031E+05
   1.31728E-01   3.08440E-03   8.19787E-01   1.78384E-03   4.36170E-02   2.88043E+04  -2.28376E+04  -2.69791E+04  -8.11503E+04  -1.24915E+05
   1.32728E-01   3.08085E-03   8.18843E-01   1.78178E-03   4.35668E-02   2.89385E+04  -2.28108E+04  -2.70070E+04  -8.12021E+04  -1.24799E+05
   1.33728E-01   3.07730E-03   8.17899E-01   1.77973E-03   4.35166E-02   2.90724E+04  -2.27844E+04  -2.70350E+04  -8.12535E+04  -1.24682E+05
   1.34728E-01   3.07374E-03   8.16955E-01   1.77767E-03   4.34663E-02   2.92058E+04  -2.27585E+04  -2.70631E+04  -8.13046E+04  -1.24566E+05
   1.35728E-01   3.07019E-03   8.16010E-01   1.77562E-03   4.34161E-02   2.93389E+04  -2.27330E+04  -2.70913E+04  -8.13553E+04  -1.24449E+05
   1.36728E-01   3.06664E-03   8.15066E-01   1.77356E-03   4.33659E-02   2.94716E+04  -2.27080E+04  -2.71197E+04  -8.14055E+04  -1.24332E+05
   1.37728E-01   3.06309E-03   8.14122E-01   1.77151E-03   4.33156E-02   2.96038E+04  -2.26834E+04  -2.71482E+04  -8.14554E+04  -1.24214E+05
   1.38728E-01   3.05953E-03   8.13178E-01   1.76945E-03   4.32654E-02   2.97357E+04  -2.26592E+04  -2.71769E+04  -8.15048E+04  -1.24097E+05
   1.39728E-01   3.05598E-03   8.12234E-01   1.76740E-03   4.32152E-02   2.98673E+04  -2.26355E+04  -2.72056E+04  -8.15538E+04  -1.23979E+05
   1.40728E-01   3.05243E-03   8.11290E-01   1.76535E-03   4.31649E-02   2.99984E+04  -2.26122E+04  -2.72345E+04  -8.16024E+04  -1.23861E+05
   1.41728E-01   3.04888E-03   8.10346E-01   1.76329E-03   4.31147E-02   3.01292E+04  -2.25894E+04  -2.72636E+04  -8.16506E+04  -1.23743E+05
   1.42728E-01   3.04533E-03   8.09401E-01   1.76124E-03   4.30645E-02   3.02596E+04  -2.25670E+04  -2.72928E+04  -8.16982E+04  -1.23625E+05
   1.43728E-01   3.04177E-03   8.08457E-01   1.75918E-03   4.30142E-02   3.03897E+04  -2.25451E+04  -2.73221E+04  -8.17455E+04  -1.23506E+05
   1.44728E-01   3.03822E-03   8.07513E-01   1.75713E-03   4.29640E-02   3.05194E+04  -2.25236E+04  -2.73515E+04  -8.17922E+04  -1.23387E+05
   1.45728E-01   3.03467E-03   8.06569E-01   1.75507E-03   4.29138E-02   3.06487E+04  -2.25026E+04  -2.73811E+04  -8.18385E+04  -1.23268E+05
   1.46728E-01   3.03112E-03   8.05625E-01   1.75302E-03   4.28635E-02   3.07778E+04  -2.24820E+04  -2.74109E+04  -8.18843E+04  -1.23149E+05
   1.47728E-01   3.02756E-03   8.04681E-01   1.75096E-03   4.28133E-02   3.09064E+04  -2.24618E+04  -2.74407E+04  -8.19296E+04  -1.23030E+05
   1.48728E-01   3.02401E-03   8.03736E-01   1.74891E-03   4.27631E-02   3.10348E+04  -2.24421E+04  -2.74707E+04  -8.19745E+04  -1.22910E+05
   1.49728E-01   3.02046E-03   8.02792E-01   1.74685E-03   4.27128E-02   3.11628E+04  -2.24229E+04  -2.75009E+04  -8.20188E+04  -1.22790E+05
   1.50728E-01   3.01691E-03   8.01848E-01   1.74480E-03   4.26626E-02   3.12905E+04  -2.24041E+04  -2.75312E+04  -8.20626E+04  -1.22670E+05
   1.51728E-01   3.01335E-03   8.00904E-01   1.74275E-03   4.26124E-02   3.14179E+04  -2.23857E+04  -2.75616E+04  -8.21058E+04  -1.22549E+05
   1.52728E-01   3.00980E-03   7.99960E-01   1.74069E-03   4.25621E-02   3.15450E+04  -2.23678E+04  -2.75921E+04  -8.21485E+04  -1.22428E+05
   1.53728E-01   3.00625E-03   7.99016E-01   1.73864E-03   4.25119E-02   3.16717E+04  -2.23504E+04  -2.76228E+04  -8.21907E+04  -1.22307E+05
   1.54728E-01   3.00270E-03   7.98071E-01   1.73658E-03   4.24617E-02   3.17982E+04  -2.23334E+04  -2.76537E+04  -8.22324E+04  -1.22186E+05
   1.55728E-01   2.99914E-03   7.97127E-01   1.73453E-03   4.24114E-02   3.19244E+04  -2.23168E+04  -2.76847E+04  -8.22734E+04  -1.22065E+05
   1.56728E-01   2.99559E-03   7.96183E-01   1.73247E-03   4.23612E-02   3.20502E+04  -2.23007E+04  -2.77158E+04  -8.23139E+04  -1.21943E+05
   1.57728E-01   2.99204E-03   7.95239E-01   1.73042E-03   4.23110E-02   3.21758E+04  -2.22851E+04  -2.77471E+04  -8.23538E+04  -1.21821E+05
   1.58728E-01   2.98849E-03   7.94295E-01   1.72836E-03   4.22607E-02   3.23011E+04  -2.22699E+04  -2.77785E+04  -8.23931E+04  -1.21698E+05
   1.59728E-01   2.98494E-03   7.93351E-01   1.72631E-03   4.22105E-02   3.24261E+04  -2.22551E+04  -2.78101E+04  -8.24318E+04  -1.21576E+05
   1.60728E-01   2.98138E-03   7.92406E-01   1.72426E-03   4.21603E-02   3.25508E+04  -2.22408E+04  -2.78418E+04  -8.24699E+04  -1.21453E+05
   1.61728E-01   2.97783E-03   7.91462E-01   1.72220E-03   4.21100E-02   3.26752E+04  -2.22269E+04  -2.78737E+04  -8.25073E+04  -1.21330E+05
   1.62728E-01   2.97428E-03   7.90518E-01   1.72015E-03   4.20598E-02   3.27994E+04  -2.22135E+04  -2.79057E+04  -8.25441E+04  -1.21206E+05
   1.63728E-01   2.97073E-03   7.89574E-01   1.71809E-03   4.20095E-02   3.29232E+04  -2.22006E+04  -2.79378E+04  -8.25802E+04  -1.21082E+05
   1.64728E-01   2.96717E-03   7.88630E-01   1.71604E-03   4.19593E-02   3.30468E+04  -2.21881E+04  -2.79701E+04  -8.26156E+04  -1.20958E+05
   1.65728E-01   2.96362E-03   7.87686E-01   1.71398E-03   4.19091E-02   3.31702E+04  -2.21760E+04  -2.80025E+04  -8.26503E+04  -1.20834E+05
   1.66728E-01   2.96007E-03   7.86742E-01   1.71193E-03   4.18588E-02   3.32932E+04  -2.21644E+04  -2.80351E+04  -8.26843E+04  -1.20709E+05
   1.67728E-01   2.95652E-03   7.85797E-01   1.70987E-03   4.18086E-02   3.34160E+04  -2.21532E+04  -2.80679E+04  -8.27176E+04  -1.20584E+05
   1.68728E-01   2.95296E-03   7.84853E-01   1.70782E-03   4.17584E-02   3.35385E+04  -2.21424E+04  -2.81007E+04  -8.27500E+04  -1.20459E+05
   1.69728E-01   2.94941E-03   7.83909E-01   1.70577E-03   4.17081E-02   3.36607E+04  -2.21321E+04  -2.81338E+04  -8.27817E+04  -1.20333E+05
   1.70728E-01   2.94586E-03   7.82965E-01   1.70371E-03   4.16579E-02   3.37826E+04  -2.21222E+04  -2.81669E+04  -8.28126E+04  -1.20207E+05
   1.71728E-01   2.94231E-03   7.82021E-01   1.70166E-03   4.16077E-02   3.39043E+04  -2.21128E+04  -2.82003E+04  -8.28426E+04  -1.20081E+05
   1.72728E-01   2.93875E-03   7.81077E-01   1.69960E-03   4.15574E-02   3.40256E+04  -2.21037E+04  -2.82337E+04  -8.28717E+04  -1.19954E+05
   1.73728E-01   2.93520E-03   7.80132E-01   1.69755E-03   4.15072E-02   3.41467E+04  -2.20951E+04  -2.82673E+04  -8.29000E+04  -1.19827E+05
   1.74728E-01   2.93165E-03   7.79188E-01   1.69549E-03   4.14570E-02   3.42674E+04  -2.20869E+04  -2.83011E+04  -8.29272E+04  -1.19699E+05
   1.75728E-01   2.92810E-03   7.78244E-01   1.69344E-03   4.14067E-02   3.43878E+04  -2.20791E+04  -2.83349E+04  -8.29535E+04  -1.19571E+05
   1.76728E-01   2.92455E-03   7.77300E-01   1.69138E-03   4.13565E-02   3.45079E+04  -2.20716E+04  -2.83690E+04  -8.29788E+04  -1.19443E+05
   1.77728E-01   2.92099E-03   7.76356E-01   1.68933E-03   4.13063E-02   3.46277E+04  -2.20646E+04  -2.84031E+04  -8.30029E+04  -1.19314E+05
   1.78728E-01   2.91744E-03   7.75412E-01   1.68728E-03   4.12560E-02   3.47471E+04  -2.20579E+04  -2.84374E+04  -8.30260E+04  -1.19184E+05
   1.79728E-01   2.91389E-03   7.74467E-01   1.68522E-03   4.12058E-02   3.48661E+04  -2.20516E+04  -2.84718E+04  -8.30478E+04  -1.19055E+05
   1.80728E-01   2.91034E-03   7.73523E-01   1.68317E-03   4.11556E-02   3.49847E+04  -2.20456E+04  -2.85063E+04  -8.30684E+04  -1.18925E+05
   1.81728E-01   2.90678E-03   7.72579E-01   1.68111E-03   4.11053E-02   3.51030E+04  -2.20400E+04  -2.85410E+04  -8.30876E+04  -1.18794E+05
   1.82728E-01   2.90323E-03   7.71635E-01   1.67906E-03   4.10551E-02   3.52208E+04  -2.20347E+04  -2.85757E+04  -8.31055E+04  -1.18663E+05
   1.83728E-01   2.89968E-03   7.70691E-01   1.67700E-03   4.10049E-02   3.53381E+04  -2.20297E+04  -2.86106E+04  -8.31219E+04  -1.18531E+05
   1.84728E-01   2.89613E-03   7.69747E-01   1.67495E-03   4.09546E-02   3.54549E+04  -2.20249E+04  -2.86456E+04  -8.31367E+04  -1.18398E+05
   1.85728E-01   2.89257E-03   7.68803E-01   1.67289E-03   4.09044E-02   3.55712E+04  -2.20204E+04  -2.86806E+04  -8.31498E+04  -1.18265E+05
   1.86728E-01   2.88902E-03   7.67858E-01   1.67084E-03   4.08542E-02   3.56869E+04  -2.20162E+04  -2.87158E+04  -8.31612E+04  -1.18132E+05
   1.87728E-01   2.88547E-03   7.66914E-01   1.66879E-03   4.08039E-02   3.58021E+04  -2.20121E+04  -2.87510E+04  -8.31706E+04  -1.17998E+05
   1.88728E-01   2.88192E-03   7.65970E-01   1.66673E-03   4.07537E-02   3.59165E+04  -2.20082E+04  -2.87863E+04  -8.31781E+04  -1.17863E+05
   1.89728E-01   2.87836E-03   7.65026E-01   1.66468E-03   4.07035E-02   3.60303E+04  -2.20044E+04  -2.88217E+04  -8.31834E+04  -1.17727E+05
   1.90728E-01   2.87481E-03   7.64082E-01   1.66262E-03   4.06532E-02   3.61433E+04  -2.20007E+04  -2.88570E+04  -8.31864E+04  -1.17591E+05
   1.91728E-01   2.87126E-03   7.63138E-01   1.66057E-03   4.06030E-02   3.62555E+04  -2.19971E+04  -2.88924E+04  -8.31868E+04  -1.17453E+05
   1.92728E-01   2.86771E-03   7.62193E-01   1.65851E-03   4.05528E-02   3.63667E+04  -2.19934E+04  -2.89279E+04  -8.31847E+04  -1.17315E+05
   1.93728E-01   2.86416E-03   7.61249E-01   1.65646E-03   4.05025E-02   3.64771E+04  -2.19897E+04  -2.89633E+04  -8.31796E+04  -1.17176E+05
   1.94728E-01   2.86060E-03   7.60305E-01   1.65440E-03   4.04523E-02   3.65863E+04  -2.19859E+04  -2.89986E+04  -8.31715E+04  -1.17036E+05
   1.95728E-01   2.85705E-03   7.59361E-01   1.65235E-03   4.04021E-02   3.66944E+04  -2.19819E+04  -2.90340E+04  -8.31601E+04  -1.16895E+05
   1.96728E-01   2.85350E-03   7.58417E-01   1.65030E-03   4.03518E-02   3.68013E+04  -2.19776E+04  -2.90692E+04  -8.31451E+04  -1.16752E+05
   1.97728E-01   2.84995E-03   7.57473E-01   1.64824E-03   4.03016E-02   3.68427E+04  -2.19395E+04  -2.90898E+04  -8.30003E+04  -1.16575E+05
   1.98728E-01   2.84639E-03   7.56528E-01   1.64619E-03   4.02513E-02   3.68672E+04  -2.18921E+04  -2.91068E+04  -8.28196E+04  -1.16389E+05
   1.99728E-01   2.84284E-03   7.55584E-01   1.64413E-03   4.02011E-02   3.69008E+04  -2.18492E+04  -2.91259E+04  -8.26538E+04  -1.16206E+05
   2.00728E-01   2.83929E-03   7.54640E-01   1.64208E-03   4.01509E-02   3.69429E+04  -2.18105E+04  -2.91471E+04  -8.25019E+04  -1.16026E+05
   2.01728E-01   2.83574E-03   7.53696E-01   1.64002E-03   4.01006E-02   3.69930E+04  -2.17758E+04  -2.91704E+04  -8.23632E+04  -1.15849E+05
   2.02728E-01   2.83218E-03   7.52752E-01   1.63797E-03   4.00504E-02   3.70507E+04  -2.17450E+04  -2.91955E+04  -8.22370E+04  -1.15674E+05
   2.03728E-01   2.82863E-03   7.51808E-01   1.63591E-03   4.00002E-02   3.71155E+04  -2.17180E+04  -2.92224E+04  -8.21226E+04  -1.15503E+05
   2.04728E-01   2.82508E-03   7.50863E-01   1.63386E-03   3.99499E-02   3.71869E+04  -2.16946E+04  -2.92512E+04  -8.20192E+04  -1.15334E+05
   2.05728E-01   2.82153E-03   7.49919E-01   1.63180E-03   3.98997E-02   3.72647E+04  -2.16748E+04  -2.92816E+04  -8.19264E+04  -1.15168E+05
   2.06728E-01   2.81798E-03   7.48975E-01   1.62975E-03   3.98495E-02   3.73485E+04  -2.16583E+04  -2.93136E+04  -8.18436E+04  -1.15004E+05
   2.07728E-01   2.81442E-03   7.48031E-01   1.62770E-03   3.97992E-02   3.74379E+04  -2.16451E+04  -2.93471E+04  -8.17703E+04  -1.14843E+05
   2.08728E-01   2.81087E-03   7.47087E-01   1.62564E-03   3.97490E-02   3.75328E+04  -2.16351E+04  -2.93822E+04  -8.17060E+04  -1.14683E+05
   2.09728E-01   2.80732E-03   7.46143E-01   1.62359E-03   3.96988E-02   3.76327E+04  -2.16282E+04  -2.94187E+04  -8.16502E+04  -1.14526E+05
   2.10728E-01   2.80377E-03   7.45199E-01   1.62153E-03   3.96485E-02   3.77375E+04  -2.16243E+04  -2.94566E+04  -8.16027E+04  -1.14371E+05
   2.11728E-01   2.80021E-03   7.44254E-01   1.61948E-03   3.95983E-02   3.78468E+04  -2.16234E+04  -2.94959E+04  -8.15629E+04  -1.14218E+05
   2.12728E-01   2.79666E-03   7.43310E-01   1.61742E-03   3.95481E-02   3.79606E+04  -2.16254E+04  -2.95365E+04  -8.15306E+04  -1.14066E+05
   2.13728E-01   2.79311E-03   7.42366E-01   1.61537E-03   3.94978E-02   3.80785E+04  -2.16302E+04  -2.95783E+04  -8.15054E+04  -1.13916E+05
   2.14728E-01   2.78956E-03   7.41422E-01   1.61331E-03   3.94476E-02   3.82004E+04  -2.16378E+04  -2.96214E+04  -8.14870E+04  -1.13768E+05
   2.15728E-01   2.78600E-03   7.40478E-01   1.61126E-03   3.93974E-02   3.83261E+04  -2.16481E+04  -2.96657E+04  -8.14750E+04  -1.13622E+05
   2.16728E-01   2.78245E-03   7.39534E-01   1.60921E-03   3.93471E-02   3.84554E+04  -2.16610E+04  -2.97112E+04  -8.14694E+04  -1.13477E+05
   2.17728E-01   2.77890E-03   7.38589E-01   1.60715E-03   3.92969E-02   3.85881E+04  -2.16765E+04  -2.97577E+04  -8.14697E+04  -1.13334E+05
   2.18728E-01   2.77535E-03   7.37645E-01   1.60510E-03   3.92467E-02   3.87242E+04  -2.16946E+04  -2.98054E+04  -8.14757E+04  -1.13192E+05
   2.19728E-01   2.77179E-03   7.36701E-01   1.60304E-03   3.91964E-02   3.88634E+04  -2.17153E+04  -2.98542E+04  -8.14873E+04  -1.13052E+05
   2.20728E-01   2.76824E-03   7.35757E-01   1.60099E-03   3.91462E-02   3.90057E+04  -2.17384E+04  -2.99040E+04  -8.15042E+04  -1.12913E+05
   2.21728E-01   2.76469E-03   7.34813E-01   1.59893E-03   3.90960E-02   3.91509E+04  -2.17639E+04  -2.99549E+04  -8.15261E+04  -1.12775E+05
   2.22728E-01   2.76114E-03   7.33869E-01   1.59688E-03   3.90457E-02   3.92988E+04  -2.17919E+04  -3.00067E+04  -8.15530E+04  -1.12639E+05
   2.23728E-01   2.75759E-03   7.32924E-01   1.59482E-03   3.89955E-02   3.94495E+04  -2.18223E+04  -3.00596E+04  -8.15847E+04  -1.12504E+05
   2.24728E-01   2.75403E-03   7.31980E-01   1.59277E-03   3.89453E-02   3.96027E+04  -2.18550E+04  -3.01134E+04  -8.16209E+04  -1.12371E+05
   2.25728E-01   2.75048E-03   7.31036E-01   1.59072E-03   3.88950E-02   3.97584E+04  -2.18901E+04  -3.01682E+04  -8.16615E+04  -1.12238E+05
   2.26728E-01   2.74693E-03   7.30092E-01   1.58866E-03   3.88448E-02   3.99164E+04  -2.19275E+04  -3.02238E+04  -8.17064E+04  -1.12107E+05
   2.27728E-01   2.74338E-03   7.29148E-01   1.58661E-03   3.87946E-02   4.00767E+04  -2.19671E+04  -3.02804E+04  -8.17554E+04  -1.11977E+05
   2.28728E-01   2.73982E-03   7.28204E-01   1.58455E-03   3.87443E-02   4.02393E+04  -2.20091E+04  -3.03379E+04  -8.18084E+04  -1.11848E+05
   2.29728E-01   2.73627E-03   7.27260E-01   1.58250E-03   3.86941E-02   4.04039E+04  -2.20533E+04  -3.03963E+04  -8.18653E+04  -1.11720E+05
   2.30728E-01   2.73272E-03   7.26315E-01   1.58044E-03   3.86439E-02   4.05707E+04  -2.20997E+04  -3.04556E+04  -8.19259E+04  -1.11593E+05
   2.31728E-01   2.72917E-03   7.25371E-01   1.57839E-03   3.85936E-02   4.07393E+04  -2.21483E+04  -3.05157E+04  -8.19902E+04  -1.11468E+05
   2.32728E-01   2.72561E-03   7.24427E-01   1.57633E-03   3.85434E-02   4.09099E+04  -2.21991E+04  -3.05766E+04  -8.20579E+04  -1.11343E+05
   2.33728E-01   2.72206E-03   7.23483E-01   1.57428E-03   3.84931E-02   4.10823E+04  -2.22521E+04  -3.06384E+04  -8.21291E+04  -1.11219E+05
   2.34728E-01   2.71851E-03   7.22539E-01   1.57223E-03   3.84429E-02   4.12565E+04  -2.23073E+04  -3.07009E+04  -8.22036E+04  -1.11097E+05
   2.35728E-01   2.71496E-03   7.21595E-01   1.57017E-03   3.83927E-02   4.14324E+04  -2.23646E+04  -3.07643E+04  -8.22814E+04  -1.10975E+05
   2.36728E-01   2.71140E-03   7.20650E-01   1.56812E-03   3.83424E-02   4.16100E+04  -2.24241E+04  -3.08285E+04  -8.23623E+04  -1.10855E+05
   2.37728E-01   2.70785E-03   7.19706E-01   1.56606E-03   3.82922E-02   4.17892E+04  -2.24858E+04  -3.08935E+04  -8.24462E+04  -1.10735E+05
   2.38728E-01   2.70430E-03   7.18762E-01   1.56401E-03   3.82420E-02   4.19699E+04  -2.25496E+04  -3.09593E+04  -8.25331E+04  -1.10616E+05
   2.39728E-01   2.70075E-03   7.17818E-01   1.56195E-03   3.81917E-02   4.21522E+04  -2.26155E+04  -3.10258E+04  -8.26229E+04  -1.10498E+05
   2.40728E-01   2.69720E-03   7.16874E-01   1.55990E-03   3.81415E-02   4.23359E+04  -2.26835E+04  -3.10931E+04  -8.27156E+04  -1.10381E+05
   2.41728E-01   2.69364E-03   7.15930E-01   1.55784E-03   3.80913E-02   4.25210E+04  -2.27536E+04  -3.11611E+04  -8.28110E+04  -1.10265E+05
   2.42728E-01   2.69009E-03   7.14985E-01   1.55579E-03   3.80410E-02   4.27075E+04  -2.28259E+04  -3.12299E+04  -8.29091E+04  -1.10150E+05
   2.43728E-01   2.68654E-03   7.14041E-01   1.55374E-03   3.79908E-02   4.28953E+04  -2.29002E+04  -3.12994E+04  -8.30098E+04  -1.10036E+05
   2.44728E-01   2.68299E-03   7.13097E-01   1.55168E-03   3.79406E-02   4.30845E+04  -2.29767E+04  -3.13697E+04  -8.31131E+04  -1.09922E+05
   2.45728E-01   2.67943E-03   7.12153E-01   1.54963E-03   3.78903E-02   4.32748E+04  -2.30552E+04  -3.14406E+04  -8.32189E+04  -1.09810E+05
   2.46728E-01   2.67588E-03   7.11209E-01   1.54757E-03   3.78401E-02   4.34664E+04  -2.31359E+04  -3.15123E+04  -8.33271E+04  -1.09698E+05
   2.47728E-01   2.67233E-03   7.10265E-01   1.54552E-03   3.77899E-02   4.36592E+04  -2.32186E+04  -3.15848E+04  -8.34378E+04  -1.09587E+05
   2.48728E-01   2.66878E-03   7.09320E-01   1.54346E-03   3.77396E-02   4.38532E+04  -2.33035E+04  -3.16579E+04  -8.35508E+04  -1.09477E+05
   2.49728E-01   2.66522E-03   7.08376E-01   1.54141E-03   3.76894E-02   4.40483E+04  -2.33904E+04  -3.17317E+04  -8.36661E+04  -1.09368E+05
   2.50728E-01   2.66167E-03   7.07432E-01   1.53935E-03   3.76392E-02   4.42445E+04  -2.34794E+04  -3.18062E+04  -8.37837E+04  -1.09259E+05
   2.51728E-01   2.65812E-03   7.06488E-01   1.53730E-03   3.75889E-02   4.44417E+04  -2.35705E+04  -3.18814E+04  -8.39034E+04  -1.09152E+05
   2.52728E-01   2.65457E-03   7.05544E-01   1.53525E-03   3.75387E-02   4.46400E+04  -2.36637E+04  -3.19573E+04  -8.40254E+04  -1.09045E+05
   2.53728E-01   2.65102E-03   7.04600E-01   1.53319E-03   3.74885E-02   4.48393E+04  -2.37591E+04  -3.20339E+04  -8.41494E+04  -1.08939E+05
   2.54728E-01   2.64746E-03   7.03656E-01   1.53114E-03   3.74382E-02   4.50396E+04  -2.38565E+04  -3.21112E+04  -8.42756E+04  -1.08833E+05
   2.55728E-01   2.64391E-03   7.02711E-01   1.52908E-03   3.73880E-02   4.52408E+04  -2.39560E+04  -3.21892E+04  -8.44038E+04  -1.08729E+05
   2.56728E-01   2.64036E-03   7.01767E-01   1.52703E-03   3.73378E-02   4.54430E+04  -2.40576E+04  -3.22678E+04  -8.45340E+04  -1.08625E+05
   2.57728E-01   2.63681E-03   7.00823E-01   1.52497E-03   3.72875E-02   4.56461E+04  -2.41613E+04  -3.23471E+04  -8.46663E+04  -1.08522E+05
   2.58728E-01   2.63325E-03   6.99879E-01   1.52292E-03   3.72373E-02   4.58501E+04  -2.42671E+04  -3.24271E+04  -8.48004E+04  -1.08420E+05
   2.59728E-01   2.62970E-03   6.98935E-01   1.52086E-03   3.71871E-02   4.60550E+04  -2.43750E+04  -3.25077E+04  -8.49365E+04  -1.08318E+05
   2.60728E-01   2.62615E-03   6.97991E-01   1.51881E-03   3.71368E-02   4.62607E+04  -2.44850E+04  -3.25890E+04  -8.50744E+04  -1.08217E+05
   2.61728E-01   2.62260E-03   6.97046E-01   1.51675E-03   3.70866E-02   4.64673E+04  -2.45972E+04  -3.26710E+04  -8.52143E+04  -1.08117E+05
   2.62728E-01   2.61904E-03   6.96102E-01   1.51470E-03   3.70364E-02   4.66747E+04  -2.47115E+04  -3.27536E+04  -8.53559E+04  -1.08018E+05
   2.63728E-01   2.61549E-03   6.95158E-01   1.51265E-03   3.69861E-02   4.68829E+04  -2.48279E+04  -3.28369E+04  -8.54994E+04  -1.07919E+05
   2.64728E-01   2.61194E-03   6.94214E-01   1.51059E-03   3.69359E-02   4.70919E+04  -2.49464E+04  -3.29208E+04  -8.56446E+04  -1.07822E+05
   2.65728E-01   2.60839E-03   6.93270E-01   1.50854E-03   3.68857E-02   4.73016E+04  -2.50671E+04  -3.30054E+04  -8.57916E+04  -1.07725E+05
   2.66728E-01   2.60483E-03   6.92326E-01   1.50648E-03   3.68354E-02   4.75121E+04  -2.51900E+04  -3.30906E+04  -8.59403E+04  -1.07628E+05
   2.67728E-01   2.60128E-03   6.91381E-01   1.50443E-03   3.67852E-02   4.77233E+04  -2.53150E+04  -3.31765E+04  -8.60907E+04  -1.07532E+05
   2.68728E-01   2.59773E-03   6.90437E-01   1.50237E-03   3.67349E-02   4.79353E+04  -2.54421E+04  -3.32630E+04  -8.62428E+04  -1.07437E+05
   2.69728E-01   2.59418E-03   6.89493E-01   1.50032E-03   3.66847E-02   4.81480E+04  -2.55714E+04  -3.33502E+04  -8.63965E+04  -1.07343E+05
   2.70728E-01   2.59063E-03   6.88549E-01   1.49826E-03   3.66345E-02   4.83613E+04  -2.57029E+04  -3.34380E+04  -8.65519E+04  -1.07250E+05
   2.71728E-01   2.58707E-03   6.87605E-01   1.49621E-03   3.65842E-02   4.85754E+04  -2.58366E+04  -3.35265E+04  -8.67089E+04  -1.07157E+05
   2.72728E-01   2.58352E-03   6.86661E-01   1.49416E-03   3.65340E-02   4.87901E+04  -2.59724E+04  -3.36156E+04  -8.68675E+04  -1.07065E+05
   2.73728E-01   2.57997E-03   6.85717E-01   1.49210E-03   3.64838E-02   4.90054E+04  -2.61104E+04  -3.37053E+04  -8.70277E+04  -1.06973E+05
   2.74728E-01   2.57642E-03   6.84772E-01   1.49005E-03   3.64335E-02   4.92214E+04  -2.62507E+04  -3.37957E+04  -8.71895E+04  -1.06883E+05
   2.75728E-01   2.57286E-03   6.83828E-01   1.48799E-03   3.63833E-02   4.94381E+04  -2.63932E+04  -3.38867E+04  -8.73528E+04  -1.06793E+05
   2.76728E-01   2.56931E-03   6.82884E-01   1.48594E-03   3.63331E-02   4.96553E+04  -2.65378E+04  -3.39784E+04  -8.75176E+04  -1.06703E+05
   2.77728E-01   2.56576E-03   6.81940E-01   1.48388E-03   3.62828E-02   4.98732E+04  -2.66847E+04  -3.40707E+04  -8.76840E+04  -1.06615E+05
   2.78728E-01   2.56221E-03   6.80996E-01   1.48183E-03   3.62326E-02   5.00916E+04  -2.68339E+04  -3.41637E+04  -8.78518E+04  -1.06527E+05
   2.79728E-01   2.55865E-03   6.80052E-01   1.47977E-03   3.61824E-02   5.03107E+04  -2.69853E+04  -3.42572E+04  -8.80212E+04  -1.06440E+05
   2.80728E-01   2.55510E-03   6.79107E-01   1.47772E-03   3.61321E-02   5.05303E+04  -2.71389E+04  -3.43515E+04  -8.81920E+04  -1.06353E+05
   2.81728E-01   2.55155E-03   6.78163E-01   1.47567E-03   3.60819E-02   5.07505E+04  -2.72948E+04  -3.44463E+04  -8.83642E+04  -1.06267E+05
   2.82728E-01   2.54800E-03   6.77219E-01   1.47361E-03   3.60317E-02   5.09713E+04  -2.74530E+04  -3.45418E+04  -8.85380E+04  -1.06182E+05
   2.83728E-01   2.54444E-03   6.76275E-01   1.47156E-03   3.59814E-02   5.11926E+04  -2.76135E+04  -3.46380E+04  -8.87131E+04  -1.06098E+05
   2.84728E-01   2.54089E-03   6.75331E-01   1.46950E-03   3.59312E-02   5.14145E+04  -2.77762E+04  -3.47347E+04  -8.88897E+04  -1.06014E+05
   2.85728E-01   2.53734E-03   6.74387E-01   1.46745E-03   3.58810E-02   5.16369E+04  -2.79413E+04  -3.48321E+04  -8.90677E+04  -1.05931E+05
   2.86728E-01   2.53379E-03   6.73442E-01   1.46539E-03   3.58307E-02   5.18598E+04  -2.81087E+04  -3.49302E+04  -8.92471E+04  -1.05848E+05
   2.87728E-01   2.53024E-03   6.72498E-01   1.46334E-03   3.57805E-02   5.20833E+04  -2.82784E+04  -3.50289E+04  -8.94278E+04  -1.05767E+05
   2.88728E-01   2.52668E-03   6.71554E-01   1.46128E-03   3.57303E-02   5.23073E+04  -2.84505E+04  -3.51282E+04  -8.96100E+04  -1.05686E+05
   2.89728E-01   2.52313E-03   6.70610E-01   1.45923E-03   3.56800E-02   5.25317E+04  -2.86248E+04  -3.52281E+04  -8.97935E+04  -1.05606E+05
   2.90728E-01   2.51958E-03   6.69666E-01   1.45718E-03   3.56298E-02   5.27567E+04  -2.88016E+04  -3.53287E+04  -8.99784E+04  -1.05526E+05
   2.91728E-01   2.51603E-03   6.68722E-01   1.45512E-03   3.55796E-02   5.29821E+04  -2.89807E+04  -3.54300E+04  -9.01646E+04  -1.05447E+05
   2.92728E-01   2.51247E-03   6.67778E-01   1.45307E-03   3.55293E-02   5.32081E+04  -2.91622E+04  -3.55318E+04  -9.03522E+04  -1.05369E+05
   2.93728E-01   2.50892E-03   6.66833E-01   1.45101E-03   3.54791E-02   5.34345E+04  -2.93461E+04  -3.56343E+04  -9.05411E+04  -1.05291E+05
   2.94728E-01   2.50537E-03   6.65889E-01   1.44896E-03   3.54289E-02   5.36614E+04  -2.95324E+04  -3.57375E+04  -9.07313E+04  -1.05215E+05
   2.95728E-01   2.50182E-03   6.64945E-01   1.44690E-03   3.53786E-02   5.38888E+04  -2.97211E+04  -3.58413E+04  -9.09228E+04  -1.05139E+05
   2.96728E-01   2.49826E-03   6.64001E-01   1.44485E-03   3.53284E-02   5.41166E+04  -2.99123E+04  -3.59457E+04  -9.11157E+04  -1.05063E+05
   2.97728E-01   2.49471E-03   6.63057E-01   1.44279E-03   3.52782E-02   5.43448E+04  -3.01059E+04  -3.60508E+04  -9.13098E+04  -1.04988E+05
   2.98728E-01   2.49116E-03   6.62113E-01   1.44074E-03   3.52279E-02   5.45736E+04  -3.03019E+04  -3.61565E+04  -9.15053E+04  -1.04914E+05
   2.99728E-01   2.48761E-03   6.61168E-01   1.43869E-03   3.51777E-02   5.48027E+04  -3.05004E+04  -3.62629E+04  -9.17020E+04  -1.04841E+05
   2.99990E-01   2.48668E-03   6.60921E-01   1.43815E-03   3.51645E-02   5.48629E+04  -3.05529E+04  -3.62909E+04  -9.17538E+04  -1.04822E+05

 Phase Region for:
     FCC_A1#1                      
 col-1=X(C), col-2=X(CU), col-3=X(FE), col-4=X(MN), col-5=X(SI), col-6=MU(C), col-7=MU(CU), col-8=MU(FE), col-9=MU(MN), col-10=MU(SI),
   9.72763E-03   3.51779E-03   9.34974E-01   2.03448E-03   4.97456E-02   2.58601E+03  -2.91096E+04  -2.45342E+04  -7.42936E+04  -1.38322E+05
   8.72763E-03   3.52134E-03   9.35919E-01   2.03653E-03   4.97959E-02   1.85553E+03  -2.91813E+04  -2.45212E+04  -7.42444E+04  -1.38428E+05
   7.72763E-03   3.52489E-03   9.36863E-01   2.03859E-03   4.98461E-02   1.04575E+03  -2.92533E+04  -2.45083E+04  -7.41953E+04  -1.38533E+05
   6.72763E-03   3.52844E-03   9.37807E-01   2.04064E-03   4.98963E-02   1.34582E+02  -2.93255E+04  -2.44956E+04  -7.41464E+04  -1.38639E+05
   5.72763E-03   3.53200E-03   9.38751E-01   2.04270E-03   4.99466E-02  -9.10757E+02  -2.93979E+04  -2.44829E+04  -7.40977E+04  -1.38744E+05
   4.72763E-03   3.53555E-03   9.39695E-01   2.04475E-03   4.99968E-02  -2.14207E+03  -2.94706E+04  -2.44703E+04  -7.40491E+04  -1.38849E+05
   3.72763E-03   3.53910E-03   9.40639E-01   2.04681E-03   5.00470E-02  -3.64845E+03  -2.95435E+04  -2.44578E+04  -7.40006E+04  -1.38954E+05
   2.72763E-03   3.54265E-03   9.41584E-01   2.04886E-03   5.00973E-02  -5.60375E+03  -2.96167E+04  -2.44453E+04  -7.39523E+04  -1.39059E+05
   1.72763E-03   3.54621E-03   9.42528E-01   2.05092E-03   5.01475E-02  -8.42677E+03  -2.96900E+04  -2.44330E+04  -7.39042E+04  -1.39164E+05
   7.27626E-04   3.54976E-03   9.43472E-01   2.05297E-03   5.01977E-02  -1.37030E+04  -2.97637E+04  -2.44208E+04  -7.38562E+04  -1.39269E+05
   1.00000E-05   3.55231E-03   9.44149E-01   2.05444E-03   5.02338E-02  -3.95356E+04  -2.98166E+04  -2.44121E+04  -7.38218E+04  -1.39344E+05

 Phase Region for:
     FCC_A1#2                      
 col-1=X(C), col-2=X(CU), col-3=X(FE), col-4=X(MN), col-5=X(SI), col-6=MU(C), col-7=MU(CU), col-8=MU(FE), col-9=MU(MN), col-10=MU(SI),
   9.72763E-03   9.88975E-01   7.03239E-04   5.94460E-04   3.05864E-09   2.10603E+05  -2.95271E+04  -2.41583E+04  -7.35829E+04  -1.39042E+05
   1.07276E-02   9.87901E-01   7.49118E-04   6.22733E-04   3.18765E-09   2.10933E+05  -2.95305E+04  -2.41618E+04  -7.35864E+04  -1.39045E+05
   1.17276E-02   9.86822E-01   7.98095E-04   6.52381E-04   3.32265E-09   2.11209E+05  -2.95336E+04  -2.41649E+04  -7.35895E+04  -1.39048E+05
   1.27276E-02   9.85739E-01   8.50389E-04   6.83473E-04   3.46396E-09   2.11439E+05  -2.95365E+04  -2.41678E+04  -7.35924E+04  -1.39051E+05
   1.37276E-02   9.84650E-01   9.06235E-04   7.16081E-04   3.61193E-09   2.11629E+05  -2.95390E+04  -2.41704E+04  -7.35950E+04  -1.39054E+05
   1.47276E-02   9.83556E-01   9.65886E-04   7.50279E-04   3.76695E-09   2.11785E+05  -2.95413E+04  -2.41726E+04  -7.35973E+04  -1.39056E+05
   1.57276E-02   9.82457E-01   1.02961E-03   7.86149E-04   3.92940E-09   2.11911E+05  -2.95432E+04  -2.41746E+04  -7.35993E+04  -1.39058E+05
   1.67276E-02   9.81351E-01   1.09771E-03   8.23774E-04   4.09974E-09   2.12010E+05  -2.95448E+04  -2.41762E+04  -7.36009E+04  -1.39060E+05
   1.77276E-02   9.80239E-01   1.17050E-03   8.63243E-04   4.27842E-09   2.12085E+05  -2.95461E+04  -2.41776E+04  -7.36022E+04  -1.39061E+05
   1.87276E-02   9.79119E-01   1.24832E-03   9.04648E-04   4.46594E-09   2.12137E+05  -2.95471E+04  -2.41785E+04  -7.36032E+04  -1.39062E+05
   1.97276E-02   9.77993E-01   1.33154E-03   9.48087E-04   4.66285E-09   2.12169E+05  -2.95477E+04  -2.41792E+04  -7.36039E+04  -1.39063E+05
   2.07276E-02   9.76858E-01   1.42055E-03   9.93664E-04   4.86975E-09   2.12183E+05  -2.95480E+04  -2.41795E+04  -7.36041E+04  -1.39063E+05
   2.17276E-02   9.75715E-01   1.51579E-03   1.04149E-03   5.08725E-09   2.12179E+05  -2.95479E+04  -2.41794E+04  -7.36040E+04  -1.39063E+05
   2.27276E-02   9.74563E-01   1.61773E-03   1.09167E-03   5.31606E-09   2.12158E+05  -2.95475E+04  -2.41789E+04  -7.36036E+04  -1.39062E+05
   2.37276E-02   9.73401E-01   1.72686E-03   1.14434E-03   5.55693E-09   2.12122E+05  -2.95466E+04  -2.41780E+04  -7.36027E+04  -1.39061E+05
   2.47276E-02   9.72229E-01   1.84373E-03   1.19961E-03   5.81068E-09   2.12071E+05  -2.95453E+04  -2.41768E+04  -7.36014E+04  -1.39060E+05
   2.57276E-02   9.71046E-01   1.96894E-03   1.25763E-03   6.07820E-09   2.12006E+05  -2.95436E+04  -2.41751E+04  -7.35997E+04  -1.39058E+05
   2.67276E-02   9.69851E-01   2.10313E-03   1.31853E-03   6.36048E-09   2.11928E+05  -2.95415E+04  -2.41729E+04  -7.35976E+04  -1.39056E+05
   2.77276E-02   9.68643E-01   2.24700E-03   1.38247E-03   6.65859E-09   2.11835E+05  -2.95389E+04  -2.41703E+04  -7.35950E+04  -1.39054E+05
   2.87276E-02   9.67421E-01   2.40132E-03   1.44960E-03   6.97372E-09   2.11730E+05  -2.95359E+04  -2.41673E+04  -7.35919E+04  -1.39051E+05
   2.97276E-02   9.66185E-01   2.56690E-03   1.52009E-03   7.30718E-09   2.11612E+05  -2.95323E+04  -2.41637E+04  -7.35883E+04  -1.39047E+05
   3.07276E-02   9.64934E-01   2.74467E-03   1.59413E-03   7.66042E-09   2.11480E+05  -2.95282E+04  -2.41596E+04  -7.35842E+04  -1.39043E+05
   3.17276E-02   9.63665E-01   2.93561E-03   1.67189E-03   8.03504E-09   2.11336E+05  -2.95236E+04  -2.41549E+04  -7.35795E+04  -1.39038E+05
   3.27276E-02   9.62378E-01   3.14081E-03   1.75357E-03   8.43284E-09   2.11179E+05  -2.95183E+04  -2.41496E+04  -7.35743E+04  -1.39033E+05
   3.37276E-02   9.61072E-01   3.36146E-03   1.83939E-03   8.85580E-09   2.11009E+05  -2.95125E+04  -2.41438E+04  -7.35684E+04  -1.39027E+05
   3.47276E-02   9.59744E-01   3.59887E-03   1.92958E-03   9.30617E-09   2.10826E+05  -2.95060E+04  -2.41372E+04  -7.35618E+04  -1.39021E+05
   3.57276E-02   9.58394E-01   3.85448E-03   2.02436E-03   9.78646E-09   2.10629E+05  -2.94988E+04  -2.41300E+04  -7.35546E+04  -1.39014E+05
   3.67276E-02   9.57018E-01   4.12988E-03   2.12400E-03   1.02995E-08   2.10418E+05  -2.94909E+04  -2.41221E+04  -7.35466E+04  -1.39006E+05
   3.77276E-02   9.55617E-01   4.42683E-03   2.22876E-03   1.08485E-08   2.10192E+05  -2.94821E+04  -2.41133E+04  -7.35379E+04  -1.38997E+05
   3.87276E-02   9.54186E-01   4.74730E-03   2.33894E-03   1.14372E-08   2.09952E+05  -2.94726E+04  -2.41037E+04  -7.35283E+04  -1.38987E+05
   3.97276E-02   9.52724E-01   5.09344E-03   2.45484E-03   1.20697E-08   2.09695E+05  -2.94621E+04  -2.40932E+04  -7.35177E+04  -1.38977E+05
   4.07276E-02   9.51228E-01   5.46769E-03   2.57680E-03   1.27508E-08   2.09422E+05  -2.94507E+04  -2.40817E+04  -7.35063E+04  -1.38966E+05
   4.17276E-02   9.49694E-01   5.87276E-03   2.70518E-03   1.34860E-08   2.09132E+05  -2.94382E+04  -2.40692E+04  -7.34937E+04  -1.38953E+05
   4.27276E-02   9.48120E-01   6.31172E-03   2.84036E-03   1.42818E-08   2.08823E+05  -2.94246E+04  -2.40555E+04  -7.34800E+04  -1.38940E+05
   4.37276E-02   9.46502E-01   6.78800E-03   2.98276E-03   1.51457E-08   2.08495E+05  -2.94097E+04  -2.40407E+04  -7.34651E+04  -1.38925E+05
   4.47276E-02   9.44834E-01   7.30551E-03   3.13284E-03   1.60866E-08   2.08145E+05  -2.93936E+04  -2.40244E+04  -7.34489E+04  -1.38909E+05
   4.57276E-02   9.43113E-01   7.86871E-03   3.29108E-03   1.71147E-08   2.07772E+05  -2.93759E+04  -2.40067E+04  -7.34311E+04  -1.38891E+05
   4.67276E-02   9.41332E-01   8.48272E-03   3.45804E-03   1.82427E-08   2.07375E+05  -2.93566E+04  -2.39874E+04  -7.34118E+04  -1.38872E+05
   4.77276E-02   9.39485E-01   9.15341E-03   3.63432E-03   1.94855E-08   2.06951E+05  -2.93356E+04  -2.39663E+04  -7.33907E+04  -1.38851E+05
   4.87276E-02   9.37564E-01   9.88763E-03   3.82058E-03   2.08612E-08   2.06497E+05  -2.93126E+04  -2.39433E+04  -7.33676E+04  -1.38828E+05
   4.97276E-02   9.35561E-01   1.06934E-02   4.01758E-03   2.23921E-08   2.06011E+05  -2.92874E+04  -2.39180E+04  -7.33423E+04  -1.38803E+05
   5.07276E-02   9.33466E-01   1.15802E-02   4.22616E-03   2.41058E-08   2.05489E+05  -2.92598E+04  -2.38903E+04  -7.33146E+04  -1.38775E+05
   5.17276E-02   9.31266E-01   1.25593E-02   4.44730E-03   2.60372E-08   2.04926E+05  -2.92294E+04  -2.38598E+04  -7.32841E+04  -1.38745E+05
   5.27276E-02   9.28946E-01   1.36444E-02   4.68211E-03   2.82304E-08   2.04317E+05  -2.91959E+04  -2.38262E+04  -7.32504E+04  -1.38711E+05
   5.37276E-02   9.26488E-01   1.48523E-02   4.93193E-03   3.07431E-08   2.03657E+05  -2.91587E+04  -2.37890E+04  -7.32131E+04  -1.38674E+05
   5.47276E-02   9.23870E-01   1.62038E-02   5.19835E-03   3.36513E-08   2.02936E+05  -2.91174E+04  -2.37476E+04  -7.31717E+04  -1.38633E+05
   5.57276E-02   9.21063E-01   1.77255E-02   5.48332E-03   3.70581E-08   2.02146E+05  -2.90712E+04  -2.37012E+04  -7.31253E+04  -1.38587E+05
   5.67276E-02   9.18031E-01   1.94521E-02   5.78931E-03   4.11073E-08   2.01272E+05  -2.90192E+04  -2.36490E+04  -7.30731E+04  -1.38535E+05
   5.77276E-02   9.14723E-01   2.14300E-02   6.11955E-03   4.60061E-08   2.00298E+05  -2.89600E+04  -2.35898E+04  -7.30137E+04  -1.38475E+05
   5.87276E-02   9.11070E-01   2.37240E-02   6.47840E-03   5.20667E-08   1.99198E+05  -2.88920E+04  -2.35216E+04  -7.29455E+04  -1.38407E+05
   5.97276E-02   9.06971E-01   2.64293E-02   6.87220E-03   5.97865E-08   1.97938E+05  -2.88127E+04  -2.34421E+04  -7.28659E+04  -1.38328E+05
   6.07276E-02   9.02266E-01   2.96956E-02   7.31072E-03   7.00212E-08   1.96462E+05  -2.87180E+04  -2.33472E+04  -7.27710E+04  -1.38234E+05
   6.17276E-02   8.96677E-01   3.37844E-02   7.81087E-03   8.44179E-08   1.94670E+05  -2.86012E+04  -2.32301E+04  -7.26538E+04  -1.38117E+05
   6.27276E-02   8.89671E-01   3.91952E-02   8.40581E-03   1.06627E-07   1.92379E+05  -2.84491E+04  -2.30777E+04  -7.25012E+04  -1.37965E+05
   6.37276E-02   8.79490E-01   4.75823E-02   9.19995E-03   1.49582E-07   1.88974E+05  -2.82192E+04  -2.28473E+04  -7.22706E+04  -1.37735E+05

 Phase Region for:
     FCC_A1#2                      
 col-1=X(C), col-2=X(CU), col-3=X(FE), col-4=X(MN), col-5=X(SI), col-6=MU(C), col-7=MU(CU), col-8=MU(FE), col-9=MU(MN), col-10=MU(SI),
   9.72763E-03   9.88975E-01   7.03239E-04   5.94460E-04   3.05864E-09   2.10603E+05  -2.95271E+04  -2.41583E+04  -7.35829E+04  -1.39042E+05
   8.72763E-03   9.90045E-01   6.60253E-04   5.67498E-04   2.93530E-09   2.10207E+05  -2.95234E+04  -2.41546E+04  -7.35791E+04  -1.39038E+05
   7.72763E-03   9.91111E-01   6.19973E-04   5.41783E-04   2.81736E-09   2.09729E+05  -2.95194E+04  -2.41505E+04  -7.35751E+04  -1.39034E+05
   6.72763E-03   9.92173E-01   5.82221E-04   5.17258E-04   2.70454E-09   2.09148E+05  -2.95152E+04  -2.41462E+04  -7.35707E+04  -1.39030E+05
   5.72763E-03   9.93232E-01   5.46834E-04   4.93867E-04   2.59659E-09   2.08432E+05  -2.95107E+04  -2.41417E+04  -7.35661E+04  -1.39026E+05
   4.72763E-03   9.94287E-01   5.13659E-04   4.71557E-04   2.49326E-09   2.07527E+05  -2.95060E+04  -2.41368E+04  -7.35612E+04  -1.39021E+05
   3.72763E-03   9.95340E-01   4.82553E-04   4.50279E-04   2.39434E-09   2.06346E+05  -2.95010E+04  -2.41316E+04  -7.35560E+04  -1.39016E+05
   2.72763E-03   9.96389E-01   4.53385E-04   4.29985E-04   2.29961E-09   2.04714E+05  -2.94958E+04  -2.41262E+04  -7.35504E+04  -1.39011E+05
   1.72763E-03   9.97436E-01   4.26035E-04   4.10636E-04   2.20886E-09   2.02213E+05  -2.94903E+04  -2.41203E+04  -7.35444E+04  -1.39006E+05
   7.27626E-04   9.98480E-01   4.00401E-04   3.92206E-04   2.12189E-09   1.97257E+05  -2.94846E+04  -2.41139E+04  -7.35377E+04  -1.39000E+05
   1.00000E-05   9.99227E-01   3.83188E-04   3.79783E-04   2.06136E-09   1.71653E+05  -2.94803E+04  -2.41060E+04  -7.35283E+04  -1.38997E+05
