
 Phase Region for:
     BCC_A2                        
 col-1=X(C), col-2=X(CU), col-3=X(FE), col-4=X(MN), col-5=X(SI), col-6=MU(C), col-7=MU(CU), col-8=MU(FE), col-9=MU(MN), col-10=MU(SI),
   2.88620E-02   3.44981E-03   9.16909E-01   1.99517E-03   4.87844E-02   3.60431E+04  -3.71436E+04  -3.52869E+04  -8.05231E+04  -1.45490E+05
   9.99900E-03   3.51682E-03   9.34718E-01   2.03392E-03   4.97320E-02   2.77369E+04  -3.70666E+04  -3.50218E+04  -7.92737E+04  -1.47507E+05

 Phase Region for:
     BCC_A2                        
 col-1=X(C), col-2=X(CU), col-3=X(FE), col-4=X(MN), col-5=X(SI), col-6=MU(C), col-7=MU(CU), col-8=MU(FE), col-9=MU(MN), col-10=MU(SI),
   2.88620E-02   3.44981E-03   9.16909E-01   1.99517E-03   4.87844E-02   3.60431E+04  -3.71436E+04  -3.52869E+04  -8.05231E+04  -1.45490E+05
   2.87620E-02   3.45017E-03   9.17003E-01   1.99537E-03   4.87895E-02   3.60146E+04  -3.71431E+04  -3.52855E+04  -8.05163E+04  -1.45500E+05
   2.86620E-02   3.45053E-03   9.17097E-01   1.99558E-03   4.87945E-02   3.59860E+04  -3.71426E+04  -3.52840E+04  -8.05095E+04  -1.45511E+05
   2.85620E-02   3.45088E-03   9.17192E-01   1.99579E-03   4.87995E-02   3.59573E+04  -3.71422E+04  -3.52826E+04  -8.05027E+04  -1.45522E+05
   2.84620E-02   3.45124E-03   9.17286E-01   1.99599E-03   4.88045E-02   3.59286E+04  -3.71417E+04  -3.52811E+04  -8.04959E+04  -1.45533E+05
   2.83620E-02   3.45159E-03   9.17381E-01   1.99620E-03   4.88095E-02   3.58997E+04  -3.71412E+04  -3.52797E+04  -8.04891E+04  -1.45544E+05
   2.82620E-02   3.45195E-03   9.17475E-01   1.99640E-03   4.88146E-02   3.58708E+04  -3.71407E+04  -3.52782E+04  -8.04824E+04  -1.45555E+05
   2.81620E-02   3.45230E-03   9.17569E-01   1.99661E-03   4.88196E-02   3.58418E+04  -3.71402E+04  -3.52768E+04  -8.04756E+04  -1.45565E+05
   2.80620E-02   3.45266E-03   9.17664E-01   1.99681E-03   4.88246E-02   3.58127E+04  -3.71397E+04  -3.52753E+04  -8.04688E+04  -1.45576E+05
   2.79620E-02   3.45301E-03   9.17758E-01   1.99702E-03   4.88296E-02   3.57835E+04  -3.71392E+04  -3.52738E+04  -8.04620E+04  -1.45587E+05
   2.78620E-02   3.45337E-03   9.17853E-01   1.99722E-03   4.88347E-02   3.57542E+04  -3.71388E+04  -3.52724E+04  -8.04552E+04  -1.45598E+05
   2.77620E-02   3.45372E-03   9.17947E-01   1.99743E-03   4.88397E-02   3.57248E+04  -3.71383E+04  -3.52709E+04  -8.04484E+04  -1.45609E+05
   2.76620E-02   3.45408E-03   9.18042E-01   1.99763E-03   4.88447E-02   3.56953E+04  -3.71378E+04  -3.52695E+04  -8.04417E+04  -1.45620E+05
   2.75620E-02   3.45443E-03   9.18136E-01   1.99784E-03   4.88497E-02   3.56657E+04  -3.71373E+04  -3.52680E+04  -8.04349E+04  -1.45630E+05
   2.74620E-02   3.45479E-03   9.18230E-01   1.99805E-03   4.88548E-02   3.56360E+04  -3.71368E+04  -3.52666E+04  -8.04281E+04  -1.45641E+05
   2.73620E-02   3.45514E-03   9.18325E-01   1.99825E-03   4.88598E-02   3.56063E+04  -3.71364E+04  -3.52652E+04  -8.04213E+04  -1.45652E+05
   2.72620E-02   3.45550E-03   9.18419E-01   1.99846E-03   4.88648E-02   3.55764E+04  -3.71359E+04  -3.52637E+04  -8.04146E+04  -1.45663E+05
   2.71620E-02   3.45585E-03   9.18514E-01   1.99866E-03   4.88698E-02   3.55465E+04  -3.71354E+04  -3.52623E+04  -8.04078E+04  -1.45674E+05
   2.70620E-02   3.45621E-03   9.18608E-01   1.99887E-03   4.88748E-02   3.55164E+04  -3.71349E+04  -3.52608E+04  -8.04010E+04  -1.45685E+05
   2.69620E-02   3.45656E-03   9.18702E-01   1.99907E-03   4.88799E-02   3.54862E+04  -3.71345E+04  -3.52594E+04  -8.03943E+04  -1.45695E+05
   2.68620E-02   3.45692E-03   9.18797E-01   1.99928E-03   4.88849E-02   3.54560E+04  -3.71340E+04  -3.52579E+04  -8.03875E+04  -1.45706E+05
   2.67620E-02   3.45727E-03   9.18891E-01   1.99948E-03   4.88899E-02   3.54256E+04  -3.71335E+04  -3.52565E+04  -8.03808E+04  -1.45717E+05
   2.66620E-02   3.45763E-03   9.18986E-01   1.99969E-03   4.88949E-02   3.53952E+04  -3.71330E+04  -3.52550E+04  -8.03740E+04  -1.45728E+05
   2.65620E-02   3.45799E-03   9.19080E-01   1.99989E-03   4.89000E-02   3.53646E+04  -3.71326E+04  -3.52536E+04  -8.03672E+04  -1.45739E+05
   2.64620E-02   3.45834E-03   9.19175E-01   2.00010E-03   4.89050E-02   3.53339E+04  -3.71321E+04  -3.52521E+04  -8.03605E+04  -1.45750E+05
   2.63620E-02   3.45870E-03   9.19269E-01   2.00031E-03   4.89100E-02   3.53032E+04  -3.71316E+04  -3.52507E+04  -8.03537E+04  -1.45760E+05
   2.62620E-02   3.45905E-03   9.19363E-01   2.00051E-03   4.89150E-02   3.52723E+04  -3.71312E+04  -3.52493E+04  -8.03470E+04  -1.45771E+05
   2.61620E-02   3.45941E-03   9.19458E-01   2.00072E-03   4.89201E-02   3.52413E+04  -3.71307E+04  -3.52478E+04  -8.03402E+04  -1.45782E+05
   2.60620E-02   3.45976E-03   9.19552E-01   2.00092E-03   4.89251E-02   3.52103E+04  -3.71302E+04  -3.52464E+04  -8.03335E+04  -1.45793E+05
   2.59620E-02   3.46012E-03   9.19647E-01   2.00113E-03   4.89301E-02   3.51791E+04  -3.71298E+04  -3.52449E+04  -8.03267E+04  -1.45804E+05
   2.58620E-02   3.46047E-03   9.19741E-01   2.00133E-03   4.89351E-02   3.51478E+04  -3.71293E+04  -3.52435E+04  -8.03200E+04  -1.45814E+05
   2.57620E-02   3.46083E-03   9.19835E-01   2.00154E-03   4.89402E-02   3.51164E+04  -3.71288E+04  -3.52421E+04  -8.03132E+04  -1.45825E+05
   2.56620E-02   3.46118E-03   9.19930E-01   2.00174E-03   4.89452E-02   3.50849E+04  -3.71284E+04  -3.52406E+04  -8.03065E+04  -1.45836E+05
   2.55620E-02   3.46154E-03   9.20024E-01   2.00195E-03   4.89502E-02   3.50533E+04  -3.71279E+04  -3.52392E+04  -8.02998E+04  -1.45847E+05
   2.54620E-02   3.46189E-03   9.20119E-01   2.00215E-03   4.89552E-02   3.50215E+04  -3.71274E+04  -3.52377E+04  -8.02930E+04  -1.45858E+05
   2.53620E-02   3.46225E-03   9.20213E-01   2.00236E-03   4.89602E-02   3.49897E+04  -3.71270E+04  -3.52363E+04  -8.02863E+04  -1.45868E+05
   2.52620E-02   3.46260E-03   9.20308E-01   2.00257E-03   4.89653E-02   3.49577E+04  -3.71265E+04  -3.52349E+04  -8.02796E+04  -1.45879E+05
   2.51620E-02   3.46296E-03   9.20402E-01   2.00277E-03   4.89703E-02   3.49257E+04  -3.71261E+04  -3.52334E+04  -8.02728E+04  -1.45890E+05
   2.50620E-02   3.46331E-03   9.20496E-01   2.00298E-03   4.89753E-02   3.48935E+04  -3.71256E+04  -3.52320E+04  -8.02661E+04  -1.45901E+05
   2.49620E-02   3.46367E-03   9.20591E-01   2.00318E-03   4.89803E-02   3.48612E+04  -3.71252E+04  -3.52306E+04  -8.02594E+04  -1.45912E+05
   2.48620E-02   3.46402E-03   9.20685E-01   2.00339E-03   4.89854E-02   3.48288E+04  -3.71247E+04  -3.52291E+04  -8.02527E+04  -1.45922E+05
   2.47620E-02   3.46438E-03   9.20780E-01   2.00359E-03   4.89904E-02   3.47963E+04  -3.71242E+04  -3.52277E+04  -8.02459E+04  -1.45933E+05
   2.46620E-02   3.46473E-03   9.20874E-01   2.00380E-03   4.89954E-02   3.47636E+04  -3.71238E+04  -3.52263E+04  -8.02392E+04  -1.45944E+05
   2.45620E-02   3.46509E-03   9.20968E-01   2.00400E-03   4.90004E-02   3.47308E+04  -3.71233E+04  -3.52248E+04  -8.02325E+04  -1.45955E+05
   2.44620E-02   3.46545E-03   9.21063E-01   2.00421E-03   4.90055E-02   3.46980E+04  -3.71229E+04  -3.52234E+04  -8.02258E+04  -1.45965E+05
   2.43620E-02   3.46580E-03   9.21157E-01   2.00441E-03   4.90105E-02   3.46650E+04  -3.71224E+04  -3.52220E+04  -8.02191E+04  -1.45976E+05
   2.42620E-02   3.46616E-03   9.21252E-01   2.00462E-03   4.90155E-02   3.46318E+04  -3.71220E+04  -3.52205E+04  -8.02124E+04  -1.45987E+05
   2.41620E-02   3.46651E-03   9.21346E-01   2.00483E-03   4.90205E-02   3.45986E+04  -3.71215E+04  -3.52191E+04  -8.02056E+04  -1.45998E+05
   2.40620E-02   3.46687E-03   9.21441E-01   2.00503E-03   4.90256E-02   3.45652E+04  -3.71211E+04  -3.52177E+04  -8.01989E+04  -1.46009E+05
   2.39620E-02   3.46722E-03   9.21535E-01   2.00524E-03   4.90306E-02   3.45317E+04  -3.71206E+04  -3.52162E+04  -8.01922E+04  -1.46019E+05
   2.38620E-02   3.46758E-03   9.21629E-01   2.00544E-03   4.90356E-02   3.44981E+04  -3.71202E+04  -3.52148E+04  -8.01855E+04  -1.46030E+05
   2.37620E-02   3.46793E-03   9.21724E-01   2.00565E-03   4.90406E-02   3.44643E+04  -3.71197E+04  -3.52134E+04  -8.01788E+04  -1.46041E+05
   2.36620E-02   3.46829E-03   9.21818E-01   2.00585E-03   4.90456E-02   3.44305E+04  -3.71193E+04  -3.52120E+04  -8.01721E+04  -1.46052E+05
   2.35620E-02   3.46864E-03   9.21913E-01   2.00606E-03   4.90507E-02   3.43965E+04  -3.71189E+04  -3.52105E+04  -8.01654E+04  -1.46062E+05
   2.34620E-02   3.46900E-03   9.22007E-01   2.00626E-03   4.90557E-02   3.43623E+04  -3.71184E+04  -3.52091E+04  -8.01587E+04  -1.46073E+05
   2.33620E-02   3.46935E-03   9.22101E-01   2.00647E-03   4.90607E-02   3.43280E+04  -3.71180E+04  -3.52077E+04  -8.01520E+04  -1.46084E+05
   2.32620E-02   3.46971E-03   9.22196E-01   2.00667E-03   4.90657E-02   3.42936E+04  -3.71175E+04  -3.52062E+04  -8.01453E+04  -1.46095E+05
   2.31620E-02   3.47006E-03   9.22290E-01   2.00688E-03   4.90708E-02   3.42591E+04  -3.71171E+04  -3.52048E+04  -8.01386E+04  -1.46105E+05
   2.30620E-02   3.47042E-03   9.22385E-01   2.00708E-03   4.90758E-02   3.42244E+04  -3.71166E+04  -3.52034E+04  -8.01319E+04  -1.46116E+05
   2.29620E-02   3.47077E-03   9.22479E-01   2.00729E-03   4.90808E-02   3.41896E+04  -3.71162E+04  -3.52020E+04  -8.01252E+04  -1.46127E+05
   2.28620E-02   3.47113E-03   9.22574E-01   2.00750E-03   4.90858E-02   3.41547E+04  -3.71158E+04  -3.52005E+04  -8.01186E+04  -1.46138E+05
   2.27620E-02   3.47148E-03   9.22668E-01   2.00770E-03   4.90909E-02   3.41196E+04  -3.71153E+04  -3.51991E+04  -8.01119E+04  -1.46148E+05
   2.26620E-02   3.47184E-03   9.22762E-01   2.00791E-03   4.90959E-02   3.40844E+04  -3.71149E+04  -3.51977E+04  -8.01052E+04  -1.46159E+05
   2.25620E-02   3.47219E-03   9.22857E-01   2.00811E-03   4.91009E-02   3.40490E+04  -3.71145E+04  -3.51963E+04  -8.00985E+04  -1.46170E+05
   2.24620E-02   3.47255E-03   9.22951E-01   2.00832E-03   4.91059E-02   3.40135E+04  -3.71140E+04  -3.51949E+04  -8.00918E+04  -1.46181E+05
   2.23620E-02   3.47290E-03   9.23046E-01   2.00852E-03   4.91110E-02   3.39779E+04  -3.71136E+04  -3.51934E+04  -8.00852E+04  -1.46191E+05
   2.22620E-02   3.47326E-03   9.23140E-01   2.00873E-03   4.91160E-02   3.39421E+04  -3.71132E+04  -3.51920E+04  -8.00785E+04  -1.46202E+05
   2.21620E-02   3.47362E-03   9.23234E-01   2.00893E-03   4.91210E-02   3.39062E+04  -3.71127E+04  -3.51906E+04  -8.00718E+04  -1.46213E+05
   2.20620E-02   3.47397E-03   9.23329E-01   2.00914E-03   4.91260E-02   3.38701E+04  -3.71123E+04  -3.51892E+04  -8.00651E+04  -1.46224E+05
   2.19620E-02   3.47433E-03   9.23423E-01   2.00934E-03   4.91310E-02   3.38338E+04  -3.71119E+04  -3.51878E+04  -8.00585E+04  -1.46234E+05
   2.18620E-02   3.47468E-03   9.23518E-01   2.00955E-03   4.91361E-02   3.37975E+04  -3.71114E+04  -3.51863E+04  -8.00518E+04  -1.46245E+05
   2.17620E-02   3.47504E-03   9.23612E-01   2.00976E-03   4.91411E-02   3.37609E+04  -3.71110E+04  -3.51849E+04  -8.00451E+04  -1.46256E+05
   2.16620E-02   3.47539E-03   9.23707E-01   2.00996E-03   4.91461E-02   3.37242E+04  -3.71106E+04  -3.51835E+04  -8.00385E+04  -1.46267E+05
   2.15620E-02   3.47575E-03   9.23801E-01   2.01017E-03   4.91511E-02   3.36874E+04  -3.71102E+04  -3.51821E+04  -8.00318E+04  -1.46277E+05
   2.14620E-02   3.47610E-03   9.23895E-01   2.01037E-03   4.91562E-02   3.36504E+04  -3.71097E+04  -3.51807E+04  -8.00251E+04  -1.46288E+05
   2.13620E-02   3.47646E-03   9.23990E-01   2.01058E-03   4.91612E-02   3.36132E+04  -3.71093E+04  -3.51793E+04  -8.00185E+04  -1.46299E+05
   2.12620E-02   3.47681E-03   9.24084E-01   2.01078E-03   4.91662E-02   3.35759E+04  -3.71089E+04  -3.51778E+04  -8.00118E+04  -1.46309E+05
   2.11620E-02   3.47717E-03   9.24179E-01   2.01099E-03   4.91712E-02   3.35385E+04  -3.71085E+04  -3.51764E+04  -8.00052E+04  -1.46320E+05
   2.10620E-02   3.47752E-03   9.24273E-01   2.01119E-03   4.91763E-02   3.35008E+04  -3.71080E+04  -3.51750E+04  -7.99985E+04  -1.46331E+05
   2.09620E-02   3.47788E-03   9.24367E-01   2.01140E-03   4.91813E-02   3.34630E+04  -3.71076E+04  -3.51736E+04  -7.99919E+04  -1.46342E+05
   2.08620E-02   3.47823E-03   9.24462E-01   2.01160E-03   4.91863E-02   3.34251E+04  -3.71072E+04  -3.51722E+04  -7.99852E+04  -1.46352E+05
   2.07620E-02   3.47859E-03   9.24556E-01   2.01181E-03   4.91913E-02   3.33869E+04  -3.71068E+04  -3.51708E+04  -7.99786E+04  -1.46363E+05
   2.06620E-02   3.47894E-03   9.24651E-01   2.01202E-03   4.91963E-02   3.33486E+04  -3.71064E+04  -3.51694E+04  -7.99719E+04  -1.46374E+05
   2.05620E-02   3.47930E-03   9.24745E-01   2.01222E-03   4.92014E-02   3.33102E+04  -3.71059E+04  -3.51680E+04  -7.99653E+04  -1.46384E+05
   2.04620E-02   3.47965E-03   9.24840E-01   2.01243E-03   4.92064E-02   3.32715E+04  -3.71055E+04  -3.51665E+04  -7.99586E+04  -1.46395E+05
   2.03620E-02   3.48001E-03   9.24934E-01   2.01263E-03   4.92114E-02   3.32327E+04  -3.71051E+04  -3.51651E+04  -7.99520E+04  -1.46406E+05
   2.02620E-02   3.48036E-03   9.25028E-01   2.01284E-03   4.92164E-02   3.31938E+04  -3.71047E+04  -3.51637E+04  -7.99453E+04  -1.46417E+05
   2.01620E-02   3.48072E-03   9.25123E-01   2.01304E-03   4.92215E-02   3.31546E+04  -3.71043E+04  -3.51623E+04  -7.99387E+04  -1.46427E+05
   2.00620E-02   3.48108E-03   9.25217E-01   2.01325E-03   4.92265E-02   3.31153E+04  -3.71039E+04  -3.51609E+04  -7.99321E+04  -1.46438E+05
   1.99620E-02   3.48143E-03   9.25312E-01   2.01345E-03   4.92315E-02   3.30757E+04  -3.71035E+04  -3.51595E+04  -7.99254E+04  -1.46449E+05
   1.98620E-02   3.48179E-03   9.25406E-01   2.01366E-03   4.92365E-02   3.30360E+04  -3.71030E+04  -3.51581E+04  -7.99188E+04  -1.46459E+05
   1.97620E-02   3.48214E-03   9.25500E-01   2.01386E-03   4.92416E-02   3.29962E+04  -3.71026E+04  -3.51567E+04  -7.99122E+04  -1.46470E+05
   1.96620E-02   3.48250E-03   9.25595E-01   2.01407E-03   4.92466E-02   3.29561E+04  -3.71022E+04  -3.51553E+04  -7.99056E+04  -1.46481E+05
   1.95620E-02   3.48285E-03   9.25689E-01   2.01428E-03   4.92516E-02   3.29158E+04  -3.71018E+04  -3.51539E+04  -7.98989E+04  -1.46491E+05
   1.94620E-02   3.48321E-03   9.25784E-01   2.01448E-03   4.92566E-02   3.28754E+04  -3.71014E+04  -3.51525E+04  -7.98923E+04  -1.46502E+05
   1.93620E-02   3.48356E-03   9.25878E-01   2.01469E-03   4.92617E-02   3.28348E+04  -3.71010E+04  -3.51511E+04  -7.98857E+04  -1.46513E+05
   1.92620E-02   3.48392E-03   9.25973E-01   2.01489E-03   4.92667E-02   3.27939E+04  -3.71006E+04  -3.51497E+04  -7.98791E+04  -1.46524E+05
   1.91620E-02   3.48427E-03   9.26067E-01   2.01510E-03   4.92717E-02   3.27529E+04  -3.71002E+04  -3.51483E+04  -7.98724E+04  -1.46534E+05
   1.90620E-02   3.48463E-03   9.26161E-01   2.01530E-03   4.92767E-02   3.27117E+04  -3.70998E+04  -3.51468E+04  -7.98658E+04  -1.46545E+05
   1.89620E-02   3.48498E-03   9.26256E-01   2.01551E-03   4.92817E-02   3.26703E+04  -3.70994E+04  -3.51454E+04  -7.98592E+04  -1.46556E+05
   1.88620E-02   3.48534E-03   9.26350E-01   2.01571E-03   4.92868E-02   3.26287E+04  -3.70990E+04  -3.51440E+04  -7.98526E+04  -1.46566E+05
   1.87620E-02   3.48569E-03   9.26445E-01   2.01592E-03   4.92918E-02   3.25868E+04  -3.70986E+04  -3.51426E+04  -7.98460E+04  -1.46577E+05
   1.86620E-02   3.48605E-03   9.26539E-01   2.01612E-03   4.92968E-02   3.25448E+04  -3.70982E+04  -3.51412E+04  -7.98394E+04  -1.46588E+05
   1.85620E-02   3.48640E-03   9.26633E-01   2.01633E-03   4.93018E-02   3.25026E+04  -3.70978E+04  -3.51398E+04  -7.98328E+04  -1.46598E+05
   1.84620E-02   3.48676E-03   9.26728E-01   2.01654E-03   4.93069E-02   3.24601E+04  -3.70974E+04  -3.51384E+04  -7.98262E+04  -1.46609E+05
   1.83620E-02   3.48711E-03   9.26822E-01   2.01674E-03   4.93119E-02   3.24175E+04  -3.70970E+04  -3.51370E+04  -7.98196E+04  -1.46620E+05
   1.82620E-02   3.48747E-03   9.26917E-01   2.01695E-03   4.93169E-02   3.23746E+04  -3.70966E+04  -3.51356E+04  -7.98130E+04  -1.46630E+05
   1.81620E-02   3.48782E-03   9.27011E-01   2.01715E-03   4.93219E-02   3.23315E+04  -3.70962E+04  -3.51342E+04  -7.98064E+04  -1.46641E+05
   1.80620E-02   3.48818E-03   9.27105E-01   2.01736E-03   4.93270E-02   3.22882E+04  -3.70958E+04  -3.51328E+04  -7.97998E+04  -1.46652E+05
   1.79620E-02   3.48854E-03   9.27200E-01   2.01756E-03   4.93320E-02   3.22446E+04  -3.70954E+04  -3.51314E+04  -7.97932E+04  -1.46662E+05
   1.78620E-02   3.48889E-03   9.27294E-01   2.01777E-03   4.93370E-02   3.22009E+04  -3.70950E+04  -3.51300E+04  -7.97866E+04  -1.46673E+05
   1.77620E-02   3.48925E-03   9.27389E-01   2.01797E-03   4.93420E-02   3.21569E+04  -3.70946E+04  -3.51287E+04  -7.97800E+04  -1.46684E+05
   1.76620E-02   3.48960E-03   9.27483E-01   2.01818E-03   4.93471E-02   3.21127E+04  -3.70942E+04  -3.51273E+04  -7.97734E+04  -1.46694E+05
   1.75620E-02   3.48996E-03   9.27578E-01   2.01838E-03   4.93521E-02   3.20682E+04  -3.70938E+04  -3.51259E+04  -7.97668E+04  -1.46705E+05
   1.74620E-02   3.49031E-03   9.27672E-01   2.01859E-03   4.93571E-02   3.20236E+04  -3.70934E+04  -3.51245E+04  -7.97602E+04  -1.46716E+05
   1.73620E-02   3.49067E-03   9.27766E-01   2.01880E-03   4.93621E-02   3.19786E+04  -3.70930E+04  -3.51231E+04  -7.97536E+04  -1.46726E+05
   1.72620E-02   3.49102E-03   9.27861E-01   2.01900E-03   4.93671E-02   3.19335E+04  -3.70926E+04  -3.51217E+04  -7.97470E+04  -1.46737E+05
   1.71620E-02   3.49138E-03   9.27955E-01   2.01921E-03   4.93722E-02   3.18881E+04  -3.70923E+04  -3.51203E+04  -7.97405E+04  -1.46748E+05
   1.70620E-02   3.49173E-03   9.28050E-01   2.01941E-03   4.93772E-02   3.18424E+04  -3.70919E+04  -3.51189E+04  -7.97339E+04  -1.46758E+05
   1.69620E-02   3.49209E-03   9.28144E-01   2.01962E-03   4.93822E-02   3.17965E+04  -3.70915E+04  -3.51175E+04  -7.97273E+04  -1.46769E+05
   1.68620E-02   3.49244E-03   9.28238E-01   2.01982E-03   4.93872E-02   3.17504E+04  -3.70911E+04  -3.51161E+04  -7.97207E+04  -1.46780E+05
   1.67620E-02   3.49280E-03   9.28333E-01   2.02003E-03   4.93923E-02   3.17040E+04  -3.70907E+04  -3.51147E+04  -7.97141E+04  -1.46790E+05
   1.66620E-02   3.49315E-03   9.28427E-01   2.02023E-03   4.93973E-02   3.16573E+04  -3.70903E+04  -3.51133E+04  -7.97076E+04  -1.46801E+05
   1.65620E-02   3.49351E-03   9.28522E-01   2.02044E-03   4.94023E-02   3.16104E+04  -3.70899E+04  -3.51119E+04  -7.97010E+04  -1.46812E+05
   1.64620E-02   3.49386E-03   9.28616E-01   2.02064E-03   4.94073E-02   3.15632E+04  -3.70896E+04  -3.51105E+04  -7.96944E+04  -1.46822E+05
   1.63620E-02   3.49422E-03   9.28711E-01   2.02085E-03   4.94124E-02   3.15158E+04  -3.70892E+04  -3.51092E+04  -7.96879E+04  -1.46833E+05
   1.62620E-02   3.49457E-03   9.28805E-01   2.02106E-03   4.94174E-02   3.14680E+04  -3.70888E+04  -3.51078E+04  -7.96813E+04  -1.46843E+05
   1.61620E-02   3.49493E-03   9.28899E-01   2.02126E-03   4.94224E-02   3.14200E+04  -3.70884E+04  -3.51064E+04  -7.96747E+04  -1.46854E+05
   1.60620E-02   3.49528E-03   9.28994E-01   2.02147E-03   4.94274E-02   3.13718E+04  -3.70880E+04  -3.51050E+04  -7.96682E+04  -1.46865E+05
   1.59620E-02   3.49564E-03   9.29088E-01   2.02167E-03   4.94325E-02   3.13232E+04  -3.70877E+04  -3.51036E+04  -7.96616E+04  -1.46875E+05
   1.58620E-02   3.49600E-03   9.29183E-01   2.02188E-03   4.94375E-02   3.12744E+04  -3.70873E+04  -3.51022E+04  -7.96551E+04  -1.46886E+05
   1.57620E-02   3.49635E-03   9.29277E-01   2.02208E-03   4.94425E-02   3.12252E+04  -3.70869E+04  -3.51008E+04  -7.96485E+04  -1.46897E+05
   1.56620E-02   3.49671E-03   9.29371E-01   2.02229E-03   4.94475E-02   3.11758E+04  -3.70865E+04  -3.50994E+04  -7.96419E+04  -1.46907E+05
   1.55620E-02   3.49706E-03   9.29466E-01   2.02249E-03   4.94525E-02   3.11261E+04  -3.70862E+04  -3.50981E+04  -7.96354E+04  -1.46918E+05
   1.54620E-02   3.49742E-03   9.29560E-01   2.02270E-03   4.94576E-02   3.10761E+04  -3.70858E+04  -3.50967E+04  -7.96288E+04  -1.46929E+05
   1.53620E-02   3.49777E-03   9.29655E-01   2.02290E-03   4.94626E-02   3.10258E+04  -3.70854E+04  -3.50953E+04  -7.96223E+04  -1.46939E+05
   1.52620E-02   3.49813E-03   9.29749E-01   2.02311E-03   4.94676E-02   3.09752E+04  -3.70850E+04  -3.50939E+04  -7.96157E+04  -1.46950E+05
   1.51620E-02   3.49848E-03   9.29844E-01   2.02332E-03   4.94726E-02   3.09242E+04  -3.70847E+04  -3.50925E+04  -7.96092E+04  -1.46960E+05
   1.50620E-02   3.49884E-03   9.29938E-01   2.02352E-03   4.94777E-02   3.08730E+04  -3.70843E+04  -3.50911E+04  -7.96027E+04  -1.46971E+05
   1.49620E-02   3.49919E-03   9.30032E-01   2.02373E-03   4.94827E-02   3.08214E+04  -3.70839E+04  -3.50898E+04  -7.95961E+04  -1.46982E+05
   1.48620E-02   3.49955E-03   9.30127E-01   2.02393E-03   4.94877E-02   3.07695E+04  -3.70836E+04  -3.50884E+04  -7.95896E+04  -1.46992E+05
   1.47620E-02   3.49990E-03   9.30221E-01   2.02414E-03   4.94927E-02   3.07173E+04  -3.70832E+04  -3.50870E+04  -7.95830E+04  -1.47003E+05
   1.46620E-02   3.50026E-03   9.30316E-01   2.02434E-03   4.94978E-02   3.06647E+04  -3.70828E+04  -3.50856E+04  -7.95765E+04  -1.47014E+05
   1.45620E-02   3.50061E-03   9.30410E-01   2.02455E-03   4.95028E-02   3.06118E+04  -3.70825E+04  -3.50842E+04  -7.95700E+04  -1.47024E+05
   1.44620E-02   3.50097E-03   9.30504E-01   2.02475E-03   4.95078E-02   3.05586E+04  -3.70821E+04  -3.50829E+04  -7.95634E+04  -1.47035E+05
   1.43620E-02   3.50132E-03   9.30599E-01   2.02496E-03   4.95128E-02   3.05050E+04  -3.70817E+04  -3.50815E+04  -7.95569E+04  -1.47045E+05
   1.42620E-02   3.50168E-03   9.30693E-01   2.02516E-03   4.95178E-02   3.04511E+04  -3.70814E+04  -3.50801E+04  -7.95504E+04  -1.47056E+05
   1.41620E-02   3.50203E-03   9.30788E-01   2.02537E-03   4.95229E-02   3.03968E+04  -3.70810E+04  -3.50787E+04  -7.95438E+04  -1.47067E+05
   1.40620E-02   3.50239E-03   9.30882E-01   2.02558E-03   4.95279E-02   3.03422E+04  -3.70806E+04  -3.50774E+04  -7.95373E+04  -1.47077E+05
   1.39620E-02   3.50274E-03   9.30977E-01   2.02578E-03   4.95329E-02   3.02871E+04  -3.70803E+04  -3.50760E+04  -7.95308E+04  -1.47088E+05
   1.38620E-02   3.50310E-03   9.31071E-01   2.02599E-03   4.95379E-02   3.02318E+04  -3.70799E+04  -3.50746E+04  -7.95243E+04  -1.47098E+05
   1.37620E-02   3.50346E-03   9.31165E-01   2.02619E-03   4.95430E-02   3.01760E+04  -3.70796E+04  -3.50732E+04  -7.95178E+04  -1.47109E+05
   1.36620E-02   3.50381E-03   9.31260E-01   2.02640E-03   4.95480E-02   3.01198E+04  -3.70792E+04  -3.50718E+04  -7.95112E+04  -1.47120E+05
   1.35620E-02   3.50417E-03   9.31354E-01   2.02660E-03   4.95530E-02   3.00633E+04  -3.70788E+04  -3.50705E+04  -7.95047E+04  -1.47130E+05
   1.34620E-02   3.50452E-03   9.31449E-01   2.02681E-03   4.95580E-02   3.00064E+04  -3.70785E+04  -3.50691E+04  -7.94982E+04  -1.47141E+05
   1.33620E-02   3.50488E-03   9.31543E-01   2.02701E-03   4.95631E-02   2.99490E+04  -3.70781E+04  -3.50677E+04  -7.94917E+04  -1.47151E+05
   1.32620E-02   3.50523E-03   9.31637E-01   2.02722E-03   4.95681E-02   2.98913E+04  -3.70778E+04  -3.50664E+04  -7.94852E+04  -1.47162E+05
   1.31620E-02   3.50559E-03   9.31732E-01   2.02742E-03   4.95731E-02   2.98332E+04  -3.70774E+04  -3.50650E+04  -7.94787E+04  -1.47173E+05
   1.30620E-02   3.50594E-03   9.31826E-01   2.02763E-03   4.95781E-02   2.97746E+04  -3.70771E+04  -3.50636E+04  -7.94722E+04  -1.47183E+05
   1.29620E-02   3.50630E-03   9.31921E-01   2.02784E-03   4.95832E-02   2.97156E+04  -3.70767E+04  -3.50622E+04  -7.94657E+04  -1.47194E+05
   1.28620E-02   3.50665E-03   9.32015E-01   2.02804E-03   4.95882E-02   2.96562E+04  -3.70764E+04  -3.50609E+04  -7.94592E+04  -1.47204E+05
   1.27620E-02   3.50701E-03   9.32110E-01   2.02825E-03   4.95932E-02   2.95963E+04  -3.70760E+04  -3.50595E+04  -7.94527E+04  -1.47215E+05
   1.26620E-02   3.50736E-03   9.32204E-01   2.02845E-03   4.95982E-02   2.95360E+04  -3.70757E+04  -3.50581E+04  -7.94462E+04  -1.47225E+05
   1.25620E-02   3.50772E-03   9.32298E-01   2.02866E-03   4.96032E-02   2.94752E+04  -3.70753E+04  -3.50568E+04  -7.94397E+04  -1.47236E+05
   1.24620E-02   3.50807E-03   9.32393E-01   2.02886E-03   4.96083E-02   2.94140E+04  -3.70750E+04  -3.50554E+04  -7.94332E+04  -1.47247E+05
   1.23620E-02   3.50843E-03   9.32487E-01   2.02907E-03   4.96133E-02   2.93523E+04  -3.70746E+04  -3.50540E+04  -7.94267E+04  -1.47257E+05
   1.22620E-02   3.50878E-03   9.32582E-01   2.02927E-03   4.96183E-02   2.92902E+04  -3.70743E+04  -3.50527E+04  -7.94202E+04  -1.47268E+05
   1.21620E-02   3.50914E-03   9.32676E-01   2.02948E-03   4.96233E-02   2.92275E+04  -3.70739E+04  -3.50513E+04  -7.94137E+04  -1.47278E+05
   1.20620E-02   3.50949E-03   9.32770E-01   2.02968E-03   4.96284E-02   2.91644E+04  -3.70736E+04  -3.50499E+04  -7.94072E+04  -1.47289E+05
   1.19620E-02   3.50985E-03   9.32865E-01   2.02989E-03   4.96334E-02   2.91008E+04  -3.70732E+04  -3.50486E+04  -7.94007E+04  -1.47299E+05
   1.18620E-02   3.51020E-03   9.32959E-01   2.03009E-03   4.96384E-02   2.90366E+04  -3.70729E+04  -3.50472E+04  -7.93942E+04  -1.47310E+05
   1.17620E-02   3.51056E-03   9.33054E-01   2.03030E-03   4.96434E-02   2.89720E+04  -3.70725E+04  -3.50458E+04  -7.93877E+04  -1.47321E+05
   1.16620E-02   3.51092E-03   9.33148E-01   2.03051E-03   4.96485E-02   2.89068E+04  -3.70722E+04  -3.50445E+04  -7.93812E+04  -1.47331E+05
   1.15620E-02   3.51127E-03   9.33243E-01   2.03071E-03   4.96535E-02   2.88411E+04  -3.70719E+04  -3.50431E+04  -7.93748E+04  -1.47342E+05
   1.14620E-02   3.51163E-03   9.33337E-01   2.03092E-03   4.96585E-02   2.87748E+04  -3.70715E+04  -3.50417E+04  -7.93683E+04  -1.47352E+05
   1.13620E-02   3.51198E-03   9.33431E-01   2.03112E-03   4.96635E-02   2.87080E+04  -3.70712E+04  -3.50404E+04  -7.93618E+04  -1.47363E+05
   1.12620E-02   3.51234E-03   9.33526E-01   2.03133E-03   4.96686E-02   2.86407E+04  -3.70708E+04  -3.50390E+04  -7.93553E+04  -1.47373E+05
   1.11620E-02   3.51269E-03   9.33620E-01   2.03153E-03   4.96736E-02   2.85727E+04  -3.70705E+04  -3.50376E+04  -7.93489E+04  -1.47384E+05
   1.10620E-02   3.51305E-03   9.33715E-01   2.03174E-03   4.96786E-02   2.85042E+04  -3.70702E+04  -3.50363E+04  -7.93424E+04  -1.47394E+05
   1.09620E-02   3.51340E-03   9.33809E-01   2.03194E-03   4.96836E-02   2.84351E+04  -3.70698E+04  -3.50349E+04  -7.93359E+04  -1.47405E+05
   1.08620E-02   3.51376E-03   9.33903E-01   2.03215E-03   4.96886E-02   2.83654E+04  -3.70695E+04  -3.50336E+04  -7.93295E+04  -1.47416E+05
   1.07620E-02   3.51411E-03   9.33998E-01   2.03235E-03   4.96937E-02   2.82951E+04  -3.70692E+04  -3.50322E+04  -7.93230E+04  -1.47426E+05
   1.06620E-02   3.51447E-03   9.34092E-01   2.03256E-03   4.96987E-02   2.82241E+04  -3.70688E+04  -3.50308E+04  -7.93165E+04  -1.47437E+05
   1.05620E-02   3.51482E-03   9.34187E-01   2.03277E-03   4.97037E-02   2.81525E+04  -3.70685E+04  -3.50295E+04  -7.93101E+04  -1.47447E+05
   1.04620E-02   3.51518E-03   9.34281E-01   2.03297E-03   4.97087E-02   2.80803E+04  -3.70682E+04  -3.50281E+04  -7.93036E+04  -1.47458E+05
   1.03620E-02   3.51553E-03   9.34376E-01   2.03318E-03   4.97138E-02   2.80073E+04  -3.70678E+04  -3.50268E+04  -7.92971E+04  -1.47468E+05
   1.02620E-02   3.51589E-03   9.34470E-01   2.03338E-03   4.97188E-02   2.79338E+04  -3.70675E+04  -3.50254E+04  -7.92907E+04  -1.47479E+05
   1.01620E-02   3.51624E-03   9.34564E-01   2.03359E-03   4.97238E-02   2.78595E+04  -3.70672E+04  -3.50240E+04  -7.92842E+04  -1.47489E+05
   1.00620E-02   3.51660E-03   9.34659E-01   2.03379E-03   4.97288E-02   2.77845E+04  -3.70668E+04  -3.50227E+04  -7.92778E+04  -1.47500E+05
   9.96201E-03   3.51695E-03   9.34753E-01   2.03400E-03   4.97339E-02   2.77088E+04  -3.70665E+04  -3.50213E+04  -7.92713E+04  -1.47510E+05
   9.86201E-03   3.51731E-03   9.34848E-01   2.03420E-03   4.97389E-02   2.76324E+04  -3.70662E+04  -3.50200E+04  -7.92649E+04  -1.47521E+05
   9.76201E-03   3.51766E-03   9.34942E-01   2.03441E-03   4.97439E-02   2.75552E+04  -3.70659E+04  -3.50186E+04  -7.92584E+04  -1.47532E+05
   9.66201E-03   3.51802E-03   9.35036E-01   2.03461E-03   4.97489E-02   2.74773E+04  -3.70655E+04  -3.50173E+04  -7.92520E+04  -1.47542E+05
   9.56201E-03   3.51837E-03   9.35131E-01   2.03482E-03   4.97539E-02   2.73986E+04  -3.70652E+04  -3.50159E+04  -7.92455E+04  -1.47553E+05
   9.46201E-03   3.51873E-03   9.35225E-01   2.03503E-03   4.97590E-02   2.73191E+04  -3.70649E+04  -3.50146E+04  -7.92391E+04  -1.47563E+05
   9.36201E-03   3.51909E-03   9.35320E-01   2.03523E-03   4.97640E-02   2.72388E+04  -3.70646E+04  -3.50132E+04  -7.92326E+04  -1.47574E+05
   9.26201E-03   3.51944E-03   9.35414E-01   2.03544E-03   4.97690E-02   2.71576E+04  -3.70642E+04  -3.50119E+04  -7.92262E+04  -1.47584E+05
   9.16201E-03   3.51980E-03   9.35509E-01   2.03564E-03   4.97740E-02   2.70756E+04  -3.70639E+04  -3.50105E+04  -7.92198E+04  -1.47595E+05
   9.06201E-03   3.52015E-03   9.35603E-01   2.03585E-03   4.97791E-02   2.69928E+04  -3.70636E+04  -3.50092E+04  -7.92133E+04  -1.47605E+05
   8.96201E-03   3.52051E-03   9.35697E-01   2.03605E-03   4.97841E-02   2.69091E+04  -3.70633E+04  -3.50078E+04  -7.92069E+04  -1.47616E+05
   8.86201E-03   3.52086E-03   9.35792E-01   2.03626E-03   4.97891E-02   2.68244E+04  -3.70629E+04  -3.50065E+04  -7.92005E+04  -1.47626E+05
   8.76201E-03   3.52122E-03   9.35886E-01   2.03646E-03   4.97941E-02   2.67389E+04  -3.70626E+04  -3.50051E+04  -7.91940E+04  -1.47637E+05
   8.66201E-03   3.52157E-03   9.35981E-01   2.03667E-03   4.97992E-02   2.66524E+04  -3.70623E+04  -3.50038E+04  -7.91876E+04  -1.47647E+05
   8.56201E-03   3.52193E-03   9.36075E-01   2.03687E-03   4.98042E-02   2.65649E+04  -3.70620E+04  -3.50024E+04  -7.91812E+04  -1.47658E+05
   8.46201E-03   3.52228E-03   9.36169E-01   2.03708E-03   4.98092E-02   2.64764E+04  -3.70617E+04  -3.50011E+04  -7.91748E+04  -1.47668E+05
   8.36201E-03   3.52264E-03   9.36264E-01   2.03729E-03   4.98142E-02   2.63870E+04  -3.70614E+04  -3.49997E+04  -7.91683E+04  -1.47679E+05
   8.26201E-03   3.52299E-03   9.36358E-01   2.03749E-03   4.98193E-02   2.62964E+04  -3.70611E+04  -3.49984E+04  -7.91619E+04  -1.47689E+05
   8.16201E-03   3.52335E-03   9.36453E-01   2.03770E-03   4.98243E-02   2.62049E+04  -3.70607E+04  -3.49970E+04  -7.91555E+04  -1.47700E+05
   8.06201E-03   3.52370E-03   9.36547E-01   2.03790E-03   4.98293E-02   2.61122E+04  -3.70604E+04  -3.49957E+04  -7.91491E+04  -1.47710E+05
   7.96201E-03   3.52406E-03   9.36641E-01   2.03811E-03   4.98343E-02   2.60184E+04  -3.70601E+04  -3.49943E+04  -7.91427E+04  -1.47721E+05
   7.86201E-03   3.52441E-03   9.36736E-01   2.03831E-03   4.98393E-02   2.59235E+04  -3.70598E+04  -3.49930E+04  -7.91362E+04  -1.47731E+05
   7.76201E-03   3.52477E-03   9.36830E-01   2.03852E-03   4.98444E-02   2.58274E+04  -3.70595E+04  -3.49916E+04  -7.91298E+04  -1.47742E+05
   7.66201E-03   3.52512E-03   9.36925E-01   2.03872E-03   4.98494E-02   2.57301E+04  -3.70592E+04  -3.49903E+04  -7.91234E+04  -1.47752E+05
   7.56201E-03   3.52548E-03   9.37019E-01   2.03893E-03   4.98544E-02   2.56315E+04  -3.70589E+04  -3.49889E+04  -7.91170E+04  -1.47763E+05
   7.46201E-03   3.52583E-03   9.37114E-01   2.03913E-03   4.98594E-02   2.55317E+04  -3.70586E+04  -3.49876E+04  -7.91106E+04  -1.47773E+05
   7.36201E-03   3.52619E-03   9.37208E-01   2.03934E-03   4.98645E-02   2.54306E+04  -3.70583E+04  -3.49863E+04  -7.91042E+04  -1.47784E+05
   7.26201E-03   3.52655E-03   9.37302E-01   2.03955E-03   4.98695E-02   2.53282E+04  -3.70580E+04  -3.49849E+04  -7.90978E+04  -1.47794E+05
   7.16201E-03   3.52690E-03   9.37397E-01   2.03975E-03   4.98745E-02   2.52243E+04  -3.70576E+04  -3.49836E+04  -7.90914E+04  -1.47805E+05
   7.06201E-03   3.52726E-03   9.37491E-01   2.03996E-03   4.98795E-02   2.51191E+04  -3.70573E+04  -3.49822E+04  -7.90850E+04  -1.47815E+05
   6.96201E-03   3.52761E-03   9.37586E-01   2.04016E-03   4.98846E-02   2.50124E+04  -3.70570E+04  -3.49809E+04  -7.90786E+04  -1.47826E+05
   6.86201E-03   3.52797E-03   9.37680E-01   2.04037E-03   4.98896E-02   2.49042E+04  -3.70567E+04  -3.49796E+04  -7.90722E+04  -1.47836E+05
   6.76201E-03   3.52832E-03   9.37774E-01   2.04057E-03   4.98946E-02   2.47945E+04  -3.70564E+04  -3.49782E+04  -7.90658E+04  -1.47847E+05
   6.66201E-03   3.52868E-03   9.37869E-01   2.04078E-03   4.98996E-02   2.46831E+04  -3.70561E+04  -3.49769E+04  -7.90594E+04  -1.47857E+05
   6.56201E-03   3.52903E-03   9.37963E-01   2.04098E-03   4.99047E-02   2.45702E+04  -3.70558E+04  -3.49755E+04  -7.90530E+04  -1.47868E+05
   6.46201E-03   3.52939E-03   9.38058E-01   2.04119E-03   4.99097E-02   2.44555E+04  -3.70555E+04  -3.49742E+04  -7.90466E+04  -1.47878E+05
   6.36201E-03   3.52974E-03   9.38152E-01   2.04139E-03   4.99147E-02   2.43391E+04  -3.70552E+04  -3.49729E+04  -7.90402E+04  -1.47889E+05
   6.26201E-03   3.53010E-03   9.38247E-01   2.04160E-03   4.99197E-02   2.42210E+04  -3.70549E+04  -3.49715E+04  -7.90338E+04  -1.47899E+05
   6.16201E-03   3.53045E-03   9.38341E-01   2.04181E-03   4.99247E-02   2.41009E+04  -3.70546E+04  -3.49702E+04  -7.90275E+04  -1.47910E+05
   6.06201E-03   3.53081E-03   9.38435E-01   2.04201E-03   4.99298E-02   2.39790E+04  -3.70543E+04  -3.49688E+04  -7.90211E+04  -1.47920E+05
   5.96201E-03   3.53116E-03   9.38530E-01   2.04222E-03   4.99348E-02   2.38551E+04  -3.70540E+04  -3.49675E+04  -7.90147E+04  -1.47931E+05
   5.86201E-03   3.53152E-03   9.38624E-01   2.04242E-03   4.99398E-02   2.37291E+04  -3.70537E+04  -3.49662E+04  -7.90083E+04  -1.47941E+05
   5.76201E-03   3.53187E-03   9.38719E-01   2.04263E-03   4.99448E-02   2.36010E+04  -3.70535E+04  -3.49648E+04  -7.90019E+04  -1.47951E+05
   5.66201E-03   3.53223E-03   9.38813E-01   2.04283E-03   4.99499E-02   2.34708E+04  -3.70532E+04  -3.49635E+04  -7.89956E+04  -1.47962E+05
   5.56201E-03   3.53258E-03   9.38907E-01   2.04304E-03   4.99549E-02   2.33383E+04  -3.70529E+04  -3.49622E+04  -7.89892E+04  -1.47972E+05
   5.46201E-03   3.53294E-03   9.39002E-01   2.04324E-03   4.99599E-02   2.32034E+04  -3.70526E+04  -3.49608E+04  -7.89828E+04  -1.47983E+05
   5.36201E-03   3.53329E-03   9.39096E-01   2.04345E-03   4.99649E-02   2.30661E+04  -3.70523E+04  -3.49595E+04  -7.89764E+04  -1.47993E+05
   5.26201E-03   3.53365E-03   9.39191E-01   2.04365E-03   4.99700E-02   2.29263E+04  -3.70520E+04  -3.49582E+04  -7.89701E+04  -1.48004E+05
   5.16201E-03   3.53401E-03   9.39285E-01   2.04386E-03   4.99750E-02   2.27838E+04  -3.70517E+04  -3.49568E+04  -7.89637E+04  -1.48014E+05
   5.06201E-03   3.53436E-03   9.39380E-01   2.04407E-03   4.99800E-02   2.26387E+04  -3.70514E+04  -3.49555E+04  -7.89573E+04  -1.48025E+05
   4.96201E-03   3.53472E-03   9.39474E-01   2.04427E-03   4.99850E-02   2.24906E+04  -3.70511E+04  -3.49542E+04  -7.89510E+04  -1.48035E+05
   4.86201E-03   3.53507E-03   9.39568E-01   2.04448E-03   4.99901E-02   2.23397E+04  -3.70508E+04  -3.49528E+04  -7.89446E+04  -1.48046E+05
   4.76201E-03   3.53543E-03   9.39663E-01   2.04468E-03   4.99951E-02   2.21857E+04  -3.70506E+04  -3.49515E+04  -7.89382E+04  -1.48056E+05
   4.66201E-03   3.53578E-03   9.39757E-01   2.04489E-03   5.00001E-02   2.20284E+04  -3.70503E+04  -3.49502E+04  -7.89319E+04  -1.48066E+05
   4.56201E-03   3.53614E-03   9.39852E-01   2.04509E-03   5.00051E-02   2.18679E+04  -3.70500E+04  -3.49489E+04  -7.89255E+04  -1.48077E+05
   4.46201E-03   3.53649E-03   9.39946E-01   2.04530E-03   5.00101E-02   2.17038E+04  -3.70497E+04  -3.49475E+04  -7.89192E+04  -1.48087E+05
   4.36201E-03   3.53685E-03   9.40040E-01   2.04550E-03   5.00152E-02   2.15361E+04  -3.70494E+04  -3.49462E+04  -7.89128E+04  -1.48098E+05
   4.26201E-03   3.53720E-03   9.40135E-01   2.04571E-03   5.00202E-02   2.13646E+04  -3.70491E+04  -3.49449E+04  -7.89065E+04  -1.48108E+05
   4.16201E-03   3.53756E-03   9.40229E-01   2.04591E-03   5.00252E-02   2.11891E+04  -3.70489E+04  -3.49436E+04  -7.89001E+04  -1.48119E+05
   4.06201E-03   3.53791E-03   9.40324E-01   2.04612E-03   5.00302E-02   2.10094E+04  -3.70486E+04  -3.49422E+04  -7.88938E+04  -1.48129E+05
   3.96201E-03   3.53827E-03   9.40418E-01   2.04633E-03   5.00353E-02   2.08253E+04  -3.70483E+04  -3.49409E+04  -7.88874E+04  -1.48140E+05
   3.86201E-03   3.53862E-03   9.40513E-01   2.04653E-03   5.00403E-02   2.06365E+04  -3.70480E+04  -3.49396E+04  -7.88811E+04  -1.48150E+05
   3.76201E-03   3.53898E-03   9.40607E-01   2.04674E-03   5.00453E-02   2.04429E+04  -3.70477E+04  -3.49382E+04  -7.88747E+04  -1.48160E+05
   3.66201E-03   3.53933E-03   9.40701E-01   2.04694E-03   5.00503E-02   2.02442E+04  -3.70475E+04  -3.49369E+04  -7.88684E+04  -1.48171E+05
   3.56201E-03   3.53969E-03   9.40796E-01   2.04715E-03   5.00554E-02   2.00401E+04  -3.70472E+04  -3.49356E+04  -7.88621E+04  -1.48181E+05
   3.46201E-03   3.54004E-03   9.40890E-01   2.04735E-03   5.00604E-02   1.98302E+04  -3.70469E+04  -3.49343E+04  -7.88557E+04  -1.48192E+05
   3.36201E-03   3.54040E-03   9.40985E-01   2.04756E-03   5.00654E-02   1.96142E+04  -3.70466E+04  -3.49330E+04  -7.88494E+04  -1.48202E+05
   3.26201E-03   3.54075E-03   9.41079E-01   2.04776E-03   5.00704E-02   1.93919E+04  -3.70464E+04  -3.49316E+04  -7.88430E+04  -1.48213E+05
   3.16201E-03   3.54111E-03   9.41173E-01   2.04797E-03   5.00754E-02   1.91627E+04  -3.70461E+04  -3.49303E+04  -7.88367E+04  -1.48223E+05
   3.06201E-03   3.54147E-03   9.41268E-01   2.04817E-03   5.00805E-02   1.89263E+04  -3.70458E+04  -3.49290E+04  -7.88304E+04  -1.48233E+05
   2.96201E-03   3.54182E-03   9.41362E-01   2.04838E-03   5.00855E-02   1.86821E+04  -3.70455E+04  -3.49277E+04  -7.88241E+04  -1.48244E+05
   2.86201E-03   3.54218E-03   9.41457E-01   2.04859E-03   5.00905E-02   1.84296E+04  -3.70453E+04  -3.49263E+04  -7.88177E+04  -1.48254E+05
   2.76201E-03   3.54253E-03   9.41551E-01   2.04879E-03   5.00955E-02   1.81683E+04  -3.70450E+04  -3.49250E+04  -7.88114E+04  -1.48265E+05
   2.66201E-03   3.54289E-03   9.41646E-01   2.04900E-03   5.01006E-02   1.78974E+04  -3.70447E+04  -3.49237E+04  -7.88051E+04  -1.48275E+05
   2.56201E-03   3.54324E-03   9.41740E-01   2.04920E-03   5.01056E-02   1.76163E+04  -3.70445E+04  -3.49224E+04  -7.87988E+04  -1.48285E+05
   2.46201E-03   3.54360E-03   9.41834E-01   2.04941E-03   5.01106E-02   1.73241E+04  -3.70442E+04  -3.49211E+04  -7.87924E+04  -1.48296E+05
   2.36201E-03   3.54395E-03   9.41929E-01   2.04961E-03   5.01156E-02   1.70199E+04  -3.70439E+04  -3.49198E+04  -7.87861E+04  -1.48306E+05
   2.26201E-03   3.54431E-03   9.42023E-01   2.04982E-03   5.01207E-02   1.67028E+04  -3.70437E+04  -3.49184E+04  -7.87798E+04  -1.48317E+05
   2.16201E-03   3.54466E-03   9.42118E-01   2.05002E-03   5.01257E-02   1.63714E+04  -3.70434E+04  -3.49171E+04  -7.87735E+04  -1.48327E+05
   2.06201E-03   3.54502E-03   9.42212E-01   2.05023E-03   5.01307E-02   1.60244E+04  -3.70431E+04  -3.49158E+04  -7.87672E+04  -1.48338E+05
   1.96201E-03   3.54537E-03   9.42306E-01   2.05043E-03   5.01357E-02   1.56604E+04  -3.70429E+04  -3.49145E+04  -7.87609E+04  -1.48348E+05
   1.86201E-03   3.54573E-03   9.42401E-01   2.05064E-03   5.01408E-02   1.52775E+04  -3.70426E+04  -3.49132E+04  -7.87545E+04  -1.48358E+05
   1.76201E-03   3.54608E-03   9.42495E-01   2.05085E-03   5.01458E-02   1.48736E+04  -3.70423E+04  -3.49119E+04  -7.87482E+04  -1.48369E+05
   1.66201E-03   3.54644E-03   9.42590E-01   2.05105E-03   5.01508E-02   1.44463E+04  -3.70421E+04  -3.49105E+04  -7.87419E+04  -1.48379E+05
   1.56201E-03   3.54679E-03   9.42684E-01   2.05126E-03   5.01558E-02   1.39926E+04  -3.70418E+04  -3.49092E+04  -7.87356E+04  -1.48390E+05
   1.46201E-03   3.54715E-03   9.42779E-01   2.05146E-03   5.01608E-02   1.35092E+04  -3.70415E+04  -3.49079E+04  -7.87293E+04  -1.48400E+05
   1.36201E-03   3.54750E-03   9.42873E-01   2.05167E-03   5.01659E-02   1.29917E+04  -3.70413E+04  -3.49066E+04  -7.87230E+04  -1.48410E+05
   1.26201E-03   3.54786E-03   9.42967E-01   2.05187E-03   5.01709E-02   1.24350E+04  -3.70410E+04  -3.49053E+04  -7.87167E+04  -1.48421E+05
   1.16201E-03   3.54821E-03   9.43062E-01   2.05208E-03   5.01759E-02   1.18325E+04  -3.70408E+04  -3.49040E+04  -7.87104E+04  -1.48431E+05
   1.06201E-03   3.54857E-03   9.43156E-01   2.05228E-03   5.01809E-02   1.11761E+04  -3.70405E+04  -3.49027E+04  -7.87041E+04  -1.48441E+05
   9.62012E-04   3.54893E-03   9.43251E-01   2.05249E-03   5.01860E-02   1.04550E+04  -3.70403E+04  -3.49014E+04  -7.86978E+04  -1.48452E+05
   8.62012E-04   3.54928E-03   9.43345E-01   2.05269E-03   5.01910E-02   9.65506E+03  -3.70400E+04  -3.49000E+04  -7.86915E+04  -1.48462E+05
   7.62012E-04   3.54964E-03   9.43439E-01   2.05290E-03   5.01960E-02   8.75674E+03  -3.70397E+04  -3.48987E+04  -7.86852E+04  -1.48473E+05
   6.62012E-04   3.54999E-03   9.43534E-01   2.05311E-03   5.02010E-02   7.73232E+03  -3.70395E+04  -3.48974E+04  -7.86790E+04  -1.48483E+05
   5.62012E-04   3.55035E-03   9.43628E-01   2.05331E-03   5.02061E-02   6.54032E+03  -3.70392E+04  -3.48961E+04  -7.86727E+04  -1.48493E+05
   4.62012E-04   3.55070E-03   9.43723E-01   2.05352E-03   5.02111E-02   5.11476E+03  -3.70390E+04  -3.48948E+04  -7.86664E+04  -1.48504E+05
   3.62012E-04   3.55106E-03   9.43817E-01   2.05372E-03   5.02161E-02   3.34087E+03  -3.70387E+04  -3.48935E+04  -7.86601E+04  -1.48514E+05
   2.62012E-04   3.55141E-03   9.43912E-01   2.05393E-03   5.02211E-02   9.90738E+02  -3.70385E+04  -3.48922E+04  -7.86538E+04  -1.48525E+05
   1.62012E-04   3.55177E-03   9.44006E-01   2.05413E-03   5.02262E-02  -2.50232E+03  -3.70382E+04  -3.48909E+04  -7.86475E+04  -1.48535E+05
   6.20121E-05   3.55212E-03   9.44100E-01   2.05434E-03   5.02312E-02  -9.47735E+03  -3.70380E+04  -3.48896E+04  -7.86413E+04  -1.48545E+05
   1.00000E-06   3.55234E-03   9.44158E-01   2.05446E-03   5.02342E-02  -3.94429E+04  -3.70378E+04  -3.48888E+04  -7.86374E+04  -1.48552E+05
