
 Phase Region for:
     FCC_A1                        
 col-1=X(C), col-2=X(CU), col-3=X(FE), col-4=X(MN), col-5=X(SI), col-6=MU(C), col-7=MU(CU), col-8=MU(FE), col-9=MU(MN), col-10=MU(SI),
   9.72763E-03   3.51779E-03   9.34974E-01   2.03448E-03   4.97456E-02  -8.46681E+03  -4.50470E+04  -3.40920E+04  -9.20629E+04  -1.45988E+05
   1.07276E-02   3.51423E-03   9.34030E-01   2.03243E-03   4.96954E-02  -7.67547E+03  -4.49764E+04  -3.41064E+04  -9.21097E+04  -1.45883E+05
   1.17276E-02   3.51068E-03   9.33086E-01   2.03037E-03   4.96452E-02  -6.94732E+03  -4.49060E+04  -3.41210E+04  -9.21567E+04  -1.45777E+05
   1.27276E-02   3.50713E-03   9.32142E-01   2.02832E-03   4.95949E-02  -6.27198E+03  -4.48358E+04  -3.41356E+04  -9.22038E+04  -1.45671E+05
   1.37276E-02   3.50358E-03   9.31198E-01   2.02626E-03   4.95447E-02  -5.64143E+03  -4.47659E+04  -3.41503E+04  -9.22510E+04  -1.45566E+05
   1.47276E-02   3.50002E-03   9.30254E-01   2.02421E-03   4.94945E-02  -5.04934E+03  -4.46963E+04  -3.41652E+04  -9.22985E+04  -1.45460E+05
   1.57276E-02   3.49647E-03   9.29310E-01   2.02215E-03   4.94442E-02  -4.49064E+03  -4.46269E+04  -3.41801E+04  -9.23460E+04  -1.45354E+05
   1.67276E-02   3.49292E-03   9.28365E-01   2.02010E-03   4.93940E-02  -3.96117E+03  -4.45578E+04  -3.41951E+04  -9.23938E+04  -1.45248E+05
   1.77276E-02   3.48937E-03   9.27421E-01   2.01804E-03   4.93438E-02  -3.45753E+03  -4.44889E+04  -3.42103E+04  -9.24416E+04  -1.45142E+05
   1.87276E-02   3.48582E-03   9.26477E-01   2.01599E-03   4.92935E-02  -2.97686E+03  -4.44203E+04  -3.42255E+04  -9.24897E+04  -1.45036E+05
   1.97276E-02   3.48226E-03   9.25533E-01   2.01394E-03   4.92433E-02  -2.51675E+03  -4.43520E+04  -3.42409E+04  -9.25379E+04  -1.44930E+05
   2.07276E-02   3.47871E-03   9.24589E-01   2.01188E-03   4.91931E-02  -2.07515E+03  -4.42840E+04  -3.42564E+04  -9.25862E+04  -1.44823E+05
   2.17276E-02   3.47516E-03   9.23645E-01   2.00983E-03   4.91428E-02  -1.65030E+03  -4.42162E+04  -3.42719E+04  -9.26348E+04  -1.44717E+05
   2.27276E-02   3.47161E-03   9.22700E-01   2.00777E-03   4.90926E-02  -1.24067E+03  -4.41487E+04  -3.42876E+04  -9.26834E+04  -1.44611E+05
   2.37276E-02   3.46805E-03   9.21756E-01   2.00572E-03   4.90424E-02  -8.44942E+02  -4.40814E+04  -3.43034E+04  -9.27323E+04  -1.44504E+05
   2.47276E-02   3.46450E-03   9.20812E-01   2.00366E-03   4.89921E-02  -4.61947E+02  -4.40145E+04  -3.43192E+04  -9.27812E+04  -1.44398E+05
   2.57276E-02   3.46095E-03   9.19868E-01   2.00161E-03   4.89419E-02  -9.06620E+01  -4.39478E+04  -3.43352E+04  -9.28304E+04  -1.44291E+05
   2.67276E-02   3.45740E-03   9.18924E-01   1.99955E-03   4.88916E-02   2.69819E+02  -4.38814E+04  -3.43513E+04  -9.28797E+04  -1.44184E+05
   2.77276E-02   3.45384E-03   9.17980E-01   1.99750E-03   4.88414E-02   6.20303E+02  -4.38153E+04  -3.43675E+04  -9.29292E+04  -1.44078E+05
   2.87276E-02   3.45029E-03   9.17035E-01   1.99545E-03   4.87912E-02   9.61512E+02  -4.37495E+04  -3.43839E+04  -9.29788E+04  -1.43971E+05
   2.97276E-02   3.44674E-03   9.16091E-01   1.99339E-03   4.87409E-02   1.29409E+03  -4.36839E+04  -3.44003E+04  -9.30286E+04  -1.43864E+05
   3.07276E-02   3.44319E-03   9.15147E-01   1.99134E-03   4.86907E-02   1.61863E+03  -4.36187E+04  -3.44168E+04  -9.30786E+04  -1.43757E+05
   3.17276E-02   3.43964E-03   9.14203E-01   1.98928E-03   4.86405E-02   1.93565E+03  -4.35537E+04  -3.44335E+04  -9.31287E+04  -1.43650E+05
   3.27276E-02   3.43608E-03   9.13259E-01   1.98723E-03   4.85902E-02   2.24562E+03  -4.34891E+04  -3.44502E+04  -9.31790E+04  -1.43543E+05
   3.37276E-02   3.43253E-03   9.12315E-01   1.98517E-03   4.85400E-02   2.54900E+03  -4.34247E+04  -3.44671E+04  -9.32295E+04  -1.43436E+05
   3.47276E-02   3.42898E-03   9.11371E-01   1.98312E-03   4.84898E-02   2.84616E+03  -4.33607E+04  -3.44841E+04  -9.32801E+04  -1.43329E+05
   3.57276E-02   3.42543E-03   9.10426E-01   1.98106E-03   4.84395E-02   3.13749E+03  -4.32969E+04  -3.45012E+04  -9.33309E+04  -1.43222E+05
   3.67276E-02   3.42187E-03   9.09482E-01   1.97901E-03   4.83893E-02   3.42329E+03  -4.32334E+04  -3.45184E+04  -9.33819E+04  -1.43114E+05
   3.77276E-02   3.41832E-03   9.08538E-01   1.97695E-03   4.83391E-02   3.70390E+03  -4.31703E+04  -3.45357E+04  -9.34330E+04  -1.43007E+05
   3.87276E-02   3.41477E-03   9.07594E-01   1.97490E-03   4.82888E-02   3.97958E+03  -4.31075E+04  -3.45532E+04  -9.34844E+04  -1.42900E+05
   3.97276E-02   3.41122E-03   9.06650E-01   1.97285E-03   4.82386E-02   4.25060E+03  -4.30449E+04  -3.45708E+04  -9.35358E+04  -1.42792E+05
   4.07276E-02   3.40766E-03   9.05706E-01   1.97079E-03   4.81884E-02   4.51720E+03  -4.29827E+04  -3.45884E+04  -9.35875E+04  -1.42685E+05
   4.17276E-02   3.40411E-03   9.04761E-01   1.96874E-03   4.81381E-02   4.77960E+03  -4.29208E+04  -3.46062E+04  -9.36393E+04  -1.42577E+05
   4.27276E-02   3.40056E-03   9.03817E-01   1.96668E-03   4.80879E-02   5.03802E+03  -4.28593E+04  -3.46241E+04  -9.36913E+04  -1.42469E+05
   4.37276E-02   3.39701E-03   9.02873E-01   1.96463E-03   4.80377E-02   5.29263E+03  -4.27980E+04  -3.46422E+04  -9.37435E+04  -1.42362E+05
   4.47276E-02   3.39345E-03   9.01929E-01   1.96257E-03   4.79874E-02   5.54364E+03  -4.27371E+04  -3.46603E+04  -9.37958E+04  -1.42254E+05
   4.57276E-02   3.38990E-03   9.00985E-01   1.96052E-03   4.79372E-02   5.79119E+03  -4.26765E+04  -3.46786E+04  -9.38484E+04  -1.42146E+05
   4.67276E-02   3.38635E-03   9.00041E-01   1.95846E-03   4.78870E-02   6.03546E+03  -4.26162E+04  -3.46970E+04  -9.39011E+04  -1.42038E+05
   4.77276E-02   3.38280E-03   8.99096E-01   1.95641E-03   4.78367E-02   6.27659E+03  -4.25563E+04  -3.47155E+04  -9.39539E+04  -1.41930E+05
   4.87276E-02   3.37925E-03   8.98152E-01   1.95436E-03   4.77865E-02   6.51472E+03  -4.24966E+04  -3.47341E+04  -9.40070E+04  -1.41822E+05
   4.97276E-02   3.37569E-03   8.97208E-01   1.95230E-03   4.77363E-02   6.74997E+03  -4.24374E+04  -3.47529E+04  -9.40602E+04  -1.41714E+05
   5.07276E-02   3.37214E-03   8.96264E-01   1.95025E-03   4.76860E-02   6.98248E+03  -4.23784E+04  -3.47718E+04  -9.41136E+04  -1.41606E+05
   5.17276E-02   3.36859E-03   8.95320E-01   1.94819E-03   4.76358E-02   7.21235E+03  -4.23198E+04  -3.47908E+04  -9.41672E+04  -1.41497E+05
   5.27276E-02   3.36504E-03   8.94376E-01   1.94614E-03   4.75856E-02   7.43969E+03  -4.22616E+04  -3.48099E+04  -9.42210E+04  -1.41389E+05
   5.37276E-02   3.36148E-03   8.93431E-01   1.94408E-03   4.75353E-02   7.66461E+03  -4.22037E+04  -3.48292E+04  -9.42750E+04  -1.41281E+05
   5.47276E-02   3.35793E-03   8.92487E-01   1.94203E-03   4.74851E-02   7.88721E+03  -4.21461E+04  -3.48486E+04  -9.43291E+04  -1.41172E+05
   5.57276E-02   3.35438E-03   8.91543E-01   1.93997E-03   4.74349E-02   8.10757E+03  -4.20889E+04  -3.48681E+04  -9.43834E+04  -1.41064E+05
   5.67276E-02   3.35083E-03   8.90599E-01   1.93792E-03   4.73846E-02   8.32578E+03  -4.20321E+04  -3.48877E+04  -9.44379E+04  -1.40956E+05
   5.77276E-02   3.34727E-03   8.89655E-01   1.93587E-03   4.73344E-02   8.54193E+03  -4.19756E+04  -3.49075E+04  -9.44926E+04  -1.40847E+05
   5.87276E-02   3.34372E-03   8.88711E-01   1.93381E-03   4.72841E-02   8.75570E+03  -4.19194E+04  -3.49273E+04  -9.45471E+04  -1.40738E+05
   5.97276E-02   3.34017E-03   8.87767E-01   1.93176E-03   4.72339E-02   8.96786E+03  -4.18637E+04  -3.49474E+04  -9.46020E+04  -1.40630E+05
   6.07276E-02   3.33662E-03   8.86822E-01   1.92970E-03   4.71837E-02   9.17816E+03  -4.18082E+04  -3.49675E+04  -9.46571E+04  -1.40521E+05
   6.17276E-02   3.33306E-03   8.85878E-01   1.92765E-03   4.71334E-02   9.38666E+03  -4.17532E+04  -3.49878E+04  -9.47124E+04  -1.40412E+05
   6.27276E-02   3.32951E-03   8.84934E-01   1.92559E-03   4.70832E-02   9.59344E+03  -4.16985E+04  -3.50082E+04  -9.47679E+04  -1.40303E+05
   6.37276E-02   3.32596E-03   8.83990E-01   1.92354E-03   4.70330E-02   9.79855E+03  -4.16442E+04  -3.50287E+04  -9.48235E+04  -1.40194E+05
   6.47276E-02   3.32241E-03   8.83046E-01   1.92148E-03   4.69827E-02   1.00020E+04  -4.15903E+04  -3.50494E+04  -9.48793E+04  -1.40085E+05
   6.57276E-02   3.31886E-03   8.82102E-01   1.91943E-03   4.69325E-02   1.02040E+04  -4.15367E+04  -3.50702E+04  -9.49353E+04  -1.39976E+05
   6.67276E-02   3.31530E-03   8.81157E-01   1.91738E-03   4.68823E-02   1.04044E+04  -4.14835E+04  -3.50912E+04  -9.49914E+04  -1.39867E+05
   6.77276E-02   3.31175E-03   8.80213E-01   1.91532E-03   4.68320E-02   1.06034E+04  -4.14307E+04  -3.51122E+04  -9.50477E+04  -1.39758E+05
   6.87276E-02   3.30820E-03   8.79269E-01   1.91327E-03   4.67818E-02   1.08009E+04  -4.13783E+04  -3.51334E+04  -9.51041E+04  -1.39649E+05
   6.97276E-02   3.30465E-03   8.78325E-01   1.91121E-03   4.67316E-02   1.09971E+04  -4.13263E+04  -3.51548E+04  -9.51607E+04  -1.39540E+05
   7.07276E-02   3.30109E-03   8.77381E-01   1.90916E-03   4.66813E-02   1.11920E+04  -4.12746E+04  -3.51762E+04  -9.52175E+04  -1.39431E+05
   7.17276E-02   3.29754E-03   8.76437E-01   1.90710E-03   4.66311E-02   1.13856E+04  -4.12234E+04  -3.51979E+04  -9.52744E+04  -1.39321E+05
   7.27276E-02   3.29399E-03   8.75492E-01   1.90505E-03   4.65809E-02   1.15779E+04  -4.11725E+04  -3.52196E+04  -9.53315E+04  -1.39212E+05
   7.37276E-02   3.29044E-03   8.74548E-01   1.90299E-03   4.65306E-02   1.17690E+04  -4.11221E+04  -3.52415E+04  -9.53887E+04  -1.39102E+05
   7.47276E-02   3.28688E-03   8.73604E-01   1.90094E-03   4.64804E-02   1.19590E+04  -4.10720E+04  -3.52635E+04  -9.54460E+04  -1.38993E+05
   7.57276E-02   3.28333E-03   8.72660E-01   1.89889E-03   4.64302E-02   1.21478E+04  -4.10224E+04  -3.52857E+04  -9.55035E+04  -1.38883E+05
   7.67276E-02   3.27978E-03   8.71716E-01   1.89683E-03   4.63799E-02   1.23355E+04  -4.09731E+04  -3.53080E+04  -9.55612E+04  -1.38774E+05
   7.77276E-02   3.27623E-03   8.70772E-01   1.89478E-03   4.63297E-02   1.25221E+04  -4.09242E+04  -3.53304E+04  -9.56189E+04  -1.38664E+05
   7.87276E-02   3.27267E-03   8.69828E-01   1.89272E-03   4.62795E-02   1.27077E+04  -4.08758E+04  -3.53530E+04  -9.56769E+04  -1.38554E+05
   7.97276E-02   3.26912E-03   8.68883E-01   1.89067E-03   4.62292E-02   1.28923E+04  -4.08278E+04  -3.53757E+04  -9.57349E+04  -1.38444E+05
   8.07276E-02   3.26557E-03   8.67939E-01   1.88861E-03   4.61790E-02   1.30758E+04  -4.07801E+04  -3.53985E+04  -9.57931E+04  -1.38335E+05
   8.17276E-02   3.26202E-03   8.66995E-01   1.88656E-03   4.61288E-02   1.32585E+04  -4.07329E+04  -3.54215E+04  -9.58514E+04  -1.38225E+05
   8.27276E-02   3.25847E-03   8.66051E-01   1.88450E-03   4.60785E-02   1.34401E+04  -4.06861E+04  -3.54447E+04  -9.59099E+04  -1.38115E+05
   8.37276E-02   3.25491E-03   8.65107E-01   1.88245E-03   4.60283E-02   1.36209E+04  -4.06398E+04  -3.54680E+04  -9.59684E+04  -1.38005E+05
   8.47276E-02   3.25136E-03   8.64163E-01   1.88040E-03   4.59781E-02   1.38008E+04  -4.05938E+04  -3.54914E+04  -9.60271E+04  -1.37895E+05
   8.57276E-02   3.24781E-03   8.63218E-01   1.87834E-03   4.59278E-02   1.39798E+04  -4.05483E+04  -3.55150E+04  -9.60859E+04  -1.37785E+05
   8.67276E-02   3.24426E-03   8.62274E-01   1.87629E-03   4.58776E-02   1.41580E+04  -4.05032E+04  -3.55387E+04  -9.61449E+04  -1.37674E+05
   8.77276E-02   3.24070E-03   8.61330E-01   1.87423E-03   4.58274E-02   1.43353E+04  -4.04585E+04  -3.55625E+04  -9.62039E+04  -1.37564E+05
   8.87276E-02   3.23715E-03   8.60386E-01   1.87218E-03   4.57771E-02   1.45119E+04  -4.04143E+04  -3.55865E+04  -9.62631E+04  -1.37454E+05
   8.97276E-02   3.23360E-03   8.59442E-01   1.87012E-03   4.57269E-02   1.46877E+04  -4.03705E+04  -3.56107E+04  -9.63223E+04  -1.37343E+05
   9.07276E-02   3.23005E-03   8.58498E-01   1.86807E-03   4.56767E-02   1.48627E+04  -4.03272E+04  -3.56350E+04  -9.63817E+04  -1.37233E+05
   9.17276E-02   3.22649E-03   8.57553E-01   1.86601E-03   4.56264E-02   1.50369E+04  -4.02842E+04  -3.56594E+04  -9.64412E+04  -1.37123E+05
   9.27276E-02   3.22294E-03   8.56609E-01   1.86396E-03   4.55762E-02   1.52105E+04  -4.02418E+04  -3.56840E+04  -9.65008E+04  -1.37012E+05
   9.37276E-02   3.21939E-03   8.55665E-01   1.86190E-03   4.55259E-02   1.53833E+04  -4.01997E+04  -3.57087E+04  -9.65604E+04  -1.36901E+05
   9.47276E-02   3.21584E-03   8.54721E-01   1.85985E-03   4.54757E-02   1.55554E+04  -4.01581E+04  -3.57336E+04  -9.66202E+04  -1.36791E+05
   9.57276E-02   3.21229E-03   8.53777E-01   1.85780E-03   4.54255E-02   1.57269E+04  -4.01170E+04  -3.57586E+04  -9.66800E+04  -1.36680E+05
   9.67276E-02   3.20873E-03   8.52833E-01   1.85574E-03   4.53752E-02   1.58977E+04  -4.00763E+04  -3.57838E+04  -9.67400E+04  -1.36569E+05
   9.77276E-02   3.20518E-03   8.51888E-01   1.85369E-03   4.53250E-02   1.60678E+04  -4.00361E+04  -3.58091E+04  -9.68000E+04  -1.36458E+05
   9.87276E-02   3.20163E-03   8.50944E-01   1.85163E-03   4.52748E-02   1.62373E+04  -3.99963E+04  -3.58346E+04  -9.68601E+04  -1.36348E+05
   9.97276E-02   3.19808E-03   8.50000E-01   1.84958E-03   4.52245E-02   1.64062E+04  -3.99570E+04  -3.58602E+04  -9.69202E+04  -1.36237E+05
   1.00728E-01   3.19452E-03   8.49056E-01   1.84752E-03   4.51743E-02   1.65745E+04  -3.99181E+04  -3.58860E+04  -9.69805E+04  -1.36126E+05
   1.01728E-01   3.19097E-03   8.48112E-01   1.84547E-03   4.51241E-02   1.67422E+04  -3.98797E+04  -3.59119E+04  -9.70408E+04  -1.36014E+05
   1.02728E-01   3.18742E-03   8.47168E-01   1.84341E-03   4.50738E-02   1.69093E+04  -3.98418E+04  -3.59380E+04  -9.71012E+04  -1.35903E+05
   1.03728E-01   3.18387E-03   8.46224E-01   1.84136E-03   4.50236E-02   1.70758E+04  -3.98043E+04  -3.59642E+04  -9.71616E+04  -1.35792E+05
   1.04728E-01   3.18031E-03   8.45279E-01   1.83931E-03   4.49734E-02   1.72418E+04  -3.97673E+04  -3.59906E+04  -9.72221E+04  -1.35681E+05
   1.05728E-01   3.17676E-03   8.44335E-01   1.83725E-03   4.49231E-02   1.74072E+04  -3.97308E+04  -3.60172E+04  -9.72827E+04  -1.35569E+05
   1.06728E-01   3.17321E-03   8.43391E-01   1.83520E-03   4.48729E-02   1.75722E+04  -3.96947E+04  -3.60439E+04  -9.73433E+04  -1.35458E+05
   1.07728E-01   3.16966E-03   8.42447E-01   1.83314E-03   4.48227E-02   1.77365E+04  -3.96592E+04  -3.60707E+04  -9.74039E+04  -1.35346E+05
   1.08728E-01   3.16610E-03   8.41503E-01   1.83109E-03   4.47724E-02   1.79004E+04  -3.96241E+04  -3.60977E+04  -9.74646E+04  -1.35235E+05
   1.09728E-01   3.16255E-03   8.40559E-01   1.82903E-03   4.47222E-02   1.80638E+04  -3.95895E+04  -3.61249E+04  -9.75254E+04  -1.35123E+05
   1.10728E-01   3.15900E-03   8.39614E-01   1.82698E-03   4.46720E-02   1.82267E+04  -3.95553E+04  -3.61522E+04  -9.75862E+04  -1.35012E+05
   1.11728E-01   3.15545E-03   8.38670E-01   1.82492E-03   4.46217E-02   1.83891E+04  -3.95217E+04  -3.61796E+04  -9.76470E+04  -1.34900E+05
   1.12728E-01   3.15190E-03   8.37726E-01   1.82287E-03   4.45715E-02   1.85510E+04  -3.94885E+04  -3.62073E+04  -9.77078E+04  -1.34788E+05
   1.13728E-01   3.14834E-03   8.36782E-01   1.82082E-03   4.45213E-02   1.87125E+04  -3.94559E+04  -3.62350E+04  -9.77687E+04  -1.34676E+05
   1.14728E-01   3.14479E-03   8.35838E-01   1.81876E-03   4.44710E-02   1.88735E+04  -3.94237E+04  -3.62630E+04  -9.78296E+04  -1.34564E+05
   1.15728E-01   3.14124E-03   8.34894E-01   1.81671E-03   4.44208E-02   1.90341E+04  -3.93920E+04  -3.62911E+04  -9.78905E+04  -1.34452E+05
   1.16728E-01   3.13769E-03   8.33949E-01   1.81465E-03   4.43706E-02   1.91943E+04  -3.93609E+04  -3.63193E+04  -9.79514E+04  -1.34340E+05
   1.17728E-01   3.13413E-03   8.33005E-01   1.81260E-03   4.43203E-02   1.93540E+04  -3.93302E+04  -3.63478E+04  -9.80124E+04  -1.34227E+05
   1.18728E-01   3.13058E-03   8.32061E-01   1.81054E-03   4.42701E-02   1.95133E+04  -3.93000E+04  -3.63763E+04  -9.80734E+04  -1.34115E+05
   1.19728E-01   3.12703E-03   8.31117E-01   1.80849E-03   4.42199E-02   1.96722E+04  -3.92703E+04  -3.64051E+04  -9.81343E+04  -1.34003E+05
   1.20728E-01   3.12348E-03   8.30173E-01   1.80643E-03   4.41696E-02   1.98307E+04  -3.92412E+04  -3.64340E+04  -9.81953E+04  -1.33890E+05
   1.21728E-01   3.11992E-03   8.29229E-01   1.80438E-03   4.41194E-02   1.99888E+04  -3.92125E+04  -3.64630E+04  -9.82563E+04  -1.33778E+05
   1.22728E-01   3.11637E-03   8.28285E-01   1.80233E-03   4.40692E-02   2.01465E+04  -3.91844E+04  -3.64923E+04  -9.83172E+04  -1.33665E+05
   1.23728E-01   3.11282E-03   8.27340E-01   1.80027E-03   4.40189E-02   2.03039E+04  -3.91568E+04  -3.65217E+04  -9.83782E+04  -1.33552E+05
   1.24728E-01   3.10927E-03   8.26396E-01   1.79822E-03   4.39687E-02   2.04609E+04  -3.91297E+04  -3.65512E+04  -9.84391E+04  -1.33440E+05
   1.25728E-01   3.10571E-03   8.25452E-01   1.79616E-03   4.39185E-02   2.06175E+04  -3.91031E+04  -3.65809E+04  -9.85001E+04  -1.33327E+05
   1.26728E-01   3.10216E-03   8.24508E-01   1.79411E-03   4.38682E-02   2.07738E+04  -3.90770E+04  -3.66108E+04  -9.85610E+04  -1.33214E+05
   1.27728E-01   3.09861E-03   8.23564E-01   1.79205E-03   4.38180E-02   2.09297E+04  -3.90515E+04  -3.66409E+04  -9.86219E+04  -1.33101E+05
   1.28728E-01   3.09506E-03   8.22620E-01   1.79000E-03   4.37677E-02   2.10853E+04  -3.90265E+04  -3.66711E+04  -9.86828E+04  -1.32988E+05
   1.29728E-01   3.09151E-03   8.21675E-01   1.78794E-03   4.37175E-02   2.12405E+04  -3.90020E+04  -3.67015E+04  -9.87436E+04  -1.32874E+05
   1.30728E-01   3.08795E-03   8.20731E-01   1.78589E-03   4.36673E-02   2.13954E+04  -3.89780E+04  -3.67320E+04  -9.88045E+04  -1.32761E+05
   1.31728E-01   3.08440E-03   8.19787E-01   1.78384E-03   4.36170E-02   2.15500E+04  -3.89546E+04  -3.67628E+04  -9.88653E+04  -1.32648E+05
   1.32728E-01   3.08085E-03   8.18843E-01   1.78178E-03   4.35668E-02   2.17043E+04  -3.89318E+04  -3.67937E+04  -9.89260E+04  -1.32534E+05
   1.33728E-01   3.07730E-03   8.17899E-01   1.77973E-03   4.35166E-02   2.18583E+04  -3.89094E+04  -3.68247E+04  -9.89868E+04  -1.32421E+05
   1.34728E-01   3.07374E-03   8.16955E-01   1.77767E-03   4.34663E-02   2.20120E+04  -3.88877E+04  -3.68560E+04  -9.90475E+04  -1.32307E+05
   1.35728E-01   3.07019E-03   8.16010E-01   1.77562E-03   4.34161E-02   2.21655E+04  -3.88664E+04  -3.68874E+04  -9.91081E+04  -1.32193E+05
   1.36728E-01   3.06664E-03   8.15066E-01   1.77356E-03   4.33659E-02   2.23186E+04  -3.88457E+04  -3.69190E+04  -9.91687E+04  -1.32079E+05
   1.37728E-01   3.06309E-03   8.14122E-01   1.77151E-03   4.33156E-02   2.24714E+04  -3.88256E+04  -3.69507E+04  -9.92293E+04  -1.31965E+05
   1.38728E-01   3.05953E-03   8.13178E-01   1.76945E-03   4.32654E-02   2.26240E+04  -3.88060E+04  -3.69826E+04  -9.92898E+04  -1.31851E+05
   1.39728E-01   3.05598E-03   8.12234E-01   1.76740E-03   4.32152E-02   2.27763E+04  -3.87870E+04  -3.70147E+04  -9.93503E+04  -1.31737E+05
   1.40728E-01   3.05243E-03   8.11290E-01   1.76535E-03   4.31649E-02   2.29284E+04  -3.87685E+04  -3.70470E+04  -9.94107E+04  -1.31623E+05
   1.41728E-01   3.04888E-03   8.10346E-01   1.76329E-03   4.31147E-02   2.30802E+04  -3.87506E+04  -3.70795E+04  -9.94710E+04  -1.31508E+05
   1.42728E-01   3.04533E-03   8.09401E-01   1.76124E-03   4.30645E-02   2.32318E+04  -3.87333E+04  -3.71121E+04  -9.95313E+04  -1.31394E+05
   1.43728E-01   3.04177E-03   8.08457E-01   1.75918E-03   4.30142E-02   2.33831E+04  -3.87165E+04  -3.71450E+04  -9.95915E+04  -1.31279E+05
   1.44728E-01   3.03822E-03   8.07513E-01   1.75713E-03   4.29640E-02   2.35342E+04  -3.87003E+04  -3.71780E+04  -9.96517E+04  -1.31165E+05
   1.45728E-01   3.03467E-03   8.06569E-01   1.75507E-03   4.29138E-02   2.36851E+04  -3.86847E+04  -3.72111E+04  -9.97118E+04  -1.31050E+05
   1.46728E-01   3.03112E-03   8.05625E-01   1.75302E-03   4.28635E-02   2.38358E+04  -3.86697E+04  -3.72445E+04  -9.97719E+04  -1.30935E+05
   1.47728E-01   3.02756E-03   8.04681E-01   1.75096E-03   4.28133E-02   2.39862E+04  -3.86553E+04  -3.72781E+04  -9.98319E+04  -1.30820E+05
   1.48728E-01   3.02401E-03   8.03736E-01   1.74891E-03   4.27631E-02   2.41365E+04  -3.86414E+04  -3.73118E+04  -9.98918E+04  -1.30705E+05
   1.49728E-01   3.02046E-03   8.02792E-01   1.74685E-03   4.27128E-02   2.42866E+04  -3.86281E+04  -3.73457E+04  -9.99516E+04  -1.30590E+05
   1.50728E-01   3.01691E-03   8.01848E-01   1.74480E-03   4.26626E-02   2.44364E+04  -3.86154E+04  -3.73798E+04  -1.00011E+05  -1.30475E+05
   1.51728E-01   3.01335E-03   8.00904E-01   1.74275E-03   4.26124E-02   2.45861E+04  -3.86034E+04  -3.74141E+04  -1.00071E+05  -1.30359E+05
   1.52728E-01   3.00980E-03   7.99960E-01   1.74069E-03   4.25621E-02   2.47356E+04  -3.85919E+04  -3.74486E+04  -1.00131E+05  -1.30244E+05
   1.53728E-01   3.00625E-03   7.99016E-01   1.73864E-03   4.25119E-02   2.48850E+04  -3.85810E+04  -3.74833E+04  -1.00190E+05  -1.30128E+05
   1.54728E-01   3.00270E-03   7.98071E-01   1.73658E-03   4.24617E-02   2.50341E+04  -3.85707E+04  -3.75182E+04  -1.00250E+05  -1.30012E+05
   1.55728E-01   2.99914E-03   7.97127E-01   1.73453E-03   4.24114E-02   2.51832E+04  -3.85611E+04  -3.75533E+04  -1.00309E+05  -1.29897E+05
   1.56728E-01   2.99559E-03   7.96183E-01   1.73247E-03   4.23612E-02   2.53320E+04  -3.85520E+04  -3.75885E+04  -1.00368E+05  -1.29781E+05
   1.57728E-01   2.99204E-03   7.95239E-01   1.73042E-03   4.23110E-02   2.54808E+04  -3.85436E+04  -3.76240E+04  -1.00428E+05  -1.29665E+05
   1.58728E-01   2.98849E-03   7.94295E-01   1.72836E-03   4.22607E-02   2.56293E+04  -3.85358E+04  -3.76597E+04  -1.00487E+05  -1.29549E+05
   1.59728E-01   2.98494E-03   7.93351E-01   1.72631E-03   4.22105E-02   2.57778E+04  -3.85286E+04  -3.76955E+04  -1.00546E+05  -1.29432E+05
   1.60728E-01   2.98138E-03   7.92406E-01   1.72426E-03   4.21603E-02   2.59261E+04  -3.85221E+04  -3.77316E+04  -1.00605E+05  -1.29316E+05
   1.61728E-01   2.97783E-03   7.91462E-01   1.72220E-03   4.21100E-02   2.60744E+04  -3.85162E+04  -3.77679E+04  -1.00664E+05  -1.29200E+05
   1.62728E-01   2.97428E-03   7.90518E-01   1.72015E-03   4.20598E-02   2.62225E+04  -3.85109E+04  -3.78043E+04  -1.00723E+05  -1.29083E+05
   1.63728E-01   2.97073E-03   7.89574E-01   1.71809E-03   4.20095E-02   2.63705E+04  -3.85063E+04  -3.78410E+04  -1.00781E+05  -1.28966E+05
   1.64728E-01   2.96717E-03   7.88630E-01   1.71604E-03   4.19593E-02   2.65184E+04  -3.85023E+04  -3.78779E+04  -1.00840E+05  -1.28849E+05
   1.65728E-01   2.96362E-03   7.87686E-01   1.71398E-03   4.19091E-02   2.66662E+04  -3.84990E+04  -3.79150E+04  -1.00899E+05  -1.28733E+05
   1.66728E-01   2.96007E-03   7.86742E-01   1.71193E-03   4.18588E-02   2.68140E+04  -3.84963E+04  -3.79523E+04  -1.00957E+05  -1.28616E+05
   1.67728E-01   2.95652E-03   7.85797E-01   1.70987E-03   4.18086E-02   2.69617E+04  -3.84943E+04  -3.79898E+04  -1.01016E+05  -1.28498E+05
   1.68728E-01   2.95296E-03   7.84853E-01   1.70782E-03   4.17584E-02   2.71093E+04  -3.84929E+04  -3.80275E+04  -1.01074E+05  -1.28381E+05
   1.69728E-01   2.94941E-03   7.83909E-01   1.70577E-03   4.17081E-02   2.72568E+04  -3.84923E+04  -3.80655E+04  -1.01132E+05  -1.28264E+05
   1.70728E-01   2.94586E-03   7.82965E-01   1.70371E-03   4.16579E-02   2.74043E+04  -3.84923E+04  -3.81037E+04  -1.01191E+05  -1.28146E+05
   1.71728E-01   2.94231E-03   7.82021E-01   1.70166E-03   4.16077E-02   2.75517E+04  -3.84929E+04  -3.81421E+04  -1.01249E+05  -1.28029E+05
   1.72728E-01   2.93875E-03   7.81077E-01   1.69960E-03   4.15574E-02   2.76991E+04  -3.84943E+04  -3.81807E+04  -1.01307E+05  -1.27911E+05
   1.73728E-01   2.93520E-03   7.80132E-01   1.69755E-03   4.15072E-02   2.78465E+04  -3.84963E+04  -3.82195E+04  -1.01365E+05  -1.27793E+05
   1.74728E-01   2.93165E-03   7.79188E-01   1.69549E-03   4.14570E-02   2.79938E+04  -3.84991E+04  -3.82586E+04  -1.01423E+05  -1.27675E+05
   1.75728E-01   2.92810E-03   7.78244E-01   1.69344E-03   4.14067E-02   2.81412E+04  -3.85025E+04  -3.82979E+04  -1.01480E+05  -1.27557E+05
   1.76728E-01   2.92455E-03   7.77300E-01   1.69138E-03   4.13565E-02   2.82885E+04  -3.85067E+04  -3.83374E+04  -1.01538E+05  -1.27439E+05
   1.77728E-01   2.92099E-03   7.76356E-01   1.68933E-03   4.13063E-02   2.84358E+04  -3.85115E+04  -3.83771E+04  -1.01596E+05  -1.27321E+05
   1.78728E-01   2.91744E-03   7.75412E-01   1.68728E-03   4.12560E-02   2.85831E+04  -3.85171E+04  -3.84171E+04  -1.01654E+05  -1.27203E+05
   1.79728E-01   2.91389E-03   7.74467E-01   1.68522E-03   4.12058E-02   2.87304E+04  -3.85234E+04  -3.84573E+04  -1.01711E+05  -1.27084E+05
   1.80728E-01   2.91034E-03   7.73523E-01   1.68317E-03   4.11556E-02   2.88777E+04  -3.85304E+04  -3.84978E+04  -1.01769E+05  -1.26966E+05
   1.81728E-01   2.90678E-03   7.72579E-01   1.68111E-03   4.11053E-02   2.90251E+04  -3.85381E+04  -3.85385E+04  -1.01826E+05  -1.26847E+05
   1.82728E-01   2.90323E-03   7.71635E-01   1.67906E-03   4.10551E-02   2.91725E+04  -3.85466E+04  -3.85795E+04  -1.01883E+05  -1.26728E+05
   1.83728E-01   2.89968E-03   7.70691E-01   1.67700E-03   4.10049E-02   2.93199E+04  -3.85558E+04  -3.86207E+04  -1.01941E+05  -1.26609E+05
   1.84728E-01   2.89613E-03   7.69747E-01   1.67495E-03   4.09546E-02   2.94674E+04  -3.85658E+04  -3.86621E+04  -1.01998E+05  -1.26490E+05
   1.85728E-01   2.89257E-03   7.68803E-01   1.67289E-03   4.09044E-02   2.96149E+04  -3.85765E+04  -3.87038E+04  -1.02055E+05  -1.26371E+05
   1.86728E-01   2.88902E-03   7.67858E-01   1.67084E-03   4.08542E-02   2.97625E+04  -3.85880E+04  -3.87457E+04  -1.02112E+05  -1.26252E+05
   1.87728E-01   2.88547E-03   7.66914E-01   1.66879E-03   4.08039E-02   2.99101E+04  -3.86002E+04  -3.87879E+04  -1.02169E+05  -1.26132E+05
   1.88728E-01   2.88192E-03   7.65970E-01   1.66673E-03   4.07537E-02   3.00578E+04  -3.86132E+04  -3.88304E+04  -1.02226E+05  -1.26013E+05
   1.89728E-01   2.87836E-03   7.65026E-01   1.66468E-03   4.07035E-02   3.02056E+04  -3.86270E+04  -3.88731E+04  -1.02283E+05  -1.25894E+05
   1.90728E-01   2.87481E-03   7.64082E-01   1.66262E-03   4.06532E-02   3.03535E+04  -3.86416E+04  -3.89161E+04  -1.02340E+05  -1.25774E+05
   1.91728E-01   2.87126E-03   7.63138E-01   1.66057E-03   4.06030E-02   3.05014E+04  -3.86569E+04  -3.89593E+04  -1.02396E+05  -1.25654E+05
   1.92728E-01   2.86771E-03   7.62193E-01   1.65851E-03   4.05528E-02   3.06495E+04  -3.86731E+04  -3.90028E+04  -1.02453E+05  -1.25534E+05
   1.93728E-01   2.86416E-03   7.61249E-01   1.65646E-03   4.05025E-02   3.07976E+04  -3.86900E+04  -3.90466E+04  -1.02510E+05  -1.25414E+05
   1.94728E-01   2.86060E-03   7.60305E-01   1.65440E-03   4.04523E-02   3.09459E+04  -3.87078E+04  -3.90907E+04  -1.02566E+05  -1.25294E+05
   1.95728E-01   2.85705E-03   7.59361E-01   1.65235E-03   4.04021E-02   3.10943E+04  -3.87263E+04  -3.91350E+04  -1.02623E+05  -1.25174E+05
   1.96728E-01   2.85350E-03   7.58417E-01   1.65030E-03   4.03518E-02   3.12428E+04  -3.87457E+04  -3.91796E+04  -1.02679E+05  -1.25054E+05
   1.97728E-01   2.84995E-03   7.57473E-01   1.64824E-03   4.03016E-02   3.13914E+04  -3.87659E+04  -3.92245E+04  -1.02736E+05  -1.24933E+05
   1.98728E-01   2.84639E-03   7.56528E-01   1.64619E-03   4.02513E-02   3.15402E+04  -3.87869E+04  -3.92696E+04  -1.02792E+05  -1.24813E+05
   1.99728E-01   2.84284E-03   7.55584E-01   1.64413E-03   4.02011E-02   3.16891E+04  -3.88088E+04  -3.93151E+04  -1.02848E+05  -1.24692E+05
   2.00728E-01   2.83929E-03   7.54640E-01   1.64208E-03   4.01509E-02   3.18382E+04  -3.88315E+04  -3.93608E+04  -1.02904E+05  -1.24572E+05
   2.01728E-01   2.83574E-03   7.53696E-01   1.64002E-03   4.01006E-02   3.19874E+04  -3.88550E+04  -3.94069E+04  -1.02960E+05  -1.24451E+05
   2.02728E-01   2.83218E-03   7.52752E-01   1.63797E-03   4.00504E-02   3.21368E+04  -3.88794E+04  -3.94532E+04  -1.03016E+05  -1.24330E+05
   2.03728E-01   2.82863E-03   7.51808E-01   1.63591E-03   4.00002E-02   3.22863E+04  -3.89047E+04  -3.94998E+04  -1.03072E+05  -1.24209E+05
   2.04728E-01   2.82508E-03   7.50863E-01   1.63386E-03   3.99499E-02   3.24360E+04  -3.89308E+04  -3.95467E+04  -1.03128E+05  -1.24088E+05
   2.05728E-01   2.82153E-03   7.49919E-01   1.63180E-03   3.98997E-02   3.25859E+04  -3.89577E+04  -3.95939E+04  -1.03184E+05  -1.23967E+05
   2.06728E-01   2.81798E-03   7.48975E-01   1.62975E-03   3.98495E-02   3.27359E+04  -3.89856E+04  -3.96414E+04  -1.03240E+05  -1.23846E+05
   2.07728E-01   2.81442E-03   7.48031E-01   1.62770E-03   3.97992E-02   3.28861E+04  -3.90143E+04  -3.96893E+04  -1.03295E+05  -1.23724E+05
   2.08728E-01   2.81087E-03   7.47087E-01   1.62564E-03   3.97490E-02   3.30365E+04  -3.90439E+04  -3.97374E+04  -1.03351E+05  -1.23603E+05
   2.09728E-01   2.80732E-03   7.46143E-01   1.62359E-03   3.96988E-02   3.31871E+04  -3.90744E+04  -3.97858E+04  -1.03406E+05  -1.23481E+05
   2.10728E-01   2.80377E-03   7.45199E-01   1.62153E-03   3.96485E-02   3.33379E+04  -3.91058E+04  -3.98346E+04  -1.03461E+05  -1.23359E+05
   2.11728E-01   2.80021E-03   7.44254E-01   1.61948E-03   3.95983E-02   3.34889E+04  -3.91381E+04  -3.98836E+04  -1.03517E+05  -1.23238E+05
   2.12728E-01   2.79666E-03   7.43310E-01   1.61742E-03   3.95481E-02   3.36401E+04  -3.91713E+04  -3.99330E+04  -1.03572E+05  -1.23116E+05
   2.13728E-01   2.79311E-03   7.42366E-01   1.61537E-03   3.94978E-02   3.37915E+04  -3.92054E+04  -3.99827E+04  -1.03627E+05  -1.22994E+05
   2.14728E-01   2.78956E-03   7.41422E-01   1.61331E-03   3.94476E-02   3.39431E+04  -3.92404E+04  -4.00327E+04  -1.03681E+05  -1.22871E+05
   2.15728E-01   2.78600E-03   7.40478E-01   1.61126E-03   3.93974E-02   3.40949E+04  -3.92763E+04  -4.00831E+04  -1.03736E+05  -1.22749E+05
   2.16728E-01   2.78245E-03   7.39534E-01   1.60921E-03   3.93471E-02   3.42469E+04  -3.93132E+04  -4.01338E+04  -1.03790E+05  -1.22627E+05
   2.17728E-01   2.77890E-03   7.38589E-01   1.60715E-03   3.92969E-02   3.43992E+04  -3.93509E+04  -4.01848E+04  -1.03844E+05  -1.22504E+05
   2.18728E-01   2.77535E-03   7.37645E-01   1.60510E-03   3.92467E-02   3.45516E+04  -3.93896E+04  -4.02361E+04  -1.03898E+05  -1.22382E+05
   2.19728E-01   2.77179E-03   7.36701E-01   1.60304E-03   3.91964E-02   3.47043E+04  -3.94292E+04  -4.02878E+04  -1.03952E+05  -1.22259E+05
   2.20728E-01   2.76824E-03   7.35757E-01   1.60099E-03   3.91462E-02   3.48571E+04  -3.94698E+04  -4.03398E+04  -1.04006E+05  -1.22136E+05
   2.21728E-01   2.76469E-03   7.34813E-01   1.59893E-03   3.90960E-02   3.50102E+04  -3.95113E+04  -4.03921E+04  -1.04059E+05  -1.22013E+05
   2.22728E-01   2.76114E-03   7.33869E-01   1.59688E-03   3.90457E-02   3.51635E+04  -3.95537E+04  -4.04448E+04  -1.04112E+05  -1.21890E+05
   2.23728E-01   2.75759E-03   7.32924E-01   1.59482E-03   3.89955E-02   3.53170E+04  -3.95970E+04  -4.04978E+04  -1.04165E+05  -1.21766E+05
   2.24728E-01   2.75403E-03   7.31980E-01   1.59277E-03   3.89453E-02   3.54708E+04  -3.96413E+04  -4.05511E+04  -1.04217E+05  -1.21643E+05
   2.25728E-01   2.75048E-03   7.31036E-01   1.59072E-03   3.88950E-02   3.56247E+04  -3.96865E+04  -4.06048E+04  -1.04269E+05  -1.21519E+05
   2.26728E-01   2.74693E-03   7.30092E-01   1.58866E-03   3.88448E-02   3.57789E+04  -3.97327E+04  -4.06589E+04  -1.04321E+05  -1.21395E+05
   2.27728E-01   2.74338E-03   7.29148E-01   1.58661E-03   3.87946E-02   3.59333E+04  -3.97797E+04  -4.07132E+04  -1.04372E+05  -1.21271E+05
   2.28728E-01   2.73982E-03   7.28204E-01   1.58455E-03   3.87443E-02   3.60879E+04  -3.98278E+04  -4.07680E+04  -1.04423E+05  -1.21147E+05
   2.29728E-01   2.73627E-03   7.27260E-01   1.58250E-03   3.86941E-02   3.62426E+04  -3.98767E+04  -4.08231E+04  -1.04473E+05  -1.21023E+05
   2.30728E-01   2.73272E-03   7.26315E-01   1.58044E-03   3.86439E-02   3.63976E+04  -3.99266E+04  -4.08785E+04  -1.04523E+05  -1.20898E+05
   2.31728E-01   2.72917E-03   7.25371E-01   1.57839E-03   3.85936E-02   3.65528E+04  -3.99774E+04  -4.09343E+04  -1.04572E+05  -1.20774E+05
   2.32728E-01   2.72561E-03   7.24427E-01   1.57633E-03   3.85434E-02   3.67082E+04  -4.00291E+04  -4.09904E+04  -1.04621E+05  -1.20649E+05
   2.33728E-01   2.72206E-03   7.23483E-01   1.57428E-03   3.84931E-02   3.68638E+04  -4.00818E+04  -4.10469E+04  -1.04669E+05  -1.20523E+05
   2.34728E-01   2.71851E-03   7.22539E-01   1.57223E-03   3.84429E-02   3.70196E+04  -4.01353E+04  -4.11037E+04  -1.04717E+05  -1.20398E+05
   2.35728E-01   2.71496E-03   7.21595E-01   1.57017E-03   3.83927E-02   3.71755E+04  -4.01898E+04  -4.11609E+04  -1.04763E+05  -1.20272E+05
   2.36728E-01   2.71140E-03   7.20650E-01   1.56812E-03   3.83424E-02   3.73317E+04  -4.02452E+04  -4.12184E+04  -1.04809E+05  -1.20146E+05
   2.37728E-01   2.70785E-03   7.19706E-01   1.56606E-03   3.82922E-02   3.74571E+04  -4.02782E+04  -4.12676E+04  -1.04778E+05  -1.19997E+05
   2.38728E-01   2.70430E-03   7.18762E-01   1.56401E-03   3.82420E-02   3.75728E+04  -4.03042E+04  -4.13144E+04  -1.04720E+05  -1.19839E+05
   2.39728E-01   2.70075E-03   7.17818E-01   1.56195E-03   3.81917E-02   3.76930E+04  -4.03337E+04  -4.13626E+04  -1.04670E+05  -1.19684E+05
   2.40728E-01   2.69720E-03   7.16874E-01   1.55990E-03   3.81415E-02   3.78174E+04  -4.03667E+04  -4.14124E+04  -1.04629E+05  -1.19532E+05
   2.41728E-01   2.69364E-03   7.15930E-01   1.55784E-03   3.80913E-02   3.79459E+04  -4.04031E+04  -4.14636E+04  -1.04594E+05  -1.19381E+05
   2.42728E-01   2.69009E-03   7.14985E-01   1.55579E-03   3.80410E-02   3.80783E+04  -4.04428E+04  -4.15163E+04  -1.04568E+05  -1.19232E+05
   2.43728E-01   2.68654E-03   7.14041E-01   1.55374E-03   3.79908E-02   3.82145E+04  -4.04858E+04  -4.15703E+04  -1.04548E+05  -1.19086E+05
   2.44728E-01   2.68299E-03   7.13097E-01   1.55168E-03   3.79406E-02   3.83541E+04  -4.05320E+04  -4.16256E+04  -1.04535E+05  -1.18941E+05
   2.45728E-01   2.67943E-03   7.12153E-01   1.54963E-03   3.78903E-02   3.84972E+04  -4.05814E+04  -4.16823E+04  -1.04528E+05  -1.18798E+05
   2.46728E-01   2.67588E-03   7.11209E-01   1.54757E-03   3.78401E-02   3.86436E+04  -4.06339E+04  -4.17402E+04  -1.04528E+05  -1.18658E+05
   2.47728E-01   2.67233E-03   7.10265E-01   1.54552E-03   3.77899E-02   3.87931E+04  -4.06894E+04  -4.17994E+04  -1.04533E+05  -1.18518E+05
   2.48728E-01   2.66878E-03   7.09320E-01   1.54346E-03   3.77396E-02   3.89456E+04  -4.07480E+04  -4.18598E+04  -1.04545E+05  -1.18381E+05
   2.49728E-01   2.66522E-03   7.08376E-01   1.54141E-03   3.76894E-02   3.91010E+04  -4.08095E+04  -4.19214E+04  -1.04562E+05  -1.18245E+05
   2.50728E-01   2.66167E-03   7.07432E-01   1.53935E-03   3.76392E-02   3.92592E+04  -4.08739E+04  -4.19842E+04  -1.04584E+05  -1.18111E+05
   2.51728E-01   2.65812E-03   7.06488E-01   1.53730E-03   3.75889E-02   3.94201E+04  -4.09413E+04  -4.20481E+04  -1.04612E+05  -1.17979E+05
   2.52728E-01   2.65457E-03   7.05544E-01   1.53525E-03   3.75387E-02   3.95836E+04  -4.10115E+04  -4.21131E+04  -1.04644E+05  -1.17848E+05
   2.53728E-01   2.65102E-03   7.04600E-01   1.53319E-03   3.74885E-02   3.97495E+04  -4.10845E+04  -4.21793E+04  -1.04682E+05  -1.17718E+05
   2.54728E-01   2.64746E-03   7.03656E-01   1.53114E-03   3.74382E-02   3.99179E+04  -4.11604E+04  -4.22465E+04  -1.04724E+05  -1.17590E+05
   2.55728E-01   2.64391E-03   7.02711E-01   1.52908E-03   3.73880E-02   4.00885E+04  -4.12390E+04  -4.23147E+04  -1.04770E+05  -1.17464E+05
   2.56728E-01   2.64036E-03   7.01767E-01   1.52703E-03   3.73378E-02   4.02614E+04  -4.13204E+04  -4.23841E+04  -1.04821E+05  -1.17339E+05
   2.57728E-01   2.63681E-03   7.00823E-01   1.52497E-03   3.72875E-02   4.04364E+04  -4.14045E+04  -4.24544E+04  -1.04877E+05  -1.17215E+05
   2.58728E-01   2.63325E-03   6.99879E-01   1.52292E-03   3.72373E-02   4.06135E+04  -4.14913E+04  -4.25258E+04  -1.04936E+05  -1.17092E+05
   2.59728E-01   2.62970E-03   6.98935E-01   1.52086E-03   3.71871E-02   4.07926E+04  -4.15808E+04  -4.25981E+04  -1.05000E+05  -1.16971E+05
   2.60728E-01   2.62615E-03   6.97991E-01   1.51881E-03   3.71368E-02   4.09736E+04  -4.16730E+04  -4.26714E+04  -1.05067E+05  -1.16851E+05
   2.61728E-01   2.62260E-03   6.97046E-01   1.51675E-03   3.70866E-02   4.11566E+04  -4.17678E+04  -4.27458E+04  -1.05138E+05  -1.16733E+05
   2.62728E-01   2.61904E-03   6.96102E-01   1.51470E-03   3.70364E-02   4.13413E+04  -4.18653E+04  -4.28210E+04  -1.05213E+05  -1.16615E+05
   2.63728E-01   2.61549E-03   6.95158E-01   1.51265E-03   3.69861E-02   4.15278E+04  -4.19654E+04  -4.28972E+04  -1.05292E+05  -1.16499E+05
   2.64728E-01   2.61194E-03   6.94214E-01   1.51059E-03   3.69359E-02   4.17160E+04  -4.20681E+04  -4.29743E+04  -1.05374E+05  -1.16384E+05
   2.65728E-01   2.60839E-03   6.93270E-01   1.50854E-03   3.68857E-02   4.19059E+04  -4.21734E+04  -4.30524E+04  -1.05459E+05  -1.16271E+05
   2.66728E-01   2.60483E-03   6.92326E-01   1.50648E-03   3.68354E-02   4.20973E+04  -4.22813E+04  -4.31314E+04  -1.05548E+05  -1.16158E+05
   2.67728E-01   2.60128E-03   6.91381E-01   1.50443E-03   3.67852E-02   4.22904E+04  -4.23918E+04  -4.32112E+04  -1.05640E+05  -1.16047E+05
   2.68728E-01   2.59773E-03   6.90437E-01   1.50237E-03   3.67349E-02   4.24849E+04  -4.25048E+04  -4.32920E+04  -1.05735E+05  -1.15936E+05
   2.69728E-01   2.59418E-03   6.89493E-01   1.50032E-03   3.66847E-02   4.26809E+04  -4.26205E+04  -4.33736E+04  -1.05833E+05  -1.15827E+05
   2.70728E-01   2.59063E-03   6.88549E-01   1.49826E-03   3.66345E-02   4.28783E+04  -4.27387E+04  -4.34562E+04  -1.05934E+05  -1.15719E+05
   2.71728E-01   2.58707E-03   6.87605E-01   1.49621E-03   3.65842E-02   4.30771E+04  -4.28594E+04  -4.35395E+04  -1.06038E+05  -1.15612E+05
   2.72728E-01   2.58352E-03   6.86661E-01   1.49416E-03   3.65340E-02   4.32773E+04  -4.29827E+04  -4.36238E+04  -1.06145E+05  -1.15506E+05
   2.73728E-01   2.57997E-03   6.85717E-01   1.49210E-03   3.64838E-02   4.34788E+04  -4.31085E+04  -4.37089E+04  -1.06255E+05  -1.15401E+05
   2.74728E-01   2.57642E-03   6.84772E-01   1.49005E-03   3.64335E-02   4.36815E+04  -4.32369E+04  -4.37948E+04  -1.06368E+05  -1.15297E+05
   2.75728E-01   2.57286E-03   6.83828E-01   1.48799E-03   3.63833E-02   4.38855E+04  -4.33679E+04  -4.38816E+04  -1.06483E+05  -1.15194E+05
   2.76728E-01   2.56931E-03   6.82884E-01   1.48594E-03   3.63331E-02   4.40907E+04  -4.35013E+04  -4.39692E+04  -1.06601E+05  -1.15092E+05
   2.77728E-01   2.56576E-03   6.81940E-01   1.48388E-03   3.62828E-02   4.42971E+04  -4.36374E+04  -4.40576E+04  -1.06721E+05  -1.14991E+05
   2.78728E-01   2.56221E-03   6.80996E-01   1.48183E-03   3.62326E-02   4.45047E+04  -4.37759E+04  -4.41469E+04  -1.06845E+05  -1.14892E+05
   2.79728E-01   2.55865E-03   6.80052E-01   1.47977E-03   3.61824E-02   4.47133E+04  -4.39170E+04  -4.42370E+04  -1.06970E+05  -1.14793E+05
   2.80728E-01   2.55510E-03   6.79107E-01   1.47772E-03   3.61321E-02   4.49231E+04  -4.40606E+04  -4.43279E+04  -1.07098E+05  -1.14695E+05
   2.81728E-01   2.55155E-03   6.78163E-01   1.47567E-03   3.60819E-02   4.51339E+04  -4.42068E+04  -4.44195E+04  -1.07229E+05  -1.14598E+05
   2.82728E-01   2.54800E-03   6.77219E-01   1.47361E-03   3.60317E-02   4.53458E+04  -4.43555E+04  -4.45120E+04  -1.07361E+05  -1.14502E+05
   2.83728E-01   2.54444E-03   6.76275E-01   1.47156E-03   3.59814E-02   4.55587E+04  -4.45068E+04  -4.46053E+04  -1.07496E+05  -1.14407E+05
   2.84728E-01   2.54089E-03   6.75331E-01   1.46950E-03   3.59312E-02   4.57725E+04  -4.46606E+04  -4.46994E+04  -1.07634E+05  -1.14313E+05
   2.85728E-01   2.53734E-03   6.74387E-01   1.46745E-03   3.58810E-02   4.59874E+04  -4.48170E+04  -4.47943E+04  -1.07773E+05  -1.14219E+05
   2.86728E-01   2.53379E-03   6.73442E-01   1.46539E-03   3.58307E-02   4.62032E+04  -4.49759E+04  -4.48899E+04  -1.07915E+05  -1.14127E+05
   2.87728E-01   2.53024E-03   6.72498E-01   1.46334E-03   3.57805E-02   4.64200E+04  -4.51374E+04  -4.49864E+04  -1.08059E+05  -1.14036E+05
   2.88728E-01   2.52668E-03   6.71554E-01   1.46128E-03   3.57303E-02   4.66376E+04  -4.53014E+04  -4.50836E+04  -1.08205E+05  -1.13946E+05
   2.89728E-01   2.52313E-03   6.70610E-01   1.45923E-03   3.56800E-02   4.68561E+04  -4.54680E+04  -4.51816E+04  -1.08354E+05  -1.13856E+05
   2.90728E-01   2.51958E-03   6.69666E-01   1.45718E-03   3.56298E-02   4.70756E+04  -4.56372E+04  -4.52804E+04  -1.08504E+05  -1.13767E+05
   2.91728E-01   2.51603E-03   6.68722E-01   1.45512E-03   3.55796E-02   4.72958E+04  -4.58090E+04  -4.53799E+04  -1.08656E+05  -1.13680E+05
   2.92728E-01   2.51247E-03   6.67778E-01   1.45307E-03   3.55293E-02   4.75169E+04  -4.59833E+04  -4.54803E+04  -1.08811E+05  -1.13593E+05
   2.93728E-01   2.50892E-03   6.66833E-01   1.45101E-03   3.54791E-02   4.77389E+04  -4.61603E+04  -4.55813E+04  -1.08967E+05  -1.13507E+05
   2.94728E-01   2.50537E-03   6.65889E-01   1.44896E-03   3.54289E-02   4.79616E+04  -4.63398E+04  -4.56832E+04  -1.09125E+05  -1.13422E+05
   2.95728E-01   2.50182E-03   6.64945E-01   1.44690E-03   3.53786E-02   4.81851E+04  -4.65220E+04  -4.57858E+04  -1.09286E+05  -1.13338E+05
   2.96728E-01   2.49826E-03   6.64001E-01   1.44485E-03   3.53284E-02   4.84094E+04  -4.67068E+04  -4.58892E+04  -1.09448E+05  -1.13255E+05
   2.97728E-01   2.49471E-03   6.63057E-01   1.44279E-03   3.52782E-02   4.86345E+04  -4.68942E+04  -4.59933E+04  -1.09612E+05  -1.13172E+05
   2.98728E-01   2.49116E-03   6.62113E-01   1.44074E-03   3.52279E-02   4.88603E+04  -4.70842E+04  -4.60982E+04  -1.09778E+05  -1.13091E+05
   2.99728E-01   2.48761E-03   6.61168E-01   1.43869E-03   3.51777E-02   4.90868E+04  -4.72769E+04  -4.62038E+04  -1.09946E+05  -1.13010E+05
   2.99990E-01   2.48668E-03   6.60921E-01   1.43815E-03   3.51645E-02   4.91463E+04  -4.73279E+04  -4.62317E+04  -1.09990E+05  -1.12989E+05

 Phase Region for:
     FCC_A1                        
 col-1=X(C), col-2=X(CU), col-3=X(FE), col-4=X(MN), col-5=X(SI), col-6=MU(C), col-7=MU(CU), col-8=MU(FE), col-9=MU(MN), col-10=MU(SI),
   9.72763E-03   3.51779E-03   9.34974E-01   2.03448E-03   4.97456E-02  -8.46681E+03  -4.50470E+04  -3.40920E+04  -9.20629E+04  -1.45988E+05
   8.72763E-03   3.52134E-03   9.35919E-01   2.03653E-03   4.97959E-02  -9.33512E+03  -4.51179E+04  -3.40777E+04  -9.20162E+04  -1.46094E+05
   7.72763E-03   3.52489E-03   9.36863E-01   2.03859E-03   4.98461E-02  -1.02992E+04  -4.51891E+04  -3.40634E+04  -9.19697E+04  -1.46199E+05
   6.72763E-03   3.52844E-03   9.37807E-01   2.04064E-03   4.98963E-02  -1.13857E+04  -4.52605E+04  -3.40493E+04  -9.19234E+04  -1.46305E+05
   5.72763E-03   3.53200E-03   9.38751E-01   2.04270E-03   4.99466E-02  -1.26343E+04  -4.53321E+04  -3.40352E+04  -9.18771E+04  -1.46410E+05
   4.72763E-03   3.53555E-03   9.39695E-01   2.04475E-03   4.99968E-02  -1.41074E+04  -4.54040E+04  -3.40213E+04  -9.18311E+04  -1.46515E+05
   3.72763E-03   3.53910E-03   9.40639E-01   2.04681E-03   5.00470E-02  -1.59127E+04  -4.54761E+04  -3.40075E+04  -9.17852E+04  -1.46620E+05
   2.72763E-03   3.54265E-03   9.41584E-01   2.04886E-03   5.00973E-02  -1.82601E+04  -4.55485E+04  -3.39937E+04  -9.17394E+04  -1.46725E+05
   1.72763E-03   3.54621E-03   9.42528E-01   2.05092E-03   5.01475E-02  -2.16552E+04  -4.56211E+04  -3.39800E+04  -9.16938E+04  -1.46830E+05
   7.27626E-04   3.54976E-03   9.43472E-01   2.05297E-03   5.01977E-02  -2.80124E+04  -4.56939E+04  -3.39665E+04  -9.16483E+04  -1.46935E+05
   1.00000E-05   3.55231E-03   9.44149E-01   2.05444E-03   5.02338E-02  -5.91936E+04  -4.57463E+04  -3.39568E+04  -9.16158E+04  -1.47010E+05
