
 Phase Region for:
     BCC_A2                        
 col-1=X(C), col-2=X(CU), col-3=X(FE), col-4=X(MN), col-5=X(SI), col-6=MU(C), col-7=MU(CU), col-8=MU(FE), col-9=MU(MN), col-10=MU(SI),
   2.88620E-02   3.44981E-03   9.16909E-01   1.99517E-03   4.87844E-02   2.61544E+04  -4.99041E+04  -4.16314E+04  -9.55836E+04  -1.51612E+05
   9.99900E-03   3.51682E-03   9.34718E-01   2.03392E-03   4.97320E-02   1.68261E+04  -4.98782E+04  -4.13504E+04  -9.44235E+04  -1.53545E+05

 Phase Region for:
     BCC_A2                        
 col-1=X(C), col-2=X(CU), col-3=X(FE), col-4=X(MN), col-5=X(SI), col-6=MU(C), col-7=MU(CU), col-8=MU(FE), col-9=MU(MN), col-10=MU(SI),
   2.88620E-02   3.44981E-03   9.16909E-01   1.99517E-03   4.87844E-02   2.61544E+04  -4.99041E+04  -4.16314E+04  -9.55836E+04  -1.51612E+05
   2.87620E-02   3.45017E-03   9.17003E-01   1.99537E-03   4.87895E-02   2.61223E+04  -4.99039E+04  -4.16298E+04  -9.55773E+04  -1.51622E+05
   2.86620E-02   3.45053E-03   9.17097E-01   1.99558E-03   4.87945E-02   2.60901E+04  -4.99037E+04  -4.16283E+04  -9.55710E+04  -1.51633E+05
   2.85620E-02   3.45088E-03   9.17192E-01   1.99579E-03   4.87995E-02   2.60577E+04  -4.99035E+04  -4.16267E+04  -9.55646E+04  -1.51643E+05
   2.84620E-02   3.45124E-03   9.17286E-01   1.99599E-03   4.88045E-02   2.60253E+04  -4.99032E+04  -4.16252E+04  -9.55583E+04  -1.51653E+05
   2.83620E-02   3.45159E-03   9.17381E-01   1.99620E-03   4.88095E-02   2.59928E+04  -4.99030E+04  -4.16236E+04  -9.55520E+04  -1.51664E+05
   2.82620E-02   3.45195E-03   9.17475E-01   1.99640E-03   4.88146E-02   2.59601E+04  -4.99028E+04  -4.16221E+04  -9.55457E+04  -1.51674E+05
   2.81620E-02   3.45230E-03   9.17569E-01   1.99661E-03   4.88196E-02   2.59274E+04  -4.99026E+04  -4.16205E+04  -9.55394E+04  -1.51685E+05
   2.80620E-02   3.45266E-03   9.17664E-01   1.99681E-03   4.88246E-02   2.58946E+04  -4.99023E+04  -4.16190E+04  -9.55331E+04  -1.51695E+05
   2.79620E-02   3.45301E-03   9.17758E-01   1.99702E-03   4.88296E-02   2.58617E+04  -4.99021E+04  -4.16174E+04  -9.55267E+04  -1.51705E+05
   2.78620E-02   3.45337E-03   9.17853E-01   1.99722E-03   4.88347E-02   2.58286E+04  -4.99019E+04  -4.16159E+04  -9.55204E+04  -1.51716E+05
   2.77620E-02   3.45372E-03   9.17947E-01   1.99743E-03   4.88397E-02   2.57955E+04  -4.99017E+04  -4.16144E+04  -9.55141E+04  -1.51726E+05
   2.76620E-02   3.45408E-03   9.18042E-01   1.99763E-03   4.88447E-02   2.57622E+04  -4.99015E+04  -4.16128E+04  -9.55078E+04  -1.51736E+05
   2.75620E-02   3.45443E-03   9.18136E-01   1.99784E-03   4.88497E-02   2.57289E+04  -4.99013E+04  -4.16113E+04  -9.55015E+04  -1.51747E+05
   2.74620E-02   3.45479E-03   9.18230E-01   1.99805E-03   4.88548E-02   2.56954E+04  -4.99010E+04  -4.16097E+04  -9.54952E+04  -1.51757E+05
   2.73620E-02   3.45514E-03   9.18325E-01   1.99825E-03   4.88598E-02   2.56619E+04  -4.99008E+04  -4.16082E+04  -9.54889E+04  -1.51768E+05
   2.72620E-02   3.45550E-03   9.18419E-01   1.99846E-03   4.88648E-02   2.56282E+04  -4.99006E+04  -4.16067E+04  -9.54826E+04  -1.51778E+05
   2.71620E-02   3.45585E-03   9.18514E-01   1.99866E-03   4.88698E-02   2.55944E+04  -4.99004E+04  -4.16051E+04  -9.54763E+04  -1.51788E+05
   2.70620E-02   3.45621E-03   9.18608E-01   1.99887E-03   4.88748E-02   2.55606E+04  -4.99002E+04  -4.16036E+04  -9.54700E+04  -1.51799E+05
   2.69620E-02   3.45656E-03   9.18702E-01   1.99907E-03   4.88799E-02   2.55266E+04  -4.99000E+04  -4.16021E+04  -9.54637E+04  -1.51809E+05
   2.68620E-02   3.45692E-03   9.18797E-01   1.99928E-03   4.88849E-02   2.54925E+04  -4.98998E+04  -4.16005E+04  -9.54574E+04  -1.51819E+05
   2.67620E-02   3.45727E-03   9.18891E-01   1.99948E-03   4.88899E-02   2.54582E+04  -4.98996E+04  -4.15990E+04  -9.54511E+04  -1.51830E+05
   2.66620E-02   3.45763E-03   9.18986E-01   1.99969E-03   4.88949E-02   2.54239E+04  -4.98994E+04  -4.15974E+04  -9.54448E+04  -1.51840E+05
   2.65620E-02   3.45799E-03   9.19080E-01   1.99989E-03   4.89000E-02   2.53895E+04  -4.98992E+04  -4.15959E+04  -9.54386E+04  -1.51850E+05
   2.64620E-02   3.45834E-03   9.19175E-01   2.00010E-03   4.89050E-02   2.53549E+04  -4.98989E+04  -4.15944E+04  -9.54323E+04  -1.51861E+05
   2.63620E-02   3.45870E-03   9.19269E-01   2.00031E-03   4.89100E-02   2.53202E+04  -4.98987E+04  -4.15928E+04  -9.54260E+04  -1.51871E+05
   2.62620E-02   3.45905E-03   9.19363E-01   2.00051E-03   4.89150E-02   2.52855E+04  -4.98985E+04  -4.15913E+04  -9.54197E+04  -1.51881E+05
   2.61620E-02   3.45941E-03   9.19458E-01   2.00072E-03   4.89201E-02   2.52506E+04  -4.98983E+04  -4.15898E+04  -9.54134E+04  -1.51892E+05
   2.60620E-02   3.45976E-03   9.19552E-01   2.00092E-03   4.89251E-02   2.52155E+04  -4.98981E+04  -4.15883E+04  -9.54072E+04  -1.51902E+05
   2.59620E-02   3.46012E-03   9.19647E-01   2.00113E-03   4.89301E-02   2.51804E+04  -4.98979E+04  -4.15867E+04  -9.54009E+04  -1.51912E+05
   2.58620E-02   3.46047E-03   9.19741E-01   2.00133E-03   4.89351E-02   2.51451E+04  -4.98977E+04  -4.15852E+04  -9.53946E+04  -1.51923E+05
   2.57620E-02   3.46083E-03   9.19835E-01   2.00154E-03   4.89402E-02   2.51098E+04  -4.98975E+04  -4.15837E+04  -9.53883E+04  -1.51933E+05
   2.56620E-02   3.46118E-03   9.19930E-01   2.00174E-03   4.89452E-02   2.50743E+04  -4.98973E+04  -4.15821E+04  -9.53821E+04  -1.51944E+05
   2.55620E-02   3.46154E-03   9.20024E-01   2.00195E-03   4.89502E-02   2.50387E+04  -4.98971E+04  -4.15806E+04  -9.53758E+04  -1.51954E+05
   2.54620E-02   3.46189E-03   9.20119E-01   2.00215E-03   4.89552E-02   2.50029E+04  -4.98970E+04  -4.15791E+04  -9.53695E+04  -1.51964E+05
   2.53620E-02   3.46225E-03   9.20213E-01   2.00236E-03   4.89602E-02   2.49670E+04  -4.98968E+04  -4.15776E+04  -9.53633E+04  -1.51975E+05
   2.52620E-02   3.46260E-03   9.20308E-01   2.00257E-03   4.89653E-02   2.49310E+04  -4.98966E+04  -4.15760E+04  -9.53570E+04  -1.51985E+05
   2.51620E-02   3.46296E-03   9.20402E-01   2.00277E-03   4.89703E-02   2.48949E+04  -4.98964E+04  -4.15745E+04  -9.53508E+04  -1.51995E+05
   2.50620E-02   3.46331E-03   9.20496E-01   2.00298E-03   4.89753E-02   2.48587E+04  -4.98962E+04  -4.15730E+04  -9.53445E+04  -1.52006E+05
   2.49620E-02   3.46367E-03   9.20591E-01   2.00318E-03   4.89803E-02   2.48223E+04  -4.98960E+04  -4.15715E+04  -9.53382E+04  -1.52016E+05
   2.48620E-02   3.46402E-03   9.20685E-01   2.00339E-03   4.89854E-02   2.47858E+04  -4.98958E+04  -4.15699E+04  -9.53320E+04  -1.52026E+05
   2.47620E-02   3.46438E-03   9.20780E-01   2.00359E-03   4.89904E-02   2.47492E+04  -4.98956E+04  -4.15684E+04  -9.53257E+04  -1.52037E+05
   2.46620E-02   3.46473E-03   9.20874E-01   2.00380E-03   4.89954E-02   2.47124E+04  -4.98954E+04  -4.15669E+04  -9.53195E+04  -1.52047E+05
   2.45620E-02   3.46509E-03   9.20968E-01   2.00400E-03   4.90004E-02   2.46755E+04  -4.98952E+04  -4.15654E+04  -9.53132E+04  -1.52057E+05
   2.44620E-02   3.46545E-03   9.21063E-01   2.00421E-03   4.90055E-02   2.46385E+04  -4.98951E+04  -4.15639E+04  -9.53070E+04  -1.52068E+05
   2.43620E-02   3.46580E-03   9.21157E-01   2.00441E-03   4.90105E-02   2.46013E+04  -4.98949E+04  -4.15623E+04  -9.53007E+04  -1.52078E+05
   2.42620E-02   3.46616E-03   9.21252E-01   2.00462E-03   4.90155E-02   2.45640E+04  -4.98947E+04  -4.15608E+04  -9.52945E+04  -1.52088E+05
   2.41620E-02   3.46651E-03   9.21346E-01   2.00483E-03   4.90205E-02   2.45266E+04  -4.98945E+04  -4.15593E+04  -9.52883E+04  -1.52098E+05
   2.40620E-02   3.46687E-03   9.21441E-01   2.00503E-03   4.90256E-02   2.44890E+04  -4.98943E+04  -4.15578E+04  -9.52820E+04  -1.52109E+05
   2.39620E-02   3.46722E-03   9.21535E-01   2.00524E-03   4.90306E-02   2.44513E+04  -4.98941E+04  -4.15563E+04  -9.52758E+04  -1.52119E+05
   2.38620E-02   3.46758E-03   9.21629E-01   2.00544E-03   4.90356E-02   2.44134E+04  -4.98940E+04  -4.15547E+04  -9.52696E+04  -1.52129E+05
   2.37620E-02   3.46793E-03   9.21724E-01   2.00565E-03   4.90406E-02   2.43754E+04  -4.98938E+04  -4.15532E+04  -9.52633E+04  -1.52140E+05
   2.36620E-02   3.46829E-03   9.21818E-01   2.00585E-03   4.90456E-02   2.43373E+04  -4.98936E+04  -4.15517E+04  -9.52571E+04  -1.52150E+05
   2.35620E-02   3.46864E-03   9.21913E-01   2.00606E-03   4.90507E-02   2.42990E+04  -4.98934E+04  -4.15502E+04  -9.52509E+04  -1.52160E+05
   2.34620E-02   3.46900E-03   9.22007E-01   2.00626E-03   4.90557E-02   2.42606E+04  -4.98933E+04  -4.15487E+04  -9.52446E+04  -1.52171E+05
   2.33620E-02   3.46935E-03   9.22101E-01   2.00647E-03   4.90607E-02   2.42220E+04  -4.98931E+04  -4.15472E+04  -9.52384E+04  -1.52181E+05
   2.32620E-02   3.46971E-03   9.22196E-01   2.00667E-03   4.90657E-02   2.41833E+04  -4.98929E+04  -4.15457E+04  -9.52322E+04  -1.52191E+05
   2.31620E-02   3.47006E-03   9.22290E-01   2.00688E-03   4.90708E-02   2.41444E+04  -4.98927E+04  -4.15441E+04  -9.52260E+04  -1.52202E+05
   2.30620E-02   3.47042E-03   9.22385E-01   2.00708E-03   4.90758E-02   2.41054E+04  -4.98926E+04  -4.15426E+04  -9.52198E+04  -1.52212E+05
   2.29620E-02   3.47077E-03   9.22479E-01   2.00729E-03   4.90808E-02   2.40663E+04  -4.98924E+04  -4.15411E+04  -9.52135E+04  -1.52222E+05
   2.28620E-02   3.47113E-03   9.22574E-01   2.00750E-03   4.90858E-02   2.40269E+04  -4.98922E+04  -4.15396E+04  -9.52073E+04  -1.52233E+05
   2.27620E-02   3.47148E-03   9.22668E-01   2.00770E-03   4.90909E-02   2.39875E+04  -4.98921E+04  -4.15381E+04  -9.52011E+04  -1.52243E+05
   2.26620E-02   3.47184E-03   9.22762E-01   2.00791E-03   4.90959E-02   2.39478E+04  -4.98919E+04  -4.15366E+04  -9.51949E+04  -1.52253E+05
   2.25620E-02   3.47219E-03   9.22857E-01   2.00811E-03   4.91009E-02   2.39080E+04  -4.98917E+04  -4.15351E+04  -9.51887E+04  -1.52263E+05
   2.24620E-02   3.47255E-03   9.22951E-01   2.00832E-03   4.91059E-02   2.38681E+04  -4.98916E+04  -4.15336E+04  -9.51825E+04  -1.52274E+05
   2.23620E-02   3.47290E-03   9.23046E-01   2.00852E-03   4.91110E-02   2.38280E+04  -4.98914E+04  -4.15321E+04  -9.51763E+04  -1.52284E+05
   2.22620E-02   3.47326E-03   9.23140E-01   2.00873E-03   4.91160E-02   2.37877E+04  -4.98912E+04  -4.15306E+04  -9.51701E+04  -1.52294E+05
   2.21620E-02   3.47362E-03   9.23234E-01   2.00893E-03   4.91210E-02   2.37473E+04  -4.98911E+04  -4.15291E+04  -9.51639E+04  -1.52305E+05
   2.20620E-02   3.47397E-03   9.23329E-01   2.00914E-03   4.91260E-02   2.37067E+04  -4.98909E+04  -4.15275E+04  -9.51577E+04  -1.52315E+05
   2.19620E-02   3.47433E-03   9.23423E-01   2.00934E-03   4.91310E-02   2.36659E+04  -4.98907E+04  -4.15260E+04  -9.51515E+04  -1.52325E+05
   2.18620E-02   3.47468E-03   9.23518E-01   2.00955E-03   4.91361E-02   2.36250E+04  -4.98906E+04  -4.15245E+04  -9.51453E+04  -1.52335E+05
   2.17620E-02   3.47504E-03   9.23612E-01   2.00976E-03   4.91411E-02   2.35839E+04  -4.98904E+04  -4.15230E+04  -9.51391E+04  -1.52346E+05
   2.16620E-02   3.47539E-03   9.23707E-01   2.00996E-03   4.91461E-02   2.35426E+04  -4.98903E+04  -4.15215E+04  -9.51329E+04  -1.52356E+05
   2.15620E-02   3.47575E-03   9.23801E-01   2.01017E-03   4.91511E-02   2.35012E+04  -4.98901E+04  -4.15200E+04  -9.51267E+04  -1.52366E+05
   2.14620E-02   3.47610E-03   9.23895E-01   2.01037E-03   4.91562E-02   2.34596E+04  -4.98899E+04  -4.15185E+04  -9.51205E+04  -1.52377E+05
   2.13620E-02   3.47646E-03   9.23990E-01   2.01058E-03   4.91612E-02   2.34178E+04  -4.98898E+04  -4.15170E+04  -9.51143E+04  -1.52387E+05
   2.12620E-02   3.47681E-03   9.24084E-01   2.01078E-03   4.91662E-02   2.33758E+04  -4.98896E+04  -4.15155E+04  -9.51081E+04  -1.52397E+05
   2.11620E-02   3.47717E-03   9.24179E-01   2.01099E-03   4.91712E-02   2.33337E+04  -4.98895E+04  -4.15140E+04  -9.51020E+04  -1.52407E+05
   2.10620E-02   3.47752E-03   9.24273E-01   2.01119E-03   4.91763E-02   2.32914E+04  -4.98893E+04  -4.15125E+04  -9.50958E+04  -1.52418E+05
   2.09620E-02   3.47788E-03   9.24367E-01   2.01140E-03   4.91813E-02   2.32489E+04  -4.98892E+04  -4.15110E+04  -9.50896E+04  -1.52428E+05
   2.08620E-02   3.47823E-03   9.24462E-01   2.01160E-03   4.91863E-02   2.32062E+04  -4.98890E+04  -4.15095E+04  -9.50834E+04  -1.52438E+05
   2.07620E-02   3.47859E-03   9.24556E-01   2.01181E-03   4.91913E-02   2.31633E+04  -4.98889E+04  -4.15080E+04  -9.50772E+04  -1.52448E+05
   2.06620E-02   3.47894E-03   9.24651E-01   2.01202E-03   4.91963E-02   2.31203E+04  -4.98887E+04  -4.15065E+04  -9.50711E+04  -1.52459E+05
   2.05620E-02   3.47930E-03   9.24745E-01   2.01222E-03   4.92014E-02   2.30770E+04  -4.98886E+04  -4.15050E+04  -9.50649E+04  -1.52469E+05
   2.04620E-02   3.47965E-03   9.24840E-01   2.01243E-03   4.92064E-02   2.30336E+04  -4.98884E+04  -4.15035E+04  -9.50587E+04  -1.52479E+05
   2.03620E-02   3.48001E-03   9.24934E-01   2.01263E-03   4.92114E-02   2.29899E+04  -4.98883E+04  -4.15020E+04  -9.50526E+04  -1.52490E+05
   2.02620E-02   3.48036E-03   9.25028E-01   2.01284E-03   4.92164E-02   2.29461E+04  -4.98881E+04  -4.15006E+04  -9.50464E+04  -1.52500E+05
   2.01620E-02   3.48072E-03   9.25123E-01   2.01304E-03   4.92215E-02   2.29021E+04  -4.98880E+04  -4.14991E+04  -9.50402E+04  -1.52510E+05
   2.00620E-02   3.48108E-03   9.25217E-01   2.01325E-03   4.92265E-02   2.28579E+04  -4.98879E+04  -4.14976E+04  -9.50341E+04  -1.52520E+05
   1.99620E-02   3.48143E-03   9.25312E-01   2.01345E-03   4.92315E-02   2.28135E+04  -4.98877E+04  -4.14961E+04  -9.50279E+04  -1.52531E+05
   1.98620E-02   3.48179E-03   9.25406E-01   2.01366E-03   4.92365E-02   2.27688E+04  -4.98876E+04  -4.14946E+04  -9.50218E+04  -1.52541E+05
   1.97620E-02   3.48214E-03   9.25500E-01   2.01386E-03   4.92416E-02   2.27240E+04  -4.98874E+04  -4.14931E+04  -9.50156E+04  -1.52551E+05
   1.96620E-02   3.48250E-03   9.25595E-01   2.01407E-03   4.92466E-02   2.26790E+04  -4.98873E+04  -4.14916E+04  -9.50094E+04  -1.52561E+05
   1.95620E-02   3.48285E-03   9.25689E-01   2.01428E-03   4.92516E-02   2.26337E+04  -4.98872E+04  -4.14901E+04  -9.50033E+04  -1.52572E+05
   1.94620E-02   3.48321E-03   9.25784E-01   2.01448E-03   4.92566E-02   2.25883E+04  -4.98870E+04  -4.14886E+04  -9.49971E+04  -1.52582E+05
   1.93620E-02   3.48356E-03   9.25878E-01   2.01469E-03   4.92617E-02   2.25426E+04  -4.98869E+04  -4.14871E+04  -9.49910E+04  -1.52592E+05
   1.92620E-02   3.48392E-03   9.25973E-01   2.01489E-03   4.92667E-02   2.24967E+04  -4.98867E+04  -4.14856E+04  -9.49848E+04  -1.52602E+05
   1.91620E-02   3.48427E-03   9.26067E-01   2.01510E-03   4.92717E-02   2.24507E+04  -4.98866E+04  -4.14842E+04  -9.49787E+04  -1.52613E+05
   1.90620E-02   3.48463E-03   9.26161E-01   2.01530E-03   4.92767E-02   2.24043E+04  -4.98865E+04  -4.14827E+04  -9.49726E+04  -1.52623E+05
   1.89620E-02   3.48498E-03   9.26256E-01   2.01551E-03   4.92817E-02   2.23578E+04  -4.98863E+04  -4.14812E+04  -9.49664E+04  -1.52633E+05
   1.88620E-02   3.48534E-03   9.26350E-01   2.01571E-03   4.92868E-02   2.23110E+04  -4.98862E+04  -4.14797E+04  -9.49603E+04  -1.52643E+05
   1.87620E-02   3.48569E-03   9.26445E-01   2.01592E-03   4.92918E-02   2.22640E+04  -4.98861E+04  -4.14782E+04  -9.49541E+04  -1.52654E+05
   1.86620E-02   3.48605E-03   9.26539E-01   2.01612E-03   4.92968E-02   2.22168E+04  -4.98860E+04  -4.14767E+04  -9.49480E+04  -1.52664E+05
   1.85620E-02   3.48640E-03   9.26633E-01   2.01633E-03   4.93018E-02   2.21694E+04  -4.98858E+04  -4.14752E+04  -9.49419E+04  -1.52674E+05
   1.84620E-02   3.48676E-03   9.26728E-01   2.01654E-03   4.93069E-02   2.21217E+04  -4.98857E+04  -4.14738E+04  -9.49357E+04  -1.52684E+05
   1.83620E-02   3.48711E-03   9.26822E-01   2.01674E-03   4.93119E-02   2.20738E+04  -4.98856E+04  -4.14723E+04  -9.49296E+04  -1.52695E+05
   1.82620E-02   3.48747E-03   9.26917E-01   2.01695E-03   4.93169E-02   2.20256E+04  -4.98854E+04  -4.14708E+04  -9.49235E+04  -1.52705E+05
   1.81620E-02   3.48782E-03   9.27011E-01   2.01715E-03   4.93219E-02   2.19772E+04  -4.98853E+04  -4.14693E+04  -9.49174E+04  -1.52715E+05
   1.80620E-02   3.48818E-03   9.27105E-01   2.01736E-03   4.93270E-02   2.19286E+04  -4.98852E+04  -4.14678E+04  -9.49112E+04  -1.52725E+05
   1.79620E-02   3.48854E-03   9.27200E-01   2.01756E-03   4.93320E-02   2.18797E+04  -4.98851E+04  -4.14664E+04  -9.49051E+04  -1.52735E+05
   1.78620E-02   3.48889E-03   9.27294E-01   2.01777E-03   4.93370E-02   2.18305E+04  -4.98849E+04  -4.14649E+04  -9.48990E+04  -1.52746E+05
   1.77620E-02   3.48925E-03   9.27389E-01   2.01797E-03   4.93420E-02   2.17811E+04  -4.98848E+04  -4.14634E+04  -9.48929E+04  -1.52756E+05
   1.76620E-02   3.48960E-03   9.27483E-01   2.01818E-03   4.93471E-02   2.17315E+04  -4.98847E+04  -4.14619E+04  -9.48867E+04  -1.52766E+05
   1.75620E-02   3.48996E-03   9.27578E-01   2.01838E-03   4.93521E-02   2.16816E+04  -4.98846E+04  -4.14604E+04  -9.48806E+04  -1.52776E+05
   1.74620E-02   3.49031E-03   9.27672E-01   2.01859E-03   4.93571E-02   2.16314E+04  -4.98845E+04  -4.14590E+04  -9.48745E+04  -1.52787E+05
   1.73620E-02   3.49067E-03   9.27766E-01   2.01880E-03   4.93621E-02   2.15810E+04  -4.98844E+04  -4.14575E+04  -9.48684E+04  -1.52797E+05
   1.72620E-02   3.49102E-03   9.27861E-01   2.01900E-03   4.93671E-02   2.15302E+04  -4.98842E+04  -4.14560E+04  -9.48623E+04  -1.52807E+05
   1.71620E-02   3.49138E-03   9.27955E-01   2.01921E-03   4.93722E-02   2.14793E+04  -4.98841E+04  -4.14545E+04  -9.48562E+04  -1.52817E+05
   1.70620E-02   3.49173E-03   9.28050E-01   2.01941E-03   4.93772E-02   2.14280E+04  -4.98840E+04  -4.14531E+04  -9.48501E+04  -1.52827E+05
   1.69620E-02   3.49209E-03   9.28144E-01   2.01962E-03   4.93822E-02   2.13765E+04  -4.98839E+04  -4.14516E+04  -9.48440E+04  -1.52838E+05
   1.68620E-02   3.49244E-03   9.28238E-01   2.01982E-03   4.93872E-02   2.13247E+04  -4.98838E+04  -4.14501E+04  -9.48379E+04  -1.52848E+05
   1.67620E-02   3.49280E-03   9.28333E-01   2.02003E-03   4.93923E-02   2.12726E+04  -4.98837E+04  -4.14486E+04  -9.48318E+04  -1.52858E+05
   1.66620E-02   3.49315E-03   9.28427E-01   2.02023E-03   4.93973E-02   2.12202E+04  -4.98836E+04  -4.14472E+04  -9.48257E+04  -1.52868E+05
   1.65620E-02   3.49351E-03   9.28522E-01   2.02044E-03   4.94023E-02   2.11675E+04  -4.98834E+04  -4.14457E+04  -9.48196E+04  -1.52878E+05
   1.64620E-02   3.49386E-03   9.28616E-01   2.02064E-03   4.94073E-02   2.11146E+04  -4.98833E+04  -4.14442E+04  -9.48135E+04  -1.52889E+05
   1.63620E-02   3.49422E-03   9.28711E-01   2.02085E-03   4.94124E-02   2.10613E+04  -4.98832E+04  -4.14427E+04  -9.48074E+04  -1.52899E+05
   1.62620E-02   3.49457E-03   9.28805E-01   2.02106E-03   4.94174E-02   2.10078E+04  -4.98831E+04  -4.14413E+04  -9.48013E+04  -1.52909E+05
   1.61620E-02   3.49493E-03   9.28899E-01   2.02126E-03   4.94224E-02   2.09539E+04  -4.98830E+04  -4.14398E+04  -9.47952E+04  -1.52919E+05
   1.60620E-02   3.49528E-03   9.28994E-01   2.02147E-03   4.94274E-02   2.08997E+04  -4.98829E+04  -4.14383E+04  -9.47891E+04  -1.52929E+05
   1.59620E-02   3.49564E-03   9.29088E-01   2.02167E-03   4.94325E-02   2.08452E+04  -4.98828E+04  -4.14369E+04  -9.47830E+04  -1.52940E+05
   1.58620E-02   3.49600E-03   9.29183E-01   2.02188E-03   4.94375E-02   2.07904E+04  -4.98827E+04  -4.14354E+04  -9.47770E+04  -1.52950E+05
   1.57620E-02   3.49635E-03   9.29277E-01   2.02208E-03   4.94425E-02   2.07353E+04  -4.98826E+04  -4.14339E+04  -9.47709E+04  -1.52960E+05
   1.56620E-02   3.49671E-03   9.29371E-01   2.02229E-03   4.94475E-02   2.06798E+04  -4.98825E+04  -4.14325E+04  -9.47648E+04  -1.52970E+05
   1.55620E-02   3.49706E-03   9.29466E-01   2.02249E-03   4.94525E-02   2.06241E+04  -4.98824E+04  -4.14310E+04  -9.47587E+04  -1.52980E+05
   1.54620E-02   3.49742E-03   9.29560E-01   2.02270E-03   4.94576E-02   2.05679E+04  -4.98823E+04  -4.14295E+04  -9.47526E+04  -1.52991E+05
   1.53620E-02   3.49777E-03   9.29655E-01   2.02290E-03   4.94626E-02   2.05115E+04  -4.98822E+04  -4.14281E+04  -9.47466E+04  -1.53001E+05
   1.52620E-02   3.49813E-03   9.29749E-01   2.02311E-03   4.94676E-02   2.04547E+04  -4.98821E+04  -4.14266E+04  -9.47405E+04  -1.53011E+05
   1.51620E-02   3.49848E-03   9.29844E-01   2.02332E-03   4.94726E-02   2.03976E+04  -4.98820E+04  -4.14251E+04  -9.47344E+04  -1.53021E+05
   1.50620E-02   3.49884E-03   9.29938E-01   2.02352E-03   4.94777E-02   2.03401E+04  -4.98819E+04  -4.14237E+04  -9.47284E+04  -1.53031E+05
   1.49620E-02   3.49919E-03   9.30032E-01   2.02373E-03   4.94827E-02   2.02822E+04  -4.98818E+04  -4.14222E+04  -9.47223E+04  -1.53042E+05
   1.48620E-02   3.49955E-03   9.30127E-01   2.02393E-03   4.94877E-02   2.02240E+04  -4.98817E+04  -4.14208E+04  -9.47162E+04  -1.53052E+05
   1.47620E-02   3.49990E-03   9.30221E-01   2.02414E-03   4.94927E-02   2.01654E+04  -4.98816E+04  -4.14193E+04  -9.47102E+04  -1.53062E+05
   1.46620E-02   3.50026E-03   9.30316E-01   2.02434E-03   4.94978E-02   2.01065E+04  -4.98815E+04  -4.14178E+04  -9.47041E+04  -1.53072E+05
   1.45620E-02   3.50061E-03   9.30410E-01   2.02455E-03   4.95028E-02   2.00472E+04  -4.98814E+04  -4.14164E+04  -9.46980E+04  -1.53082E+05
   1.44620E-02   3.50097E-03   9.30504E-01   2.02475E-03   4.95078E-02   1.99875E+04  -4.98813E+04  -4.14149E+04  -9.46920E+04  -1.53093E+05
   1.43620E-02   3.50132E-03   9.30599E-01   2.02496E-03   4.95128E-02   1.99274E+04  -4.98813E+04  -4.14135E+04  -9.46859E+04  -1.53103E+05
   1.42620E-02   3.50168E-03   9.30693E-01   2.02516E-03   4.95178E-02   1.98669E+04  -4.98812E+04  -4.14120E+04  -9.46799E+04  -1.53113E+05
   1.41620E-02   3.50203E-03   9.30788E-01   2.02537E-03   4.95229E-02   1.98060E+04  -4.98811E+04  -4.14105E+04  -9.46738E+04  -1.53123E+05
   1.40620E-02   3.50239E-03   9.30882E-01   2.02558E-03   4.95279E-02   1.97447E+04  -4.98810E+04  -4.14091E+04  -9.46678E+04  -1.53133E+05
   1.39620E-02   3.50274E-03   9.30977E-01   2.02578E-03   4.95329E-02   1.96830E+04  -4.98809E+04  -4.14076E+04  -9.46617E+04  -1.53143E+05
   1.38620E-02   3.50310E-03   9.31071E-01   2.02599E-03   4.95379E-02   1.96209E+04  -4.98808E+04  -4.14062E+04  -9.46557E+04  -1.53154E+05
   1.37620E-02   3.50346E-03   9.31165E-01   2.02619E-03   4.95430E-02   1.95584E+04  -4.98807E+04  -4.14047E+04  -9.46496E+04  -1.53164E+05
   1.36620E-02   3.50381E-03   9.31260E-01   2.02640E-03   4.95480E-02   1.94955E+04  -4.98806E+04  -4.14033E+04  -9.46436E+04  -1.53174E+05
   1.35620E-02   3.50417E-03   9.31354E-01   2.02660E-03   4.95530E-02   1.94321E+04  -4.98806E+04  -4.14018E+04  -9.46376E+04  -1.53184E+05
   1.34620E-02   3.50452E-03   9.31449E-01   2.02681E-03   4.95580E-02   1.93683E+04  -4.98805E+04  -4.14004E+04  -9.46315E+04  -1.53194E+05
   1.33620E-02   3.50488E-03   9.31543E-01   2.02701E-03   4.95631E-02   1.93040E+04  -4.98804E+04  -4.13989E+04  -9.46255E+04  -1.53204E+05
   1.32620E-02   3.50523E-03   9.31637E-01   2.02722E-03   4.95681E-02   1.92393E+04  -4.98803E+04  -4.13975E+04  -9.46194E+04  -1.53215E+05
   1.31620E-02   3.50559E-03   9.31732E-01   2.02742E-03   4.95731E-02   1.91741E+04  -4.98802E+04  -4.13960E+04  -9.46134E+04  -1.53225E+05
   1.30620E-02   3.50594E-03   9.31826E-01   2.02763E-03   4.95781E-02   1.91084E+04  -4.98802E+04  -4.13946E+04  -9.46074E+04  -1.53235E+05
   1.29620E-02   3.50630E-03   9.31921E-01   2.02784E-03   4.95832E-02   1.90423E+04  -4.98801E+04  -4.13931E+04  -9.46013E+04  -1.53245E+05
   1.28620E-02   3.50665E-03   9.32015E-01   2.02804E-03   4.95882E-02   1.89757E+04  -4.98800E+04  -4.13917E+04  -9.45953E+04  -1.53255E+05
   1.27620E-02   3.50701E-03   9.32110E-01   2.02825E-03   4.95932E-02   1.89086E+04  -4.98799E+04  -4.13902E+04  -9.45893E+04  -1.53265E+05
   1.26620E-02   3.50736E-03   9.32204E-01   2.02845E-03   4.95982E-02   1.88411E+04  -4.98799E+04  -4.13888E+04  -9.45833E+04  -1.53275E+05
   1.25620E-02   3.50772E-03   9.32298E-01   2.02866E-03   4.96032E-02   1.87730E+04  -4.98798E+04  -4.13873E+04  -9.45772E+04  -1.53286E+05
   1.24620E-02   3.50807E-03   9.32393E-01   2.02886E-03   4.96083E-02   1.87044E+04  -4.98797E+04  -4.13859E+04  -9.45712E+04  -1.53296E+05
   1.23620E-02   3.50843E-03   9.32487E-01   2.02907E-03   4.96133E-02   1.86352E+04  -4.98796E+04  -4.13844E+04  -9.45652E+04  -1.53306E+05
   1.22620E-02   3.50878E-03   9.32582E-01   2.02927E-03   4.96183E-02   1.85656E+04  -4.98796E+04  -4.13830E+04  -9.45592E+04  -1.53316E+05
   1.21620E-02   3.50914E-03   9.32676E-01   2.02948E-03   4.96233E-02   1.84954E+04  -4.98795E+04  -4.13815E+04  -9.45532E+04  -1.53326E+05
   1.20620E-02   3.50949E-03   9.32770E-01   2.02968E-03   4.96284E-02   1.84247E+04  -4.98794E+04  -4.13801E+04  -9.45472E+04  -1.53336E+05
   1.19620E-02   3.50985E-03   9.32865E-01   2.02989E-03   4.96334E-02   1.83534E+04  -4.98794E+04  -4.13786E+04  -9.45412E+04  -1.53346E+05
   1.18620E-02   3.51020E-03   9.32959E-01   2.03009E-03   4.96384E-02   1.82815E+04  -4.98793E+04  -4.13772E+04  -9.45351E+04  -1.53357E+05
   1.17620E-02   3.51056E-03   9.33054E-01   2.03030E-03   4.96434E-02   1.82091E+04  -4.98792E+04  -4.13758E+04  -9.45291E+04  -1.53367E+05
   1.16620E-02   3.51092E-03   9.33148E-01   2.03051E-03   4.96485E-02   1.81361E+04  -4.98792E+04  -4.13743E+04  -9.45231E+04  -1.53377E+05
   1.15620E-02   3.51127E-03   9.33243E-01   2.03071E-03   4.96535E-02   1.80625E+04  -4.98791E+04  -4.13729E+04  -9.45171E+04  -1.53387E+05
   1.14620E-02   3.51163E-03   9.33337E-01   2.03092E-03   4.96585E-02   1.79883E+04  -4.98790E+04  -4.13714E+04  -9.45111E+04  -1.53397E+05
   1.13620E-02   3.51198E-03   9.33431E-01   2.03112E-03   4.96635E-02   1.79135E+04  -4.98790E+04  -4.13700E+04  -9.45051E+04  -1.53407E+05
   1.12620E-02   3.51234E-03   9.33526E-01   2.03133E-03   4.96686E-02   1.78380E+04  -4.98789E+04  -4.13685E+04  -9.44991E+04  -1.53417E+05
   1.11620E-02   3.51269E-03   9.33620E-01   2.03153E-03   4.96736E-02   1.77619E+04  -4.98789E+04  -4.13671E+04  -9.44931E+04  -1.53428E+05
   1.10620E-02   3.51305E-03   9.33715E-01   2.03174E-03   4.96786E-02   1.76852E+04  -4.98788E+04  -4.13657E+04  -9.44871E+04  -1.53438E+05
   1.09620E-02   3.51340E-03   9.33809E-01   2.03194E-03   4.96836E-02   1.76078E+04  -4.98787E+04  -4.13642E+04  -9.44811E+04  -1.53448E+05
   1.08620E-02   3.51376E-03   9.33903E-01   2.03215E-03   4.96886E-02   1.75297E+04  -4.98787E+04  -4.13628E+04  -9.44751E+04  -1.53458E+05
   1.07620E-02   3.51411E-03   9.33998E-01   2.03235E-03   4.96937E-02   1.74509E+04  -4.98786E+04  -4.13614E+04  -9.44692E+04  -1.53468E+05
   1.06620E-02   3.51447E-03   9.34092E-01   2.03256E-03   4.96987E-02   1.73715E+04  -4.98786E+04  -4.13599E+04  -9.44632E+04  -1.53478E+05
   1.05620E-02   3.51482E-03   9.34187E-01   2.03277E-03   4.97037E-02   1.72913E+04  -4.98785E+04  -4.13585E+04  -9.44572E+04  -1.53488E+05
   1.04620E-02   3.51518E-03   9.34281E-01   2.03297E-03   4.97087E-02   1.72104E+04  -4.98785E+04  -4.13570E+04  -9.44512E+04  -1.53498E+05
   1.03620E-02   3.51553E-03   9.34376E-01   2.03318E-03   4.97138E-02   1.71288E+04  -4.98784E+04  -4.13556E+04  -9.44452E+04  -1.53509E+05
   1.02620E-02   3.51589E-03   9.34470E-01   2.03338E-03   4.97188E-02   1.70464E+04  -4.98783E+04  -4.13542E+04  -9.44392E+04  -1.53519E+05
   1.01620E-02   3.51624E-03   9.34564E-01   2.03359E-03   4.97238E-02   1.69633E+04  -4.98783E+04  -4.13527E+04  -9.44333E+04  -1.53529E+05
   1.00620E-02   3.51660E-03   9.34659E-01   2.03379E-03   4.97288E-02   1.68793E+04  -4.98782E+04  -4.13513E+04  -9.44273E+04  -1.53539E+05
   9.96201E-03   3.51695E-03   9.34753E-01   2.03400E-03   4.97339E-02   1.67946E+04  -4.98782E+04  -4.13499E+04  -9.44213E+04  -1.53549E+05
   9.86201E-03   3.51731E-03   9.34848E-01   2.03420E-03   4.97389E-02   1.67091E+04  -4.98781E+04  -4.13484E+04  -9.44153E+04  -1.53559E+05
   9.76201E-03   3.51766E-03   9.34942E-01   2.03441E-03   4.97439E-02   1.66227E+04  -4.98781E+04  -4.13470E+04  -9.44094E+04  -1.53569E+05
   9.66201E-03   3.51802E-03   9.35036E-01   2.03461E-03   4.97489E-02   1.65355E+04  -4.98780E+04  -4.13456E+04  -9.44034E+04  -1.53579E+05
   9.56201E-03   3.51837E-03   9.35131E-01   2.03482E-03   4.97539E-02   1.64474E+04  -4.98780E+04  -4.13442E+04  -9.43974E+04  -1.53589E+05
   9.46201E-03   3.51873E-03   9.35225E-01   2.03503E-03   4.97590E-02   1.63584E+04  -4.98780E+04  -4.13427E+04  -9.43915E+04  -1.53600E+05
   9.36201E-03   3.51909E-03   9.35320E-01   2.03523E-03   4.97640E-02   1.62685E+04  -4.98779E+04  -4.13413E+04  -9.43855E+04  -1.53610E+05
   9.26201E-03   3.51944E-03   9.35414E-01   2.03544E-03   4.97690E-02   1.61777E+04  -4.98779E+04  -4.13399E+04  -9.43795E+04  -1.53620E+05
   9.16201E-03   3.51980E-03   9.35509E-01   2.03564E-03   4.97740E-02   1.60860E+04  -4.98778E+04  -4.13384E+04  -9.43736E+04  -1.53630E+05
   9.06201E-03   3.52015E-03   9.35603E-01   2.03585E-03   4.97791E-02   1.59933E+04  -4.98778E+04  -4.13370E+04  -9.43676E+04  -1.53640E+05
   8.96201E-03   3.52051E-03   9.35697E-01   2.03605E-03   4.97841E-02   1.58996E+04  -4.98777E+04  -4.13356E+04  -9.43616E+04  -1.53650E+05
   8.86201E-03   3.52086E-03   9.35792E-01   2.03626E-03   4.97891E-02   1.58049E+04  -4.98777E+04  -4.13342E+04  -9.43557E+04  -1.53660E+05
   8.76201E-03   3.52122E-03   9.35886E-01   2.03646E-03   4.97941E-02   1.57092E+04  -4.98777E+04  -4.13327E+04  -9.43497E+04  -1.53670E+05
   8.66201E-03   3.52157E-03   9.35981E-01   2.03667E-03   4.97992E-02   1.56124E+04  -4.98776E+04  -4.13313E+04  -9.43438E+04  -1.53680E+05
   8.56201E-03   3.52193E-03   9.36075E-01   2.03687E-03   4.98042E-02   1.55145E+04  -4.98776E+04  -4.13299E+04  -9.43378E+04  -1.53690E+05
   8.46201E-03   3.52228E-03   9.36169E-01   2.03708E-03   4.98092E-02   1.54156E+04  -4.98775E+04  -4.13285E+04  -9.43319E+04  -1.53701E+05
   8.36201E-03   3.52264E-03   9.36264E-01   2.03729E-03   4.98142E-02   1.53155E+04  -4.98775E+04  -4.13270E+04  -9.43259E+04  -1.53711E+05
   8.26201E-03   3.52299E-03   9.36358E-01   2.03749E-03   4.98193E-02   1.52142E+04  -4.98775E+04  -4.13256E+04  -9.43200E+04  -1.53721E+05
   8.16201E-03   3.52335E-03   9.36453E-01   2.03770E-03   4.98243E-02   1.51118E+04  -4.98774E+04  -4.13242E+04  -9.43141E+04  -1.53731E+05
   8.06201E-03   3.52370E-03   9.36547E-01   2.03790E-03   4.98293E-02   1.50081E+04  -4.98774E+04  -4.13228E+04  -9.43081E+04  -1.53741E+05
   7.96201E-03   3.52406E-03   9.36641E-01   2.03811E-03   4.98343E-02   1.49033E+04  -4.98774E+04  -4.13214E+04  -9.43022E+04  -1.53751E+05
   7.86201E-03   3.52441E-03   9.36736E-01   2.03831E-03   4.98393E-02   1.47971E+04  -4.98773E+04  -4.13199E+04  -9.42962E+04  -1.53761E+05
   7.76201E-03   3.52477E-03   9.36830E-01   2.03852E-03   4.98444E-02   1.46896E+04  -4.98773E+04  -4.13185E+04  -9.42903E+04  -1.53771E+05
   7.66201E-03   3.52512E-03   9.36925E-01   2.03872E-03   4.98494E-02   1.45808E+04  -4.98773E+04  -4.13171E+04  -9.42844E+04  -1.53781E+05
   7.56201E-03   3.52548E-03   9.37019E-01   2.03893E-03   4.98544E-02   1.44706E+04  -4.98773E+04  -4.13157E+04  -9.42784E+04  -1.53791E+05
   7.46201E-03   3.52583E-03   9.37114E-01   2.03913E-03   4.98594E-02   1.43590E+04  -4.98772E+04  -4.13143E+04  -9.42725E+04  -1.53801E+05
   7.36201E-03   3.52619E-03   9.37208E-01   2.03934E-03   4.98645E-02   1.42459E+04  -4.98772E+04  -4.13128E+04  -9.42666E+04  -1.53811E+05
   7.26201E-03   3.52655E-03   9.37302E-01   2.03955E-03   4.98695E-02   1.41314E+04  -4.98772E+04  -4.13114E+04  -9.42607E+04  -1.53822E+05
   7.16201E-03   3.52690E-03   9.37397E-01   2.03975E-03   4.98745E-02   1.40153E+04  -4.98771E+04  -4.13100E+04  -9.42547E+04  -1.53832E+05
   7.06201E-03   3.52726E-03   9.37491E-01   2.03996E-03   4.98795E-02   1.38976E+04  -4.98771E+04  -4.13086E+04  -9.42488E+04  -1.53842E+05
   6.96201E-03   3.52761E-03   9.37586E-01   2.04016E-03   4.98846E-02   1.37783E+04  -4.98771E+04  -4.13072E+04  -9.42429E+04  -1.53852E+05
   6.86201E-03   3.52797E-03   9.37680E-01   2.04037E-03   4.98896E-02   1.36574E+04  -4.98771E+04  -4.13058E+04  -9.42370E+04  -1.53862E+05
   6.76201E-03   3.52832E-03   9.37774E-01   2.04057E-03   4.98946E-02   1.35347E+04  -4.98771E+04  -4.13043E+04  -9.42310E+04  -1.53872E+05
   6.66201E-03   3.52868E-03   9.37869E-01   2.04078E-03   4.98996E-02   1.34103E+04  -4.98770E+04  -4.13029E+04  -9.42251E+04  -1.53882E+05
   6.56201E-03   3.52903E-03   9.37963E-01   2.04098E-03   4.99047E-02   1.32840E+04  -4.98770E+04  -4.13015E+04  -9.42192E+04  -1.53892E+05
   6.46201E-03   3.52939E-03   9.38058E-01   2.04119E-03   4.99097E-02   1.31559E+04  -4.98770E+04  -4.13001E+04  -9.42133E+04  -1.53902E+05
   6.36201E-03   3.52974E-03   9.38152E-01   2.04139E-03   4.99147E-02   1.30258E+04  -4.98770E+04  -4.12987E+04  -9.42074E+04  -1.53912E+05
   6.26201E-03   3.53010E-03   9.38247E-01   2.04160E-03   4.99197E-02   1.28937E+04  -4.98770E+04  -4.12973E+04  -9.42015E+04  -1.53922E+05
   6.16201E-03   3.53045E-03   9.38341E-01   2.04181E-03   4.99247E-02   1.27596E+04  -4.98769E+04  -4.12959E+04  -9.41956E+04  -1.53932E+05
   6.06201E-03   3.53081E-03   9.38435E-01   2.04201E-03   4.99298E-02   1.26233E+04  -4.98769E+04  -4.12945E+04  -9.41897E+04  -1.53942E+05
   5.96201E-03   3.53116E-03   9.38530E-01   2.04222E-03   4.99348E-02   1.24848E+04  -4.98769E+04  -4.12931E+04  -9.41838E+04  -1.53952E+05
   5.86201E-03   3.53152E-03   9.38624E-01   2.04242E-03   4.99398E-02   1.23441E+04  -4.98769E+04  -4.12917E+04  -9.41779E+04  -1.53962E+05
   5.76201E-03   3.53187E-03   9.38719E-01   2.04263E-03   4.99448E-02   1.22010E+04  -4.98769E+04  -4.12902E+04  -9.41720E+04  -1.53972E+05
   5.66201E-03   3.53223E-03   9.38813E-01   2.04283E-03   4.99499E-02   1.20554E+04  -4.98769E+04  -4.12888E+04  -9.41661E+04  -1.53983E+05
   5.56201E-03   3.53258E-03   9.38907E-01   2.04304E-03   4.99549E-02   1.19074E+04  -4.98769E+04  -4.12874E+04  -9.41602E+04  -1.53993E+05
   5.46201E-03   3.53294E-03   9.39002E-01   2.04324E-03   4.99599E-02   1.17567E+04  -4.98768E+04  -4.12860E+04  -9.41543E+04  -1.54003E+05
   5.36201E-03   3.53329E-03   9.39096E-01   2.04345E-03   4.99649E-02   1.16033E+04  -4.98768E+04  -4.12846E+04  -9.41484E+04  -1.54013E+05
   5.26201E-03   3.53365E-03   9.39191E-01   2.04365E-03   4.99700E-02   1.14471E+04  -4.98768E+04  -4.12832E+04  -9.41425E+04  -1.54023E+05
   5.16201E-03   3.53401E-03   9.39285E-01   2.04386E-03   4.99750E-02   1.12880E+04  -4.98768E+04  -4.12818E+04  -9.41366E+04  -1.54033E+05
   5.06201E-03   3.53436E-03   9.39380E-01   2.04407E-03   4.99800E-02   1.11258E+04  -4.98768E+04  -4.12804E+04  -9.41307E+04  -1.54043E+05
   4.96201E-03   3.53472E-03   9.39474E-01   2.04427E-03   4.99850E-02   1.09605E+04  -4.98768E+04  -4.12790E+04  -9.41248E+04  -1.54053E+05
   4.86201E-03   3.53507E-03   9.39568E-01   2.04448E-03   4.99901E-02   1.07919E+04  -4.98768E+04  -4.12776E+04  -9.41189E+04  -1.54063E+05
   4.76201E-03   3.53543E-03   9.39663E-01   2.04468E-03   4.99951E-02   1.06198E+04  -4.98768E+04  -4.12762E+04  -9.41131E+04  -1.54073E+05
   4.66201E-03   3.53578E-03   9.39757E-01   2.04489E-03   5.00001E-02   1.04442E+04  -4.98768E+04  -4.12748E+04  -9.41072E+04  -1.54083E+05
   4.56201E-03   3.53614E-03   9.39852E-01   2.04509E-03   5.00051E-02   1.02649E+04  -4.98768E+04  -4.12734E+04  -9.41013E+04  -1.54093E+05
   4.46201E-03   3.53649E-03   9.39946E-01   2.04530E-03   5.00101E-02   1.00817E+04  -4.98768E+04  -4.12720E+04  -9.40954E+04  -1.54103E+05
   4.36201E-03   3.53685E-03   9.40040E-01   2.04550E-03   5.00152E-02   9.89443E+03  -4.98768E+04  -4.12706E+04  -9.40896E+04  -1.54113E+05
   4.26201E-03   3.53720E-03   9.40135E-01   2.04571E-03   5.00202E-02   9.70291E+03  -4.98768E+04  -4.12692E+04  -9.40837E+04  -1.54123E+05
   4.16201E-03   3.53756E-03   9.40229E-01   2.04591E-03   5.00252E-02   9.50693E+03  -4.98768E+04  -4.12678E+04  -9.40778E+04  -1.54133E+05
   4.06201E-03   3.53791E-03   9.40324E-01   2.04612E-03   5.00302E-02   9.30627E+03  -4.98768E+04  -4.12664E+04  -9.40719E+04  -1.54143E+05
   3.96201E-03   3.53827E-03   9.40418E-01   2.04633E-03   5.00353E-02   9.10071E+03  -4.98768E+04  -4.12650E+04  -9.40661E+04  -1.54153E+05
   3.86201E-03   3.53862E-03   9.40513E-01   2.04653E-03   5.00403E-02   8.89000E+03  -4.98768E+04  -4.12636E+04  -9.40602E+04  -1.54163E+05
   3.76201E-03   3.53898E-03   9.40607E-01   2.04674E-03   5.00453E-02   8.67386E+03  -4.98768E+04  -4.12622E+04  -9.40543E+04  -1.54173E+05
   3.66201E-03   3.53933E-03   9.40701E-01   2.04694E-03   5.00503E-02   8.45200E+03  -4.98768E+04  -4.12608E+04  -9.40485E+04  -1.54183E+05
   3.56201E-03   3.53969E-03   9.40796E-01   2.04715E-03   5.00554E-02   8.22411E+03  -4.98768E+04  -4.12594E+04  -9.40426E+04  -1.54193E+05
   3.46201E-03   3.54004E-03   9.40890E-01   2.04735E-03   5.00604E-02   7.98984E+03  -4.98768E+04  -4.12580E+04  -9.40368E+04  -1.54203E+05
   3.36201E-03   3.54040E-03   9.40985E-01   2.04756E-03   5.00654E-02   7.74882E+03  -4.98768E+04  -4.12566E+04  -9.40309E+04  -1.54213E+05
   3.26201E-03   3.54075E-03   9.41079E-01   2.04776E-03   5.00704E-02   7.50063E+03  -4.98768E+04  -4.12552E+04  -9.40250E+04  -1.54223E+05
   3.16201E-03   3.54111E-03   9.41173E-01   2.04797E-03   5.00754E-02   7.24484E+03  -4.98768E+04  -4.12538E+04  -9.40192E+04  -1.54233E+05
   3.06201E-03   3.54147E-03   9.41268E-01   2.04817E-03   5.00805E-02   6.98095E+03  -4.98769E+04  -4.12524E+04  -9.40133E+04  -1.54243E+05
   2.96201E-03   3.54182E-03   9.41362E-01   2.04838E-03   5.00855E-02   6.70843E+03  -4.98769E+04  -4.12511E+04  -9.40075E+04  -1.54253E+05
   2.86201E-03   3.54218E-03   9.41457E-01   2.04859E-03   5.00905E-02   6.42668E+03  -4.98769E+04  -4.12497E+04  -9.40016E+04  -1.54263E+05
   2.76201E-03   3.54253E-03   9.41551E-01   2.04879E-03   5.00955E-02   6.13504E+03  -4.98769E+04  -4.12483E+04  -9.39958E+04  -1.54273E+05
   2.66201E-03   3.54289E-03   9.41646E-01   2.04900E-03   5.01006E-02   5.83280E+03  -4.98769E+04  -4.12469E+04  -9.39899E+04  -1.54283E+05
   2.56201E-03   3.54324E-03   9.41740E-01   2.04920E-03   5.01056E-02   5.51913E+03  -4.98769E+04  -4.12455E+04  -9.39841E+04  -1.54293E+05
   2.46201E-03   3.54360E-03   9.41834E-01   2.04941E-03   5.01106E-02   5.19312E+03  -4.98769E+04  -4.12441E+04  -9.39783E+04  -1.54303E+05
   2.36201E-03   3.54395E-03   9.41929E-01   2.04961E-03   5.01156E-02   4.85376E+03  -4.98769E+04  -4.12427E+04  -9.39724E+04  -1.54313E+05
   2.26201E-03   3.54431E-03   9.42023E-01   2.04982E-03   5.01207E-02   4.49988E+03  -4.98770E+04  -4.12413E+04  -9.39666E+04  -1.54323E+05
   2.16201E-03   3.54466E-03   9.42118E-01   2.05002E-03   5.01257E-02   4.13017E+03  -4.98770E+04  -4.12399E+04  -9.39607E+04  -1.54333E+05
   2.06201E-03   3.54502E-03   9.42212E-01   2.05023E-03   5.01307E-02   3.74313E+03  -4.98770E+04  -4.12385E+04  -9.39549E+04  -1.54343E+05
   1.96201E-03   3.54537E-03   9.42306E-01   2.05043E-03   5.01357E-02   3.33704E+03  -4.98770E+04  -4.12372E+04  -9.39491E+04  -1.54353E+05
   1.86201E-03   3.54573E-03   9.42401E-01   2.05064E-03   5.01408E-02   2.90991E+03  -4.98770E+04  -4.12358E+04  -9.39433E+04  -1.54363E+05
   1.76201E-03   3.54608E-03   9.42495E-01   2.05085E-03   5.01458E-02   2.45941E+03  -4.98771E+04  -4.12344E+04  -9.39374E+04  -1.54373E+05
   1.66201E-03   3.54644E-03   9.42590E-01   2.05105E-03   5.01508E-02   1.98280E+03  -4.98771E+04  -4.12330E+04  -9.39316E+04  -1.54383E+05
   1.56201E-03   3.54679E-03   9.42684E-01   2.05126E-03   5.01558E-02   1.47685E+03  -4.98771E+04  -4.12316E+04  -9.39258E+04  -1.54393E+05
   1.46201E-03   3.54715E-03   9.42779E-01   2.05146E-03   5.01608E-02   9.37665E+02  -4.98771E+04  -4.12302E+04  -9.39199E+04  -1.54403E+05
   1.36201E-03   3.54750E-03   9.42873E-01   2.05167E-03   5.01659E-02   3.60542E+02  -4.98772E+04  -4.12289E+04  -9.39141E+04  -1.54413E+05
   1.26201E-03   3.54786E-03   9.42967E-01   2.05187E-03   5.01709E-02  -2.60316E+02  -4.98772E+04  -4.12275E+04  -9.39083E+04  -1.54423E+05
   1.16201E-03   3.54821E-03   9.43062E-01   2.05208E-03   5.01759E-02  -9.32137E+02  -4.98772E+04  -4.12261E+04  -9.39025E+04  -1.54433E+05
   1.06201E-03   3.54857E-03   9.43156E-01   2.05228E-03   5.01809E-02  -1.66410E+03  -4.98772E+04  -4.12247E+04  -9.38967E+04  -1.54443E+05
   9.62012E-04   3.54893E-03   9.43251E-01   2.05249E-03   5.01860E-02  -2.46813E+03  -4.98773E+04  -4.12233E+04  -9.38909E+04  -1.54453E+05
   8.62012E-04   3.54928E-03   9.43345E-01   2.05269E-03   5.01910E-02  -3.36006E+03  -4.98773E+04  -4.12220E+04  -9.38850E+04  -1.54463E+05
   7.62012E-04   3.54964E-03   9.43439E-01   2.05290E-03   5.01960E-02  -4.36161E+03  -4.98773E+04  -4.12206E+04  -9.38792E+04  -1.54473E+05
   6.62012E-04   3.54999E-03   9.43534E-01   2.05311E-03   5.02010E-02  -5.50373E+03  -4.98773E+04  -4.12192E+04  -9.38734E+04  -1.54483E+05
   5.62012E-04   3.55035E-03   9.43628E-01   2.05331E-03   5.02061E-02  -6.83261E+03  -4.98774E+04  -4.12178E+04  -9.38676E+04  -1.54493E+05
   4.62012E-04   3.55070E-03   9.43723E-01   2.05352E-03   5.02111E-02  -8.42179E+03  -4.98774E+04  -4.12164E+04  -9.38618E+04  -1.54503E+05
   3.62012E-04   3.55106E-03   9.43817E-01   2.05372E-03   5.02161E-02  -1.03992E+04  -4.98774E+04  -4.12151E+04  -9.38560E+04  -1.54513E+05
   2.62012E-04   3.55141E-03   9.43912E-01   2.05393E-03   5.02211E-02  -1.30189E+04  -4.98775E+04  -4.12137E+04  -9.38502E+04  -1.54523E+05
   1.62012E-04   3.55177E-03   9.44006E-01   2.05413E-03   5.02262E-02  -1.69123E+04  -4.98775E+04  -4.12123E+04  -9.38444E+04  -1.54533E+05
   6.20121E-05   3.55212E-03   9.44100E-01   2.05434E-03   5.02312E-02  -2.46866E+04  -4.98775E+04  -4.12109E+04  -9.38386E+04  -1.54543E+05
   1.00000E-06   3.55234E-03   9.44158E-01   2.05446E-03   5.02342E-02  -5.80842E+04  -4.98776E+04  -4.12101E+04  -9.38351E+04  -1.54549E+05
