
 Phase Region for:
     FCC_A1                        
 col-1=X(C), col-2=X(CU), col-3=X(FE), col-4=X(MN), col-5=X(SI), col-6=MU(C), col-7=MU(CU), col-8=MU(FE), col-9=MU(MN), col-10=MU(SI),
   9.72763E-03   3.51779E-03   9.34974E-01   2.03448E-03   4.97456E-02  -1.61330E+04  -5.60812E+04  -4.09197E+04  -1.04416E+05  -1.51474E+05
   1.07276E-02   3.51423E-03   9.34030E-01   2.03243E-03   4.96954E-02  -1.52586E+04  -5.60111E+04  -4.09351E+04  -1.04461E+05  -1.51369E+05
   1.17276E-02   3.51068E-03   9.33086E-01   2.03037E-03   4.96452E-02  -1.44546E+04  -5.59412E+04  -4.09505E+04  -1.04506E+05  -1.51263E+05
   1.27276E-02   3.50713E-03   9.32142E-01   2.02832E-03   4.95949E-02  -1.37096E+04  -5.58716E+04  -4.09661E+04  -1.04551E+05  -1.51157E+05
   1.37276E-02   3.50358E-03   9.31198E-01   2.02626E-03   4.95447E-02  -1.30144E+04  -5.58023E+04  -4.09817E+04  -1.04597E+05  -1.51052E+05
   1.47276E-02   3.50002E-03   9.30254E-01   2.02421E-03   4.94945E-02  -1.23622E+04  -5.57332E+04  -4.09975E+04  -1.04643E+05  -1.50946E+05
   1.57276E-02   3.49647E-03   9.29310E-01   2.02215E-03   4.94442E-02  -1.17471E+04  -5.56643E+04  -4.10133E+04  -1.04689E+05  -1.50840E+05
   1.67276E-02   3.49292E-03   9.28365E-01   2.02010E-03   4.93940E-02  -1.11647E+04  -5.55958E+04  -4.10293E+04  -1.04735E+05  -1.50734E+05
   1.77276E-02   3.48937E-03   9.27421E-01   2.01804E-03   4.93438E-02  -1.06110E+04  -5.55275E+04  -4.10454E+04  -1.04781E+05  -1.50628E+05
   1.87276E-02   3.48582E-03   9.26477E-01   2.01599E-03   4.92935E-02  -1.00830E+04  -5.54594E+04  -4.10616E+04  -1.04827E+05  -1.50522E+05
   1.97276E-02   3.48226E-03   9.25533E-01   2.01394E-03   4.92433E-02  -9.57793E+03  -5.53917E+04  -4.10778E+04  -1.04874E+05  -1.50416E+05
   2.07276E-02   3.47871E-03   9.24589E-01   2.01188E-03   4.91931E-02  -9.09348E+03  -5.53242E+04  -4.10942E+04  -1.04920E+05  -1.50309E+05
   2.17276E-02   3.47516E-03   9.23645E-01   2.00983E-03   4.91428E-02  -8.62771E+03  -5.52570E+04  -4.11107E+04  -1.04967E+05  -1.50203E+05
   2.27276E-02   3.47161E-03   9.22700E-01   2.00777E-03   4.90926E-02  -8.17893E+03  -5.51900E+04  -4.11274E+04  -1.05014E+05  -1.50097E+05
   2.37276E-02   3.46805E-03   9.21756E-01   2.00572E-03   4.90424E-02  -7.74566E+03  -5.51234E+04  -4.11441E+04  -1.05061E+05  -1.49990E+05
   2.47276E-02   3.46450E-03   9.20812E-01   2.00366E-03   4.89921E-02  -7.32659E+03  -5.50570E+04  -4.11609E+04  -1.05108E+05  -1.49884E+05
   2.57276E-02   3.46095E-03   9.19868E-01   2.00161E-03   4.89419E-02  -6.92059E+03  -5.49909E+04  -4.11779E+04  -1.05156E+05  -1.49777E+05
   2.67276E-02   3.45740E-03   9.18924E-01   1.99955E-03   4.88916E-02  -6.52665E+03  -5.49250E+04  -4.11949E+04  -1.05203E+05  -1.49671E+05
   2.77276E-02   3.45384E-03   9.17980E-01   1.99750E-03   4.88414E-02  -6.14387E+03  -5.48595E+04  -4.12121E+04  -1.05251E+05  -1.49564E+05
   2.87276E-02   3.45029E-03   9.17035E-01   1.99545E-03   4.87912E-02  -5.77144E+03  -5.47943E+04  -4.12293E+04  -1.05299E+05  -1.49457E+05
   2.97276E-02   3.44674E-03   9.16091E-01   1.99339E-03   4.87409E-02  -5.40864E+03  -5.47293E+04  -4.12467E+04  -1.05347E+05  -1.49350E+05
   3.07276E-02   3.44319E-03   9.15147E-01   1.99134E-03   4.86907E-02  -5.05483E+03  -5.46647E+04  -4.12642E+04  -1.05395E+05  -1.49243E+05
   3.17276E-02   3.43964E-03   9.14203E-01   1.98928E-03   4.86405E-02  -4.70941E+03  -5.46003E+04  -4.12819E+04  -1.05444E+05  -1.49137E+05
   3.27276E-02   3.43608E-03   9.13259E-01   1.98723E-03   4.85902E-02  -4.37185E+03  -5.45362E+04  -4.12996E+04  -1.05492E+05  -1.49030E+05
   3.37276E-02   3.43253E-03   9.12315E-01   1.98517E-03   4.85400E-02  -4.04167E+03  -5.44725E+04  -4.13174E+04  -1.05541E+05  -1.48922E+05
   3.47276E-02   3.42898E-03   9.11371E-01   1.98312E-03   4.84898E-02  -3.71843E+03  -5.44090E+04  -4.13354E+04  -1.05590E+05  -1.48815E+05
   3.57276E-02   3.42543E-03   9.10426E-01   1.98106E-03   4.84395E-02  -3.40171E+03  -5.43458E+04  -4.13535E+04  -1.05639E+05  -1.48708E+05
   3.67276E-02   3.42187E-03   9.09482E-01   1.97901E-03   4.83893E-02  -3.09116E+03  -5.42830E+04  -4.13717E+04  -1.05688E+05  -1.48601E+05
   3.77276E-02   3.41832E-03   9.08538E-01   1.97695E-03   4.83391E-02  -2.78642E+03  -5.42204E+04  -4.13900E+04  -1.05738E+05  -1.48493E+05
   3.87276E-02   3.41477E-03   9.07594E-01   1.97490E-03   4.82888E-02  -2.48719E+03  -5.41582E+04  -4.14085E+04  -1.05787E+05  -1.48386E+05
   3.97276E-02   3.41122E-03   9.06650E-01   1.97285E-03   4.82386E-02  -2.19317E+03  -5.40963E+04  -4.14270E+04  -1.05837E+05  -1.48279E+05
   4.07276E-02   3.40766E-03   9.05706E-01   1.97079E-03   4.81884E-02  -1.90409E+03  -5.40347E+04  -4.14457E+04  -1.05887E+05  -1.48171E+05
   4.17276E-02   3.40411E-03   9.04761E-01   1.96874E-03   4.81381E-02  -1.61971E+03  -5.39734E+04  -4.14645E+04  -1.05937E+05  -1.48064E+05
   4.27276E-02   3.40056E-03   9.03817E-01   1.96668E-03   4.80879E-02  -1.33979E+03  -5.39124E+04  -4.14834E+04  -1.05987E+05  -1.47956E+05
   4.37276E-02   3.39701E-03   9.02873E-01   1.96463E-03   4.80377E-02  -1.06411E+03  -5.38518E+04  -4.15024E+04  -1.06037E+05  -1.47848E+05
   4.47276E-02   3.39345E-03   9.01929E-01   1.96257E-03   4.79874E-02  -7.92486E+02  -5.37915E+04  -4.15216E+04  -1.06088E+05  -1.47740E+05
   4.57276E-02   3.38990E-03   9.00985E-01   1.96052E-03   4.79372E-02  -5.24716E+02  -5.37315E+04  -4.15409E+04  -1.06139E+05  -1.47633E+05
   4.67276E-02   3.38635E-03   9.00041E-01   1.95846E-03   4.78870E-02  -2.60628E+02  -5.36718E+04  -4.15603E+04  -1.06190E+05  -1.47525E+05
   4.77276E-02   3.38280E-03   8.99096E-01   1.95641E-03   4.78367E-02  -5.73832E-02  -5.36125E+04  -4.15798E+04  -1.06241E+05  -1.47417E+05
   4.87276E-02   3.37925E-03   8.98152E-01   1.95436E-03   4.77865E-02   2.57150E+02  -5.35535E+04  -4.15995E+04  -1.06292E+05  -1.47309E+05
   4.97276E-02   3.37569E-03   8.97208E-01   1.95230E-03   4.77363E-02   5.11139E+02  -5.34949E+04  -4.16193E+04  -1.06343E+05  -1.47201E+05
   5.07276E-02   3.37214E-03   8.96264E-01   1.95025E-03   4.76860E-02   7.62046E+02  -5.34366E+04  -4.16392E+04  -1.06395E+05  -1.47093E+05
   5.17276E-02   3.36859E-03   8.95320E-01   1.94819E-03   4.76358E-02   1.01000E+03  -5.33786E+04  -4.16592E+04  -1.06447E+05  -1.46985E+05
   5.27276E-02   3.36504E-03   8.94376E-01   1.94614E-03   4.75856E-02   1.25512E+03  -5.33210E+04  -4.16794E+04  -1.06499E+05  -1.46876E+05
   5.37276E-02   3.36148E-03   8.93431E-01   1.94408E-03   4.75353E-02   1.49752E+03  -5.32637E+04  -4.16997E+04  -1.06551E+05  -1.46768E+05
   5.47276E-02   3.35793E-03   8.92487E-01   1.94203E-03   4.74851E-02   1.73732E+03  -5.32068E+04  -4.17201E+04  -1.06603E+05  -1.46660E+05
   5.57276E-02   3.35438E-03   8.91543E-01   1.93997E-03   4.74349E-02   1.97460E+03  -5.31503E+04  -4.17407E+04  -1.06656E+05  -1.46551E+05
   5.67276E-02   3.35083E-03   8.90599E-01   1.93792E-03   4.73846E-02   2.20948E+03  -5.30941E+04  -4.17614E+04  -1.06709E+05  -1.46443E+05
   5.77276E-02   3.34727E-03   8.89655E-01   1.93587E-03   4.73344E-02   2.44203E+03  -5.30382E+04  -4.17822E+04  -1.06761E+05  -1.46334E+05
   5.87276E-02   3.34372E-03   8.88711E-01   1.93381E-03   4.72841E-02   2.67236E+03  -5.29828E+04  -4.18031E+04  -1.06814E+05  -1.46226E+05
   5.97276E-02   3.34017E-03   8.87767E-01   1.93176E-03   4.72339E-02   2.90053E+03  -5.29276E+04  -4.18242E+04  -1.06868E+05  -1.46117E+05
   6.07276E-02   3.33662E-03   8.86822E-01   1.92970E-03   4.71837E-02   3.12625E+03  -5.28729E+04  -4.18454E+04  -1.06921E+05  -1.46008E+05
   6.17276E-02   3.33306E-03   8.85878E-01   1.92765E-03   4.71334E-02   3.35028E+03  -5.28185E+04  -4.18668E+04  -1.06974E+05  -1.45900E+05
   6.27276E-02   3.32951E-03   8.84934E-01   1.92559E-03   4.70832E-02   3.57237E+03  -5.27645E+04  -4.18882E+04  -1.07028E+05  -1.45791E+05
   6.37276E-02   3.32596E-03   8.83990E-01   1.92354E-03   4.70330E-02   3.79259E+03  -5.27108E+04  -4.19099E+04  -1.07082E+05  -1.45682E+05
   6.47276E-02   3.32241E-03   8.83046E-01   1.92148E-03   4.69827E-02   4.01100E+03  -5.26576E+04  -4.19316E+04  -1.07136E+05  -1.45573E+05
   6.57276E-02   3.31886E-03   8.82102E-01   1.91943E-03   4.69325E-02   4.22767E+03  -5.26047E+04  -4.19535E+04  -1.07190E+05  -1.45464E+05
   6.67276E-02   3.31530E-03   8.81157E-01   1.91738E-03   4.68823E-02   4.44265E+03  -5.25522E+04  -4.19755E+04  -1.07244E+05  -1.45355E+05
   6.77276E-02   3.31175E-03   8.80213E-01   1.91532E-03   4.68320E-02   4.65600E+03  -5.25001E+04  -4.19977E+04  -1.07299E+05  -1.45246E+05
   6.87276E-02   3.30820E-03   8.79269E-01   1.91327E-03   4.67818E-02   4.86777E+03  -5.24483E+04  -4.20200E+04  -1.07354E+05  -1.45137E+05
   6.97276E-02   3.30465E-03   8.78325E-01   1.91121E-03   4.67316E-02   5.07801E+03  -5.23970E+04  -4.20424E+04  -1.07409E+05  -1.45028E+05
   7.07276E-02   3.30109E-03   8.77381E-01   1.90916E-03   4.66813E-02   5.28677E+03  -5.23461E+04  -4.20650E+04  -1.07464E+05  -1.44919E+05
   7.17276E-02   3.29754E-03   8.76437E-01   1.90710E-03   4.66311E-02   5.49410E+03  -5.22955E+04  -4.20877E+04  -1.07519E+05  -1.44810E+05
   7.27276E-02   3.29399E-03   8.75492E-01   1.90505E-03   4.65809E-02   5.70003E+03  -5.22454E+04  -4.21106E+04  -1.07574E+05  -1.44700E+05
   7.37276E-02   3.29044E-03   8.74548E-01   1.90299E-03   4.65306E-02   5.90462E+03  -5.21956E+04  -4.21336E+04  -1.07630E+05  -1.44591E+05
   7.47276E-02   3.28688E-03   8.73604E-01   1.90094E-03   4.64804E-02   6.10790E+03  -5.21463E+04  -4.21568E+04  -1.07686E+05  -1.44482E+05
   7.57276E-02   3.28333E-03   8.72660E-01   1.89889E-03   4.64302E-02   6.30991E+03  -5.20973E+04  -4.21801E+04  -1.07741E+05  -1.44372E+05
   7.67276E-02   3.27978E-03   8.71716E-01   1.89683E-03   4.63799E-02   6.51069E+03  -5.20488E+04  -4.22035E+04  -1.07798E+05  -1.44263E+05
   7.77276E-02   3.27623E-03   8.70772E-01   1.89478E-03   4.63297E-02   6.71028E+03  -5.20007E+04  -4.22271E+04  -1.07854E+05  -1.44153E+05
   7.87276E-02   3.27267E-03   8.69828E-01   1.89272E-03   4.62795E-02   6.90870E+03  -5.19530E+04  -4.22508E+04  -1.07910E+05  -1.44043E+05
   7.97276E-02   3.26912E-03   8.68883E-01   1.89067E-03   4.62292E-02   7.10600E+03  -5.19057E+04  -4.22747E+04  -1.07967E+05  -1.43934E+05
   8.07276E-02   3.26557E-03   8.67939E-01   1.88861E-03   4.61790E-02   7.30220E+03  -5.18588E+04  -4.22987E+04  -1.08023E+05  -1.43824E+05
   8.17276E-02   3.26202E-03   8.66995E-01   1.88656E-03   4.61288E-02   7.49734E+03  -5.18124E+04  -4.23228E+04  -1.08080E+05  -1.43714E+05
   8.27276E-02   3.25847E-03   8.66051E-01   1.88450E-03   4.60785E-02   7.69144E+03  -5.17664E+04  -4.23471E+04  -1.08137E+05  -1.43604E+05
   8.37276E-02   3.25491E-03   8.65107E-01   1.88245E-03   4.60283E-02   7.88453E+03  -5.17208E+04  -4.23716E+04  -1.08194E+05  -1.43495E+05
   8.47276E-02   3.25136E-03   8.64163E-01   1.88040E-03   4.59781E-02   8.07664E+03  -5.16756E+04  -4.23962E+04  -1.08252E+05  -1.43385E+05
   8.57276E-02   3.24781E-03   8.63218E-01   1.87834E-03   4.59278E-02   8.26781E+03  -5.16309E+04  -4.24210E+04  -1.08309E+05  -1.43275E+05
   8.67276E-02   3.24426E-03   8.62274E-01   1.87629E-03   4.58776E-02   8.45804E+03  -5.15866E+04  -4.24459E+04  -1.08367E+05  -1.43165E+05
   8.77276E-02   3.24070E-03   8.61330E-01   1.87423E-03   4.58274E-02   8.64737E+03  -5.15427E+04  -4.24709E+04  -1.08424E+05  -1.43055E+05
   8.87276E-02   3.23715E-03   8.60386E-01   1.87218E-03   4.57771E-02   8.83582E+03  -5.14993E+04  -4.24961E+04  -1.08482E+05  -1.42945E+05
   8.97276E-02   3.23360E-03   8.59442E-01   1.87012E-03   4.57269E-02   9.02341E+03  -5.14564E+04  -4.25215E+04  -1.08540E+05  -1.42834E+05
   9.07276E-02   3.23005E-03   8.58498E-01   1.86807E-03   4.56767E-02   9.21017E+03  -5.14138E+04  -4.25470E+04  -1.08598E+05  -1.42724E+05
   9.17276E-02   3.22649E-03   8.57553E-01   1.86601E-03   4.56264E-02   9.39612E+03  -5.13718E+04  -4.25727E+04  -1.08657E+05  -1.42614E+05
   9.27276E-02   3.22294E-03   8.56609E-01   1.86396E-03   4.55762E-02   9.58127E+03  -5.13302E+04  -4.25985E+04  -1.08715E+05  -1.42504E+05
   9.37276E-02   3.21939E-03   8.55665E-01   1.86190E-03   4.55259E-02   9.76565E+03  -5.12890E+04  -4.26245E+04  -1.08774E+05  -1.42393E+05
   9.47276E-02   3.21584E-03   8.54721E-01   1.85985E-03   4.54757E-02   9.94928E+03  -5.12483E+04  -4.26506E+04  -1.08832E+05  -1.42283E+05
   9.57276E-02   3.21229E-03   8.53777E-01   1.85780E-03   4.54255E-02   1.01322E+04  -5.12080E+04  -4.26769E+04  -1.08891E+05  -1.42172E+05
   9.67276E-02   3.20873E-03   8.52833E-01   1.85574E-03   4.53752E-02   1.03143E+04  -5.11683E+04  -4.27034E+04  -1.08950E+05  -1.42062E+05
   9.77276E-02   3.20518E-03   8.51888E-01   1.85369E-03   4.53250E-02   1.04958E+04  -5.11289E+04  -4.27300E+04  -1.09009E+05  -1.41951E+05
   9.87276E-02   3.20163E-03   8.50944E-01   1.85163E-03   4.52748E-02   1.06766E+04  -5.10901E+04  -4.27567E+04  -1.09068E+05  -1.41841E+05
   9.97276E-02   3.19808E-03   8.50000E-01   1.84958E-03   4.52245E-02   1.08567E+04  -5.10517E+04  -4.27836E+04  -1.09128E+05  -1.41730E+05
   1.00728E-01   3.19452E-03   8.49056E-01   1.84752E-03   4.51743E-02   1.10362E+04  -5.10138E+04  -4.28107E+04  -1.09187E+05  -1.41619E+05
   1.01728E-01   3.19097E-03   8.48112E-01   1.84547E-03   4.51241E-02   1.12151E+04  -5.09764E+04  -4.28380E+04  -1.09247E+05  -1.41508E+05
   1.02728E-01   3.18742E-03   8.47168E-01   1.84341E-03   4.50738E-02   1.13933E+04  -5.09394E+04  -4.28654E+04  -1.09307E+05  -1.41398E+05
   1.03728E-01   3.18387E-03   8.46224E-01   1.84136E-03   4.50236E-02   1.15709E+04  -5.09030E+04  -4.28929E+04  -1.09366E+05  -1.41287E+05
   1.04728E-01   3.18031E-03   8.45279E-01   1.83931E-03   4.49734E-02   1.17480E+04  -5.08670E+04  -4.29206E+04  -1.09426E+05  -1.41176E+05
   1.05728E-01   3.17676E-03   8.44335E-01   1.83725E-03   4.49231E-02   1.19244E+04  -5.08315E+04  -4.29485E+04  -1.09486E+05  -1.41065E+05
   1.06728E-01   3.17321E-03   8.43391E-01   1.83520E-03   4.48729E-02   1.21003E+04  -5.07965E+04  -4.29766E+04  -1.09547E+05  -1.40954E+05
   1.07728E-01   3.16966E-03   8.42447E-01   1.83314E-03   4.48227E-02   1.22757E+04  -5.07620E+04  -4.30048E+04  -1.09607E+05  -1.40843E+05
   1.08728E-01   3.16610E-03   8.41503E-01   1.83109E-03   4.47724E-02   1.24505E+04  -5.07280E+04  -4.30332E+04  -1.09667E+05  -1.40731E+05
   1.09728E-01   3.16255E-03   8.40559E-01   1.82903E-03   4.47222E-02   1.26247E+04  -5.06945E+04  -4.30617E+04  -1.09728E+05  -1.40620E+05
   1.10728E-01   3.15900E-03   8.39614E-01   1.82698E-03   4.46720E-02   1.27985E+04  -5.06615E+04  -4.30904E+04  -1.09788E+05  -1.40509E+05
   1.11728E-01   3.15545E-03   8.38670E-01   1.82492E-03   4.46217E-02   1.29718E+04  -5.06290E+04  -4.31193E+04  -1.09849E+05  -1.40398E+05
   1.12728E-01   3.15190E-03   8.37726E-01   1.82287E-03   4.45715E-02   1.31446E+04  -5.05970E+04  -4.31484E+04  -1.09910E+05  -1.40286E+05
   1.13728E-01   3.14834E-03   8.36782E-01   1.82082E-03   4.45213E-02   1.33169E+04  -5.05656E+04  -4.31776E+04  -1.09971E+05  -1.40175E+05
   1.14728E-01   3.14479E-03   8.35838E-01   1.81876E-03   4.44710E-02   1.34887E+04  -5.05346E+04  -4.32070E+04  -1.10032E+05  -1.40063E+05
   1.15728E-01   3.14124E-03   8.34894E-01   1.81671E-03   4.44208E-02   1.36601E+04  -5.05042E+04  -4.32365E+04  -1.10093E+05  -1.39952E+05
   1.16728E-01   3.13769E-03   8.33949E-01   1.81465E-03   4.43706E-02   1.38310E+04  -5.04742E+04  -4.32662E+04  -1.10154E+05  -1.39840E+05
   1.17728E-01   3.13413E-03   8.33005E-01   1.81260E-03   4.43203E-02   1.40016E+04  -5.04448E+04  -4.32961E+04  -1.10216E+05  -1.39729E+05
   1.18728E-01   3.13058E-03   8.32061E-01   1.81054E-03   4.42701E-02   1.41716E+04  -5.04160E+04  -4.33262E+04  -1.10277E+05  -1.39617E+05
   1.19728E-01   3.12703E-03   8.31117E-01   1.80849E-03   4.42199E-02   1.43413E+04  -5.03876E+04  -4.33565E+04  -1.10338E+05  -1.39505E+05
   1.20728E-01   3.12348E-03   8.30173E-01   1.80643E-03   4.41696E-02   1.45106E+04  -5.03598E+04  -4.33869E+04  -1.10400E+05  -1.39393E+05
   1.21728E-01   3.11992E-03   8.29229E-01   1.80438E-03   4.41194E-02   1.46794E+04  -5.03325E+04  -4.34175E+04  -1.10462E+05  -1.39282E+05
   1.22728E-01   3.11637E-03   8.28285E-01   1.80233E-03   4.40692E-02   1.48479E+04  -5.03058E+04  -4.34482E+04  -1.10523E+05  -1.39170E+05
   1.23728E-01   3.11282E-03   8.27340E-01   1.80027E-03   4.40189E-02   1.50160E+04  -5.02796E+04  -4.34792E+04  -1.10585E+05  -1.39058E+05
   1.24728E-01   3.10927E-03   8.26396E-01   1.79822E-03   4.39687E-02   1.51837E+04  -5.02540E+04  -4.35103E+04  -1.10647E+05  -1.38946E+05
   1.25728E-01   3.10571E-03   8.25452E-01   1.79616E-03   4.39185E-02   1.53511E+04  -5.02289E+04  -4.35416E+04  -1.10709E+05  -1.38834E+05
   1.26728E-01   3.10216E-03   8.24508E-01   1.79411E-03   4.38682E-02   1.55181E+04  -5.02043E+04  -4.35731E+04  -1.10771E+05  -1.38721E+05
   1.27728E-01   3.09861E-03   8.23564E-01   1.79205E-03   4.38180E-02   1.56848E+04  -5.01803E+04  -4.36048E+04  -1.10833E+05  -1.38609E+05
   1.28728E-01   3.09506E-03   8.22620E-01   1.79000E-03   4.37677E-02   1.58512E+04  -5.01569E+04  -4.36366E+04  -1.10895E+05  -1.38497E+05
   1.29728E-01   3.09151E-03   8.21675E-01   1.78794E-03   4.37175E-02   1.60172E+04  -5.01340E+04  -4.36686E+04  -1.10958E+05  -1.38385E+05
   1.30728E-01   3.08795E-03   8.20731E-01   1.78589E-03   4.36673E-02   1.61829E+04  -5.01117E+04  -4.37008E+04  -1.11020E+05  -1.38272E+05
   1.31728E-01   3.08440E-03   8.19787E-01   1.78384E-03   4.36170E-02   1.63483E+04  -5.00900E+04  -4.37332E+04  -1.11083E+05  -1.38160E+05
   1.32728E-01   3.08085E-03   8.18843E-01   1.78178E-03   4.35668E-02   1.65134E+04  -5.00688E+04  -4.37658E+04  -1.11145E+05  -1.38047E+05
   1.33728E-01   3.07730E-03   8.17899E-01   1.77973E-03   4.35166E-02   1.66782E+04  -5.00482E+04  -4.37985E+04  -1.11208E+05  -1.37935E+05
   1.34728E-01   3.07374E-03   8.16955E-01   1.77767E-03   4.34663E-02   1.68427E+04  -5.00282E+04  -4.38315E+04  -1.11270E+05  -1.37822E+05
   1.35728E-01   3.07019E-03   8.16010E-01   1.77562E-03   4.34161E-02   1.70069E+04  -5.00087E+04  -4.38646E+04  -1.11333E+05  -1.37709E+05
   1.36728E-01   3.06664E-03   8.15066E-01   1.77356E-03   4.33659E-02   1.71709E+04  -4.99899E+04  -4.38979E+04  -1.11396E+05  -1.37597E+05
   1.37728E-01   3.06309E-03   8.14122E-01   1.77151E-03   4.33156E-02   1.73346E+04  -4.99716E+04  -4.39315E+04  -1.11459E+05  -1.37484E+05
   1.38728E-01   3.05953E-03   8.13178E-01   1.76945E-03   4.32654E-02   1.74980E+04  -4.99540E+04  -4.39652E+04  -1.11521E+05  -1.37371E+05
   1.39728E-01   3.05598E-03   8.12234E-01   1.76740E-03   4.32152E-02   1.76612E+04  -4.99369E+04  -4.39991E+04  -1.11584E+05  -1.37258E+05
   1.40728E-01   3.05243E-03   8.11290E-01   1.76535E-03   4.31649E-02   1.78242E+04  -4.99204E+04  -4.40331E+04  -1.11647E+05  -1.37145E+05
   1.41728E-01   3.04888E-03   8.10346E-01   1.76329E-03   4.31147E-02   1.79869E+04  -4.99045E+04  -4.40674E+04  -1.11710E+05  -1.37032E+05
   1.42728E-01   3.04533E-03   8.09401E-01   1.76124E-03   4.30645E-02   1.81494E+04  -4.98893E+04  -4.41019E+04  -1.11774E+05  -1.36919E+05
   1.43728E-01   3.04177E-03   8.08457E-01   1.75918E-03   4.30142E-02   1.83117E+04  -4.98746E+04  -4.41366E+04  -1.11837E+05  -1.36806E+05
   1.44728E-01   3.03822E-03   8.07513E-01   1.75713E-03   4.29640E-02   1.84738E+04  -4.98606E+04  -4.41714E+04  -1.11900E+05  -1.36692E+05
   1.45728E-01   3.03467E-03   8.06569E-01   1.75507E-03   4.29138E-02   1.86356E+04  -4.98472E+04  -4.42065E+04  -1.11963E+05  -1.36579E+05
   1.46728E-01   3.03112E-03   8.05625E-01   1.75302E-03   4.28635E-02   1.87973E+04  -4.98344E+04  -4.42418E+04  -1.12027E+05  -1.36466E+05
   1.47728E-01   3.02756E-03   8.04681E-01   1.75096E-03   4.28133E-02   1.89587E+04  -4.98222E+04  -4.42772E+04  -1.12090E+05  -1.36352E+05
   1.48728E-01   3.02401E-03   8.03736E-01   1.74891E-03   4.27631E-02   1.91200E+04  -4.98106E+04  -4.43129E+04  -1.12153E+05  -1.36239E+05
   1.49728E-01   3.02046E-03   8.02792E-01   1.74685E-03   4.27128E-02   1.92811E+04  -4.97997E+04  -4.43488E+04  -1.12217E+05  -1.36125E+05
   1.50728E-01   3.01691E-03   8.01848E-01   1.74480E-03   4.26626E-02   1.94421E+04  -4.97895E+04  -4.43849E+04  -1.12281E+05  -1.36011E+05
   1.51728E-01   3.01335E-03   8.00904E-01   1.74275E-03   4.26124E-02   1.96028E+04  -4.97798E+04  -4.44211E+04  -1.12344E+05  -1.35898E+05
   1.52728E-01   3.00980E-03   7.99960E-01   1.74069E-03   4.25621E-02   1.97634E+04  -4.97708E+04  -4.44576E+04  -1.12408E+05  -1.35784E+05
   1.53728E-01   3.00625E-03   7.99016E-01   1.73864E-03   4.25119E-02   1.99239E+04  -4.97625E+04  -4.44943E+04  -1.12472E+05  -1.35670E+05
   1.54728E-01   3.00270E-03   7.98071E-01   1.73658E-03   4.24617E-02   2.00842E+04  -4.97548E+04  -4.45312E+04  -1.12535E+05  -1.35556E+05
   1.55728E-01   2.99914E-03   7.97127E-01   1.73453E-03   4.24114E-02   2.02444E+04  -4.97478E+04  -4.45684E+04  -1.12599E+05  -1.35442E+05
   1.56728E-01   2.99559E-03   7.96183E-01   1.73247E-03   4.23612E-02   2.04044E+04  -4.97415E+04  -4.46057E+04  -1.12663E+05  -1.35328E+05
   1.57728E-01   2.99204E-03   7.95239E-01   1.73042E-03   4.23110E-02   2.05644E+04  -4.97358E+04  -4.46433E+04  -1.12727E+05  -1.35214E+05
   1.58728E-01   2.98849E-03   7.94295E-01   1.72836E-03   4.22607E-02   2.07242E+04  -4.97308E+04  -4.46810E+04  -1.12791E+05  -1.35100E+05
   1.59728E-01   2.98494E-03   7.93351E-01   1.72631E-03   4.22105E-02   2.08839E+04  -4.97264E+04  -4.47190E+04  -1.12855E+05  -1.34986E+05
   1.60728E-01   2.98138E-03   7.92406E-01   1.72426E-03   4.21603E-02   2.10434E+04  -4.97228E+04  -4.47572E+04  -1.12919E+05  -1.34872E+05
   1.61728E-01   2.97783E-03   7.91462E-01   1.72220E-03   4.21100E-02   2.12029E+04  -4.97198E+04  -4.47956E+04  -1.12983E+05  -1.34758E+05
   1.62728E-01   2.97428E-03   7.90518E-01   1.72015E-03   4.20598E-02   2.13623E+04  -4.97175E+04  -4.48343E+04  -1.13048E+05  -1.34643E+05
   1.63728E-01   2.97073E-03   7.89574E-01   1.71809E-03   4.20095E-02   2.15217E+04  -4.97159E+04  -4.48731E+04  -1.13112E+05  -1.34529E+05
   1.64728E-01   2.96717E-03   7.88630E-01   1.71604E-03   4.19593E-02   2.16809E+04  -4.97151E+04  -4.49122E+04  -1.13176E+05  -1.34414E+05
   1.65728E-01   2.96362E-03   7.87686E-01   1.71398E-03   4.19091E-02   2.18401E+04  -4.97149E+04  -4.49516E+04  -1.13241E+05  -1.34300E+05
   1.66728E-01   2.96007E-03   7.86742E-01   1.71193E-03   4.18588E-02   2.19992E+04  -4.97154E+04  -4.49911E+04  -1.13305E+05  -1.34185E+05
   1.67728E-01   2.95652E-03   7.85797E-01   1.70987E-03   4.18086E-02   2.21582E+04  -4.97167E+04  -4.50309E+04  -1.13370E+05  -1.34070E+05
   1.68728E-01   2.95296E-03   7.84853E-01   1.70782E-03   4.17584E-02   2.23172E+04  -4.97187E+04  -4.50709E+04  -1.13434E+05  -1.33956E+05
   1.69728E-01   2.94941E-03   7.83909E-01   1.70577E-03   4.17081E-02   2.24762E+04  -4.97214E+04  -4.51112E+04  -1.13499E+05  -1.33841E+05
   1.70728E-01   2.94586E-03   7.82965E-01   1.70371E-03   4.16579E-02   2.26351E+04  -4.97248E+04  -4.51516E+04  -1.13564E+05  -1.33726E+05
   1.71728E-01   2.94231E-03   7.82021E-01   1.70166E-03   4.16077E-02   2.27940E+04  -4.97290E+04  -4.51924E+04  -1.13629E+05  -1.33611E+05
   1.72728E-01   2.93875E-03   7.81077E-01   1.69960E-03   4.15574E-02   2.29528E+04  -4.97339E+04  -4.52333E+04  -1.13694E+05  -1.33496E+05
   1.73728E-01   2.93520E-03   7.80132E-01   1.69755E-03   4.15072E-02   2.31117E+04  -4.97395E+04  -4.52745E+04  -1.13759E+05  -1.33381E+05
   1.74728E-01   2.93165E-03   7.79188E-01   1.69549E-03   4.14570E-02   2.32705E+04  -4.97460E+04  -4.53160E+04  -1.13824E+05  -1.33266E+05
   1.75728E-01   2.92810E-03   7.78244E-01   1.69344E-03   4.14067E-02   2.34294E+04  -4.97531E+04  -4.53577E+04  -1.13889E+05  -1.33151E+05
   1.76728E-01   2.92455E-03   7.77300E-01   1.69138E-03   4.13565E-02   2.35882E+04  -4.97611E+04  -4.53996E+04  -1.13954E+05  -1.33036E+05
   1.77728E-01   2.92099E-03   7.76356E-01   1.68933E-03   4.13063E-02   2.37470E+04  -4.97698E+04  -4.54418E+04  -1.14019E+05  -1.32921E+05
   1.78728E-01   2.91744E-03   7.75412E-01   1.68728E-03   4.12560E-02   2.39059E+04  -4.97793E+04  -4.54843E+04  -1.14085E+05  -1.32806E+05
   1.79728E-01   2.91389E-03   7.74467E-01   1.68522E-03   4.12058E-02   2.40648E+04  -4.97896E+04  -4.55270E+04  -1.14150E+05  -1.32690E+05
   1.80728E-01   2.91034E-03   7.73523E-01   1.68317E-03   4.11556E-02   2.42237E+04  -4.98006E+04  -4.55699E+04  -1.14216E+05  -1.32575E+05
   1.81728E-01   2.90678E-03   7.72579E-01   1.68111E-03   4.11053E-02   2.43827E+04  -4.98125E+04  -4.56131E+04  -1.14281E+05  -1.32460E+05
   1.82728E-01   2.90323E-03   7.71635E-01   1.67906E-03   4.10551E-02   2.45417E+04  -4.98252E+04  -4.56566E+04  -1.14347E+05  -1.32344E+05
   1.83728E-01   2.89968E-03   7.70691E-01   1.67700E-03   4.10049E-02   2.47007E+04  -4.98387E+04  -4.57004E+04  -1.14413E+05  -1.32229E+05
   1.84728E-01   2.89613E-03   7.69747E-01   1.67495E-03   4.09546E-02   2.48598E+04  -4.98529E+04  -4.57444E+04  -1.14479E+05  -1.32113E+05
   1.85728E-01   2.89257E-03   7.68803E-01   1.67289E-03   4.09044E-02   2.50190E+04  -4.98681E+04  -4.57886E+04  -1.14545E+05  -1.31998E+05
   1.86728E-01   2.88902E-03   7.67858E-01   1.67084E-03   4.08542E-02   2.51782E+04  -4.98840E+04  -4.58332E+04  -1.14611E+05  -1.31882E+05
   1.87728E-01   2.88547E-03   7.66914E-01   1.66879E-03   4.08039E-02   2.53376E+04  -4.99008E+04  -4.58780E+04  -1.14677E+05  -1.31766E+05
   1.88728E-01   2.88192E-03   7.65970E-01   1.66673E-03   4.07537E-02   2.54970E+04  -4.99184E+04  -4.59231E+04  -1.14744E+05  -1.31651E+05
   1.89728E-01   2.87836E-03   7.65026E-01   1.66468E-03   4.07035E-02   2.56565E+04  -4.99369E+04  -4.59685E+04  -1.14810E+05  -1.31535E+05
   1.90728E-01   2.87481E-03   7.64082E-01   1.66262E-03   4.06532E-02   2.58161E+04  -4.99562E+04  -4.60141E+04  -1.14877E+05  -1.31419E+05
   1.91728E-01   2.87126E-03   7.63138E-01   1.66057E-03   4.06030E-02   2.59758E+04  -4.99764E+04  -4.60600E+04  -1.14944E+05  -1.31304E+05
   1.92728E-01   2.86771E-03   7.62193E-01   1.65851E-03   4.05528E-02   2.61356E+04  -4.99974E+04  -4.61063E+04  -1.15011E+05  -1.31188E+05
   1.93728E-01   2.86416E-03   7.61249E-01   1.65646E-03   4.05025E-02   2.62956E+04  -5.00194E+04  -4.61528E+04  -1.15078E+05  -1.31072E+05
   1.94728E-01   2.86060E-03   7.60305E-01   1.65440E-03   4.04523E-02   2.64556E+04  -5.00422E+04  -4.61996E+04  -1.15145E+05  -1.30956E+05
   1.95728E-01   2.85705E-03   7.59361E-01   1.65235E-03   4.04021E-02   2.66158E+04  -5.00659E+04  -4.62467E+04  -1.15212E+05  -1.30840E+05
   1.96728E-01   2.85350E-03   7.58417E-01   1.65030E-03   4.03518E-02   2.67762E+04  -5.00905E+04  -4.62940E+04  -1.15280E+05  -1.30724E+05
   1.97728E-01   2.84995E-03   7.57473E-01   1.64824E-03   4.03016E-02   2.69367E+04  -5.01160E+04  -4.63417E+04  -1.15347E+05  -1.30608E+05
   1.98728E-01   2.84639E-03   7.56528E-01   1.64619E-03   4.02513E-02   2.70973E+04  -5.01425E+04  -4.63897E+04  -1.15415E+05  -1.30492E+05
   1.99728E-01   2.84284E-03   7.55584E-01   1.64413E-03   4.02011E-02   2.72581E+04  -5.01698E+04  -4.64380E+04  -1.15483E+05  -1.30377E+05
   2.00728E-01   2.83929E-03   7.54640E-01   1.64208E-03   4.01509E-02   2.74191E+04  -5.01981E+04  -4.64866E+04  -1.15551E+05  -1.30261E+05
   2.01728E-01   2.83574E-03   7.53696E-01   1.64002E-03   4.01006E-02   2.75803E+04  -5.02274E+04  -4.65355E+04  -1.15619E+05  -1.30145E+05
   2.02728E-01   2.83218E-03   7.52752E-01   1.63797E-03   4.00504E-02   2.77416E+04  -5.02575E+04  -4.65847E+04  -1.15688E+05  -1.30029E+05
   2.03728E-01   2.82863E-03   7.51808E-01   1.63591E-03   4.00002E-02   2.79032E+04  -5.02887E+04  -4.66343E+04  -1.15756E+05  -1.29913E+05
   2.04728E-01   2.82508E-03   7.50863E-01   1.63386E-03   3.99499E-02   2.80649E+04  -5.03208E+04  -4.66841E+04  -1.15825E+05  -1.29797E+05
   2.05728E-01   2.82153E-03   7.49919E-01   1.63180E-03   3.98997E-02   2.82268E+04  -5.03539E+04  -4.67343E+04  -1.15894E+05  -1.29681E+05
   2.06728E-01   2.81798E-03   7.48975E-01   1.62975E-03   3.98495E-02   2.83890E+04  -5.03879E+04  -4.67848E+04  -1.15963E+05  -1.29565E+05
   2.07728E-01   2.81442E-03   7.48031E-01   1.62770E-03   3.97992E-02   2.85513E+04  -5.04230E+04  -4.68357E+04  -1.16033E+05  -1.29449E+05
   2.08728E-01   2.81087E-03   7.47087E-01   1.62564E-03   3.97490E-02   2.87139E+04  -5.04590E+04  -4.68869E+04  -1.16102E+05  -1.29333E+05
   2.09728E-01   2.80732E-03   7.46143E-01   1.62359E-03   3.96988E-02   2.88767E+04  -5.04961E+04  -4.69384E+04  -1.16172E+05  -1.29217E+05
   2.10728E-01   2.80377E-03   7.45199E-01   1.62153E-03   3.96485E-02   2.90398E+04  -5.05341E+04  -4.69902E+04  -1.16242E+05  -1.29101E+05
   2.11728E-01   2.80021E-03   7.44254E-01   1.61948E-03   3.95983E-02   2.92031E+04  -5.05732E+04  -4.70424E+04  -1.16312E+05  -1.28985E+05
   2.12728E-01   2.79666E-03   7.43310E-01   1.61742E-03   3.95481E-02   2.93667E+04  -5.06133E+04  -4.70949E+04  -1.16383E+05  -1.28869E+05
   2.13728E-01   2.79311E-03   7.42366E-01   1.61537E-03   3.94978E-02   2.95305E+04  -5.06545E+04  -4.71478E+04  -1.16454E+05  -1.28753E+05
   2.14728E-01   2.78956E-03   7.41422E-01   1.61331E-03   3.94476E-02   2.96946E+04  -5.06967E+04  -4.72010E+04  -1.16524E+05  -1.28637E+05
   2.15728E-01   2.78600E-03   7.40478E-01   1.61126E-03   3.93974E-02   2.98589E+04  -5.07400E+04  -4.72546E+04  -1.16596E+05  -1.28521E+05
   2.16728E-01   2.78245E-03   7.39534E-01   1.60921E-03   3.93471E-02   3.00236E+04  -5.07844E+04  -4.73086E+04  -1.16667E+05  -1.28406E+05
   2.17728E-01   2.77890E-03   7.38589E-01   1.60715E-03   3.92969E-02   3.01885E+04  -5.08298E+04  -4.73629E+04  -1.16739E+05  -1.28290E+05
   2.18728E-01   2.77535E-03   7.37645E-01   1.60510E-03   3.92467E-02   3.03537E+04  -5.08763E+04  -4.74175E+04  -1.16811E+05  -1.28174E+05
   2.19728E-01   2.77179E-03   7.36701E-01   1.60304E-03   3.91964E-02   3.05192E+04  -5.09240E+04  -4.74726E+04  -1.16883E+05  -1.28058E+05
   2.20728E-01   2.76824E-03   7.35757E-01   1.60099E-03   3.91462E-02   3.06851E+04  -5.09727E+04  -4.75280E+04  -1.16955E+05  -1.27943E+05
   2.21728E-01   2.76469E-03   7.34813E-01   1.59893E-03   3.90960E-02   3.08512E+04  -5.10226E+04  -4.75838E+04  -1.17028E+05  -1.27827E+05
   2.22728E-01   2.76114E-03   7.33869E-01   1.59688E-03   3.90457E-02   3.10177E+04  -5.10736E+04  -4.76400E+04  -1.17101E+05  -1.27712E+05
   2.23728E-01   2.75759E-03   7.32924E-01   1.59482E-03   3.89955E-02   3.11845E+04  -5.11257E+04  -4.76965E+04  -1.17174E+05  -1.27596E+05
   2.24728E-01   2.75403E-03   7.31980E-01   1.59277E-03   3.89453E-02   3.13516E+04  -5.11790E+04  -4.77535E+04  -1.17248E+05  -1.27481E+05
   2.25728E-01   2.75048E-03   7.31036E-01   1.59072E-03   3.88950E-02   3.15191E+04  -5.12334E+04  -4.78108E+04  -1.17322E+05  -1.27365E+05
   2.26728E-01   2.74693E-03   7.30092E-01   1.58866E-03   3.88448E-02   3.16869E+04  -5.12890E+04  -4.78685E+04  -1.17396E+05  -1.27250E+05
   2.27728E-01   2.74338E-03   7.29148E-01   1.58661E-03   3.87946E-02   3.18550E+04  -5.13458E+04  -4.79267E+04  -1.17470E+05  -1.27135E+05
   2.28728E-01   2.73982E-03   7.28204E-01   1.58455E-03   3.87443E-02   3.20236E+04  -5.14038E+04  -4.79852E+04  -1.17545E+05  -1.27020E+05
   2.29728E-01   2.73627E-03   7.27260E-01   1.58250E-03   3.86941E-02   3.21925E+04  -5.14630E+04  -4.80441E+04  -1.17620E+05  -1.26904E+05
   2.30728E-01   2.73272E-03   7.26315E-01   1.58044E-03   3.86439E-02   3.23617E+04  -5.15234E+04  -4.81035E+04  -1.17695E+05  -1.26789E+05
   2.31728E-01   2.72917E-03   7.25371E-01   1.57839E-03   3.85936E-02   3.25314E+04  -5.15850E+04  -4.81632E+04  -1.17771E+05  -1.26674E+05
   2.32728E-01   2.72561E-03   7.24427E-01   1.57633E-03   3.85434E-02   3.27014E+04  -5.16479E+04  -4.82234E+04  -1.17847E+05  -1.26560E+05
   2.33728E-01   2.72206E-03   7.23483E-01   1.57428E-03   3.84931E-02   3.28718E+04  -5.17120E+04  -4.82840E+04  -1.17924E+05  -1.26445E+05
   2.34728E-01   2.71851E-03   7.22539E-01   1.57223E-03   3.84429E-02   3.30427E+04  -5.17773E+04  -4.83451E+04  -1.18000E+05  -1.26330E+05
   2.35728E-01   2.71496E-03   7.21595E-01   1.57017E-03   3.83927E-02   3.32139E+04  -5.18440E+04  -4.84065E+04  -1.18077E+05  -1.26215E+05
   2.36728E-01   2.71140E-03   7.20650E-01   1.56812E-03   3.83424E-02   3.33855E+04  -5.19119E+04  -4.84684E+04  -1.18155E+05  -1.26101E+05
   2.37728E-01   2.70785E-03   7.19706E-01   1.56606E-03   3.82922E-02   3.35576E+04  -5.19811E+04  -4.85307E+04  -1.18233E+05  -1.25987E+05
   2.38728E-01   2.70430E-03   7.18762E-01   1.56401E-03   3.82420E-02   3.37300E+04  -5.20516E+04  -4.85935E+04  -1.18311E+05  -1.25872E+05
   2.39728E-01   2.70075E-03   7.17818E-01   1.56195E-03   3.81917E-02   3.39030E+04  -5.21234E+04  -4.86567E+04  -1.18389E+05  -1.25758E+05
   2.40728E-01   2.69720E-03   7.16874E-01   1.55990E-03   3.81415E-02   3.40763E+04  -5.21965E+04  -4.87204E+04  -1.18468E+05  -1.25644E+05
   2.41728E-01   2.69364E-03   7.15930E-01   1.55784E-03   3.80913E-02   3.42501E+04  -5.22710E+04  -4.87845E+04  -1.18547E+05  -1.25530E+05
   2.42728E-01   2.69009E-03   7.14985E-01   1.55579E-03   3.80410E-02   3.44243E+04  -5.23468E+04  -4.88491E+04  -1.18627E+05  -1.25416E+05
   2.43728E-01   2.68654E-03   7.14041E-01   1.55374E-03   3.79908E-02   3.45990E+04  -5.24240E+04  -4.89142E+04  -1.18707E+05  -1.25303E+05
   2.44728E-01   2.68299E-03   7.13097E-01   1.55168E-03   3.79406E-02   3.47742E+04  -5.25025E+04  -4.89797E+04  -1.18788E+05  -1.25189E+05
   2.45728E-01   2.67943E-03   7.12153E-01   1.54963E-03   3.78903E-02   3.49498E+04  -5.25824E+04  -4.90457E+04  -1.18868E+05  -1.25076E+05
   2.46728E-01   2.67588E-03   7.11209E-01   1.54757E-03   3.78401E-02   3.51259E+04  -5.26638E+04  -4.91121E+04  -1.18950E+05  -1.24962E+05
   2.47728E-01   2.67233E-03   7.10265E-01   1.54552E-03   3.77899E-02   3.53024E+04  -5.27465E+04  -4.91791E+04  -1.19031E+05  -1.24849E+05
   2.48728E-01   2.66878E-03   7.09320E-01   1.54346E-03   3.77396E-02   3.54795E+04  -5.28306E+04  -4.92465E+04  -1.19113E+05  -1.24736E+05
   2.49728E-01   2.66522E-03   7.08376E-01   1.54141E-03   3.76894E-02   3.56570E+04  -5.29162E+04  -4.93145E+04  -1.19196E+05  -1.24623E+05
   2.50728E-01   2.66167E-03   7.07432E-01   1.53935E-03   3.76392E-02   3.58351E+04  -5.30033E+04  -4.93829E+04  -1.19278E+05  -1.24511E+05
   2.51728E-01   2.65812E-03   7.06488E-01   1.53730E-03   3.75889E-02   3.60136E+04  -5.30917E+04  -4.94518E+04  -1.19362E+05  -1.24398E+05
   2.52728E-01   2.65457E-03   7.05544E-01   1.53525E-03   3.75387E-02   3.61927E+04  -5.31817E+04  -4.95212E+04  -1.19445E+05  -1.24286E+05
   2.53728E-01   2.65102E-03   7.04600E-01   1.53319E-03   3.74885E-02   3.63723E+04  -5.32731E+04  -4.95912E+04  -1.19529E+05  -1.24174E+05
   2.54728E-01   2.64746E-03   7.03656E-01   1.53114E-03   3.74382E-02   3.65524E+04  -5.33661E+04  -4.96616E+04  -1.19614E+05  -1.24062E+05
   2.55728E-01   2.64391E-03   7.02711E-01   1.52908E-03   3.73880E-02   3.67330E+04  -5.34605E+04  -4.97326E+04  -1.19699E+05  -1.23950E+05
   2.56728E-01   2.64036E-03   7.01767E-01   1.52703E-03   3.73378E-02   3.69142E+04  -5.35565E+04  -4.98041E+04  -1.19784E+05  -1.23838E+05
   2.57728E-01   2.63681E-03   7.00823E-01   1.52497E-03   3.72875E-02   3.70959E+04  -5.36539E+04  -4.98761E+04  -1.19870E+05  -1.23727E+05
   2.58728E-01   2.63325E-03   6.99879E-01   1.52292E-03   3.72373E-02   3.72781E+04  -5.37530E+04  -4.99487E+04  -1.19957E+05  -1.23615E+05
   2.59728E-01   2.62970E-03   6.98935E-01   1.52086E-03   3.71871E-02   3.74610E+04  -5.38536E+04  -5.00218E+04  -1.20044E+05  -1.23504E+05
   2.60728E-01   2.62615E-03   6.97991E-01   1.51881E-03   3.71368E-02   3.76443E+04  -5.39558E+04  -5.00954E+04  -1.20131E+05  -1.23393E+05
   2.61728E-01   2.62260E-03   6.97046E-01   1.51675E-03   3.70866E-02   3.78283E+04  -5.40596E+04  -5.01696E+04  -1.20219E+05  -1.23283E+05
   2.62728E-01   2.61904E-03   6.96102E-01   1.51470E-03   3.70364E-02   3.80128E+04  -5.41649E+04  -5.02444E+04  -1.20307E+05  -1.23172E+05
   2.63728E-01   2.61549E-03   6.95158E-01   1.51265E-03   3.69861E-02   3.81979E+04  -5.42720E+04  -5.03197E+04  -1.20396E+05  -1.23062E+05
   2.64728E-01   2.61194E-03   6.94214E-01   1.51059E-03   3.69359E-02   3.83837E+04  -5.43806E+04  -5.03956E+04  -1.20485E+05  -1.22952E+05
   2.65728E-01   2.60839E-03   6.93270E-01   1.50854E-03   3.68857E-02   3.85700E+04  -5.44909E+04  -5.04720E+04  -1.20575E+05  -1.22842E+05
   2.66728E-01   2.60483E-03   6.92326E-01   1.50648E-03   3.68354E-02   3.87569E+04  -5.46028E+04  -5.05491E+04  -1.20665E+05  -1.22733E+05
   2.67728E-01   2.60128E-03   6.91381E-01   1.50443E-03   3.67852E-02   3.89444E+04  -5.47165E+04  -5.06267E+04  -1.20756E+05  -1.22624E+05
   2.68728E-01   2.59773E-03   6.90437E-01   1.50237E-03   3.67349E-02   3.91326E+04  -5.48318E+04  -5.07049E+04  -1.20847E+05  -1.22515E+05
   2.69728E-01   2.59418E-03   6.89493E-01   1.50032E-03   3.66847E-02   3.93184E+04  -5.49458E+04  -5.07828E+04  -1.20929E+05  -1.22403E+05
   2.70728E-01   2.59063E-03   6.88549E-01   1.49826E-03   3.66345E-02   3.94872E+04  -5.50427E+04  -5.08555E+04  -1.20955E+05  -1.22273E+05
   2.71728E-01   2.58707E-03   6.87605E-01   1.49621E-03   3.65842E-02   3.96586E+04  -5.51429E+04  -5.09294E+04  -1.20985E+05  -1.22144E+05
   2.72728E-01   2.58352E-03   6.86661E-01   1.49416E-03   3.65340E-02   3.98325E+04  -5.52464E+04  -5.10046E+04  -1.21021E+05  -1.22018E+05
   2.73728E-01   2.57997E-03   6.85717E-01   1.49210E-03   3.64838E-02   4.00088E+04  -5.53530E+04  -5.10809E+04  -1.21061E+05  -1.21893E+05
   2.74728E-01   2.57642E-03   6.84772E-01   1.49005E-03   3.64335E-02   4.01874E+04  -5.54628E+04  -5.11584E+04  -1.21107E+05  -1.21769E+05
   2.75728E-01   2.57286E-03   6.83828E-01   1.48799E-03   3.63833E-02   4.03682E+04  -5.55757E+04  -5.12371E+04  -1.21157E+05  -1.21648E+05
   2.76728E-01   2.56931E-03   6.82884E-01   1.48594E-03   3.63331E-02   4.05511E+04  -5.56917E+04  -5.13169E+04  -1.21212E+05  -1.21528E+05
   2.77728E-01   2.56576E-03   6.81940E-01   1.48388E-03   3.62828E-02   4.07362E+04  -5.58108E+04  -5.13978E+04  -1.21272E+05  -1.21409E+05
   2.78728E-01   2.56221E-03   6.80996E-01   1.48183E-03   3.62326E-02   4.09233E+04  -5.59330E+04  -5.14798E+04  -1.21335E+05  -1.21292E+05
   2.79728E-01   2.55865E-03   6.80052E-01   1.47977E-03   3.61824E-02   4.11123E+04  -5.60583E+04  -5.15629E+04  -1.21403E+05  -1.21177E+05
   2.80728E-01   2.55510E-03   6.79107E-01   1.47772E-03   3.61321E-02   4.13032E+04  -5.61865E+04  -5.16470E+04  -1.21475E+05  -1.21062E+05
   2.81728E-01   2.55155E-03   6.78163E-01   1.47567E-03   3.60819E-02   4.14960E+04  -5.63178E+04  -5.17323E+04  -1.21551E+05  -1.20950E+05
   2.82728E-01   2.54800E-03   6.77219E-01   1.47361E-03   3.60317E-02   4.16905E+04  -5.64520E+04  -5.18185E+04  -1.21631E+05  -1.20838E+05
   2.83728E-01   2.54444E-03   6.76275E-01   1.47156E-03   3.59814E-02   4.18868E+04  -5.65893E+04  -5.19058E+04  -1.21715E+05  -1.20729E+05
   2.84728E-01   2.54089E-03   6.75331E-01   1.46950E-03   3.59312E-02   4.20847E+04  -5.67295E+04  -5.19941E+04  -1.21802E+05  -1.20620E+05
   2.85728E-01   2.53734E-03   6.74387E-01   1.46745E-03   3.58810E-02   4.22843E+04  -5.68726E+04  -5.20834E+04  -1.21893E+05  -1.20513E+05
   2.86728E-01   2.53379E-03   6.73442E-01   1.46539E-03   3.58307E-02   4.24854E+04  -5.70187E+04  -5.21737E+04  -1.21987E+05  -1.20407E+05
   2.87728E-01   2.53024E-03   6.72498E-01   1.46334E-03   3.57805E-02   4.26880E+04  -5.71678E+04  -5.22650E+04  -1.22085E+05  -1.20302E+05
   2.88728E-01   2.52668E-03   6.71554E-01   1.46128E-03   3.57303E-02   4.28922E+04  -5.73197E+04  -5.23573E+04  -1.22186E+05  -1.20199E+05
   2.89728E-01   2.52313E-03   6.70610E-01   1.45923E-03   3.56800E-02   4.30978E+04  -5.74746E+04  -5.24505E+04  -1.22291E+05  -1.20097E+05
   2.90728E-01   2.51958E-03   6.69666E-01   1.45718E-03   3.56298E-02   4.33048E+04  -5.76324E+04  -5.25447E+04  -1.22399E+05  -1.19996E+05
   2.91728E-01   2.51603E-03   6.68722E-01   1.45512E-03   3.55796E-02   4.35132E+04  -5.77931E+04  -5.26398E+04  -1.22509E+05  -1.19896E+05
   2.92728E-01   2.51247E-03   6.67778E-01   1.45307E-03   3.55293E-02   4.37229E+04  -5.79567E+04  -5.27359E+04  -1.22623E+05  -1.19798E+05
   2.93728E-01   2.50892E-03   6.66833E-01   1.45101E-03   3.54791E-02   4.39339E+04  -5.81232E+04  -5.28329E+04  -1.22740E+05  -1.19700E+05
   2.94728E-01   2.50537E-03   6.65889E-01   1.44896E-03   3.54289E-02   4.41461E+04  -5.82926E+04  -5.29309E+04  -1.22860E+05  -1.19604E+05
   2.95728E-01   2.50182E-03   6.64945E-01   1.44690E-03   3.53786E-02   4.43596E+04  -5.84649E+04  -5.30297E+04  -1.22982E+05  -1.19509E+05
   2.96728E-01   2.49826E-03   6.64001E-01   1.44485E-03   3.53284E-02   4.45743E+04  -5.86401E+04  -5.31295E+04  -1.23108E+05  -1.19416E+05
   2.97728E-01   2.49471E-03   6.63057E-01   1.44279E-03   3.52782E-02   4.47902E+04  -5.88182E+04  -5.32302E+04  -1.23236E+05  -1.19323E+05
   2.98728E-01   2.49116E-03   6.62113E-01   1.44074E-03   3.52279E-02   4.50072E+04  -5.89992E+04  -5.33318E+04  -1.23367E+05  -1.19231E+05
   2.99728E-01   2.48761E-03   6.61168E-01   1.43869E-03   3.51777E-02   4.52254E+04  -5.91830E+04  -5.34342E+04  -1.23501E+05  -1.19141E+05
   2.99990E-01   2.48668E-03   6.60921E-01   1.43815E-03   3.51645E-02   4.52828E+04  -5.92318E+04  -5.34613E+04  -1.23536E+05  -1.19117E+05

 Phase Region for:
     FCC_A1                        
 col-1=X(C), col-2=X(CU), col-3=X(FE), col-4=X(MN), col-5=X(SI), col-6=MU(C), col-7=MU(CU), col-8=MU(FE), col-9=MU(MN), col-10=MU(SI),
   9.72763E-03   3.51779E-03   9.34974E-01   2.03448E-03   4.97456E-02  -1.61330E+04  -5.60812E+04  -4.09197E+04  -1.04416E+05  -1.51474E+05
   8.72763E-03   3.52134E-03   9.35919E-01   2.03653E-03   4.97959E-02  -1.70932E+04  -5.61515E+04  -4.09045E+04  -1.04371E+05  -1.51580E+05
   7.72763E-03   3.52489E-03   9.36863E-01   2.03859E-03   4.98461E-02  -1.81602E+04  -5.62222E+04  -4.08893E+04  -1.04326E+05  -1.51685E+05
   6.72763E-03   3.52844E-03   9.37807E-01   2.04064E-03   4.98963E-02  -1.93636E+04  -5.62930E+04  -4.08743E+04  -1.04281E+05  -1.51791E+05
   5.72763E-03   3.53200E-03   9.38751E-01   2.04270E-03   4.99466E-02  -2.07476E+04  -5.63641E+04  -4.08594E+04  -1.04237E+05  -1.51896E+05
   4.72763E-03   3.53555E-03   9.39695E-01   2.04475E-03   4.99968E-02  -2.23820E+04  -5.64355E+04  -4.08445E+04  -1.04192E+05  -1.52001E+05
   3.72763E-03   3.53910E-03   9.40639E-01   2.04681E-03   5.00470E-02  -2.43865E+04  -5.65071E+04  -4.08298E+04  -1.04148E+05  -1.52106E+05
   2.72763E-03   3.54265E-03   9.41584E-01   2.04886E-03   5.00973E-02  -2.69953E+04  -5.65789E+04  -4.08151E+04  -1.04104E+05  -1.52211E+05
   1.72763E-03   3.54621E-03   9.42528E-01   2.05092E-03   5.01475E-02  -3.07717E+04  -5.66510E+04  -4.08006E+04  -1.04060E+05  -1.52316E+05
   7.27626E-04   3.54976E-03   9.43472E-01   2.05297E-03   5.01977E-02  -3.78496E+04  -5.67233E+04  -4.07861E+04  -1.04016E+05  -1.52421E+05
   1.00000E-05   3.55231E-03   9.44149E-01   2.05444E-03   5.02338E-02  -7.25966E+04  -5.67753E+04  -4.07758E+04  -1.03985E+05  -1.52496E+05
