
 Phase Region for:
     FCC_A1                        
 col-1=X(C), col-2=X(CU), col-3=X(FE), col-4=X(MN), col-5=X(SI), col-6=MU(C), col-7=MU(CU), col-8=MU(FE), col-9=MU(MN), col-10=MU(SI),
   9.72763E-03   3.51779E-03   9.34974E-01   2.03448E-03   4.97456E-02  -2.40189E+04  -6.74080E+04  -4.80782E+04  -1.17139E+05  -1.57230E+05
   1.07276E-02   3.51423E-03   9.34030E-01   2.03243E-03   4.96954E-02  -2.30614E+04  -6.73384E+04  -4.80945E+04  -1.17183E+05  -1.57124E+05
   1.17276E-02   3.51068E-03   9.33086E-01   2.03037E-03   4.96452E-02  -2.21817E+04  -6.72691E+04  -4.81108E+04  -1.17226E+05  -1.57019E+05
   1.27276E-02   3.50713E-03   9.32142E-01   2.02832E-03   4.95949E-02  -2.13669E+04  -6.72000E+04  -4.81273E+04  -1.17270E+05  -1.56913E+05
   1.37276E-02   3.50358E-03   9.31198E-01   2.02626E-03   4.95447E-02  -2.06071E+04  -6.71312E+04  -4.81439E+04  -1.17314E+05  -1.56807E+05
   1.47276E-02   3.50002E-03   9.30254E-01   2.02421E-03   4.94945E-02  -1.98947E+04  -6.70627E+04  -4.81606E+04  -1.17358E+05  -1.56701E+05
   1.57276E-02   3.49647E-03   9.29310E-01   2.02215E-03   4.94442E-02  -1.92233E+04  -6.69944E+04  -4.81773E+04  -1.17402E+05  -1.56596E+05
   1.67276E-02   3.49292E-03   9.28365E-01   2.02010E-03   4.93940E-02  -1.85879E+04  -6.69264E+04  -4.81942E+04  -1.17447E+05  -1.56490E+05
   1.77276E-02   3.48937E-03   9.27421E-01   2.01804E-03   4.93438E-02  -1.79843E+04  -6.68587E+04  -4.82112E+04  -1.17491E+05  -1.56384E+05
   1.87276E-02   3.48582E-03   9.26477E-01   2.01599E-03   4.92935E-02  -1.74089E+04  -6.67912E+04  -4.82283E+04  -1.17536E+05  -1.56278E+05
   1.97276E-02   3.48226E-03   9.25533E-01   2.01394E-03   4.92433E-02  -1.68588E+04  -6.67240E+04  -4.82456E+04  -1.17580E+05  -1.56171E+05
   2.07276E-02   3.47871E-03   9.24589E-01   2.01188E-03   4.91931E-02  -1.63315E+04  -6.66571E+04  -4.82629E+04  -1.17625E+05  -1.56065E+05
   2.17276E-02   3.47516E-03   9.23645E-01   2.00983E-03   4.91428E-02  -1.58248E+04  -6.65904E+04  -4.82803E+04  -1.17670E+05  -1.55959E+05
   2.27276E-02   3.47161E-03   9.22700E-01   2.00777E-03   4.90926E-02  -1.53369E+04  -6.65240E+04  -4.82979E+04  -1.17716E+05  -1.55853E+05
   2.37276E-02   3.46805E-03   9.21756E-01   2.00572E-03   4.90424E-02  -1.48661E+04  -6.64579E+04  -4.83156E+04  -1.17761E+05  -1.55746E+05
   2.47276E-02   3.46450E-03   9.20812E-01   2.00366E-03   4.89921E-02  -1.44110E+04  -6.63921E+04  -4.83334E+04  -1.17807E+05  -1.55640E+05
   2.57276E-02   3.46095E-03   9.19868E-01   2.00161E-03   4.89419E-02  -1.39702E+04  -6.63266E+04  -4.83513E+04  -1.17852E+05  -1.55533E+05
   2.67276E-02   3.45740E-03   9.18924E-01   1.99955E-03   4.88916E-02  -1.35428E+04  -6.62614E+04  -4.83693E+04  -1.17898E+05  -1.55426E+05
   2.77276E-02   3.45384E-03   9.17980E-01   1.99750E-03   4.88414E-02  -1.31278E+04  -6.61964E+04  -4.83874E+04  -1.17944E+05  -1.55320E+05
   2.87276E-02   3.45029E-03   9.17035E-01   1.99545E-03   4.87912E-02  -1.27241E+04  -6.61317E+04  -4.84056E+04  -1.17991E+05  -1.55213E+05
   2.97276E-02   3.44674E-03   9.16091E-01   1.99339E-03   4.87409E-02  -1.23311E+04  -6.60674E+04  -4.84240E+04  -1.18037E+05  -1.55106E+05
   3.07276E-02   3.44319E-03   9.15147E-01   1.99134E-03   4.86907E-02  -1.19480E+04  -6.60033E+04  -4.84425E+04  -1.18083E+05  -1.54999E+05
   3.17276E-02   3.43964E-03   9.14203E-01   1.98928E-03   4.86405E-02  -1.15742E+04  -6.59395E+04  -4.84610E+04  -1.18130E+05  -1.54892E+05
   3.27276E-02   3.43608E-03   9.13259E-01   1.98723E-03   4.85902E-02  -1.12090E+04  -6.58760E+04  -4.84797E+04  -1.18177E+05  -1.54785E+05
   3.37276E-02   3.43253E-03   9.12315E-01   1.98517E-03   4.85400E-02  -1.08521E+04  -6.58129E+04  -4.84986E+04  -1.18224E+05  -1.54678E+05
   3.47276E-02   3.42898E-03   9.11371E-01   1.98312E-03   4.84898E-02  -1.05027E+04  -6.57500E+04  -4.85175E+04  -1.18271E+05  -1.54571E+05
   3.57276E-02   3.42543E-03   9.10426E-01   1.98106E-03   4.84395E-02  -1.01606E+04  -6.56874E+04  -4.85366E+04  -1.18318E+05  -1.54464E+05
   3.67276E-02   3.42187E-03   9.09482E-01   1.97901E-03   4.83893E-02  -9.82533E+03  -6.56252E+04  -4.85558E+04  -1.18366E+05  -1.54357E+05
   3.77276E-02   3.41832E-03   9.08538E-01   1.97695E-03   4.83391E-02  -9.49647E+03  -6.55632E+04  -4.85751E+04  -1.18413E+05  -1.54250E+05
   3.87276E-02   3.41477E-03   9.07594E-01   1.97490E-03   4.82888E-02  -9.17368E+03  -6.55016E+04  -4.85945E+04  -1.18461E+05  -1.54142E+05
   3.97276E-02   3.41122E-03   9.06650E-01   1.97285E-03   4.82386E-02  -8.85666E+03  -6.54403E+04  -4.86141E+04  -1.18509E+05  -1.54035E+05
   4.07276E-02   3.40766E-03   9.05706E-01   1.97079E-03   4.81884E-02  -8.54510E+03  -6.53793E+04  -4.86337E+04  -1.18557E+05  -1.53927E+05
   4.17276E-02   3.40411E-03   9.04761E-01   1.96874E-03   4.81381E-02  -8.23874E+03  -6.53186E+04  -4.86535E+04  -1.18606E+05  -1.53820E+05
   4.27276E-02   3.40056E-03   9.03817E-01   1.96668E-03   4.80879E-02  -7.93731E+03  -6.52582E+04  -4.86734E+04  -1.18654E+05  -1.53712E+05
   4.37276E-02   3.39701E-03   9.02873E-01   1.96463E-03   4.80377E-02  -7.64058E+03  -6.51982E+04  -4.86935E+04  -1.18703E+05  -1.53605E+05
   4.47276E-02   3.39345E-03   9.01929E-01   1.96257E-03   4.79874E-02  -7.34833E+03  -6.51385E+04  -4.87137E+04  -1.18752E+05  -1.53497E+05
   4.57276E-02   3.38990E-03   9.00985E-01   1.96052E-03   4.79372E-02  -7.06035E+03  -6.50792E+04  -4.87340E+04  -1.18801E+05  -1.53389E+05
   4.67276E-02   3.38635E-03   9.00041E-01   1.95846E-03   4.78870E-02  -6.77644E+03  -6.50201E+04  -4.87544E+04  -1.18850E+05  -1.53281E+05
   4.77276E-02   3.38280E-03   8.99096E-01   1.95641E-03   4.78367E-02  -6.49643E+03  -6.49614E+04  -4.87749E+04  -1.18899E+05  -1.53173E+05
   4.87276E-02   3.37925E-03   8.98152E-01   1.95436E-03   4.77865E-02  -6.22014E+03  -6.49031E+04  -4.87956E+04  -1.18949E+05  -1.53065E+05
   4.97276E-02   3.37569E-03   8.97208E-01   1.95230E-03   4.77363E-02  -5.94742E+03  -6.48451E+04  -4.88164E+04  -1.18998E+05  -1.52957E+05
   5.07276E-02   3.37214E-03   8.96264E-01   1.95025E-03   4.76860E-02  -5.67811E+03  -6.47874E+04  -4.88374E+04  -1.19048E+05  -1.52849E+05
   5.17276E-02   3.36859E-03   8.95320E-01   1.94819E-03   4.76358E-02  -5.41207E+03  -6.47301E+04  -4.88585E+04  -1.19098E+05  -1.52741E+05
   5.27276E-02   3.36504E-03   8.94376E-01   1.94614E-03   4.75856E-02  -5.14917E+03  -6.46731E+04  -4.88797E+04  -1.19148E+05  -1.52633E+05
   5.37276E-02   3.36148E-03   8.93431E-01   1.94408E-03   4.75353E-02  -4.88929E+03  -6.46165E+04  -4.89010E+04  -1.19199E+05  -1.52525E+05
   5.47276E-02   3.35793E-03   8.92487E-01   1.94203E-03   4.74851E-02  -4.63229E+03  -6.45602E+04  -4.89225E+04  -1.19249E+05  -1.52417E+05
   5.57276E-02   3.35438E-03   8.91543E-01   1.93997E-03   4.74349E-02  -4.37808E+03  -6.45043E+04  -4.89441E+04  -1.19300E+05  -1.52308E+05
   5.67276E-02   3.35083E-03   8.90599E-01   1.93792E-03   4.73846E-02  -4.12655E+03  -6.44487E+04  -4.89658E+04  -1.19351E+05  -1.52200E+05
   5.77276E-02   3.34727E-03   8.89655E-01   1.93587E-03   4.73344E-02  -3.87758E+03  -6.43935E+04  -4.89877E+04  -1.19402E+05  -1.52091E+05
   5.87276E-02   3.34372E-03   8.88711E-01   1.93381E-03   4.72841E-02  -3.63110E+03  -6.43387E+04  -4.90097E+04  -1.19453E+05  -1.51983E+05
   5.97276E-02   3.34017E-03   8.87767E-01   1.93176E-03   4.72339E-02  -3.38700E+03  -6.42842E+04  -4.90318E+04  -1.19505E+05  -1.51874E+05
   6.07276E-02   3.33662E-03   8.86822E-01   1.92970E-03   4.71837E-02  -3.14520E+03  -6.42301E+04  -4.90541E+04  -1.19556E+05  -1.51766E+05
   6.17276E-02   3.33306E-03   8.85878E-01   1.92765E-03   4.71334E-02  -2.90562E+03  -6.41764E+04  -4.90765E+04  -1.19608E+05  -1.51657E+05
   6.27276E-02   3.32951E-03   8.84934E-01   1.92559E-03   4.70832E-02  -2.66855E+03  -6.41230E+04  -4.90991E+04  -1.19660E+05  -1.51548E+05
   6.37276E-02   3.32596E-03   8.83990E-01   1.92354E-03   4.70330E-02  -2.43324E+03  -6.40701E+04  -4.91218E+04  -1.19712E+05  -1.51440E+05
   6.47276E-02   3.32241E-03   8.83046E-01   1.92148E-03   4.69827E-02  -2.19994E+03  -6.40175E+04  -4.91446E+04  -1.19764E+05  -1.51331E+05
   6.57276E-02   3.31886E-03   8.82102E-01   1.91943E-03   4.69325E-02  -1.96857E+03  -6.39653E+04  -4.91676E+04  -1.19817E+05  -1.51222E+05
   6.67276E-02   3.31530E-03   8.81157E-01   1.91738E-03   4.68823E-02  -1.73906E+03  -6.39135E+04  -4.91907E+04  -1.19869E+05  -1.51113E+05
   6.77276E-02   3.31175E-03   8.80213E-01   1.91532E-03   4.68320E-02  -1.51137E+03  -6.38620E+04  -4.92139E+04  -1.19922E+05  -1.51004E+05
   6.87276E-02   3.30820E-03   8.79269E-01   1.91327E-03   4.67818E-02  -1.28543E+03  -6.38110E+04  -4.92373E+04  -1.19975E+05  -1.50895E+05
   6.97276E-02   3.30465E-03   8.78325E-01   1.91121E-03   4.67316E-02  -1.06118E+03  -6.37603E+04  -4.92609E+04  -1.20028E+05  -1.50786E+05
   7.07276E-02   3.30109E-03   8.77381E-01   1.90916E-03   4.66813E-02  -8.38574E+02  -6.37101E+04  -4.92846E+04  -1.20082E+05  -1.50677E+05
   7.17276E-02   3.29754E-03   8.76437E-01   1.90710E-03   4.66311E-02  -6.17556E+02  -6.36602E+04  -4.93084E+04  -1.20135E+05  -1.50568E+05
   7.27276E-02   3.29399E-03   8.75492E-01   1.90505E-03   4.65809E-02  -3.98077E+02  -6.36108E+04  -4.93324E+04  -1.20189E+05  -1.50458E+05
   7.37276E-02   3.29044E-03   8.74548E-01   1.90299E-03   4.65306E-02  -1.80091E+02  -6.35617E+04  -4.93565E+04  -1.20243E+05  -1.50349E+05
   7.47276E-02   3.28688E-03   8.73604E-01   1.90094E-03   4.64804E-02   3.64478E+01  -6.35131E+04  -4.93808E+04  -1.20297E+05  -1.50240E+05
   7.57276E-02   3.28333E-03   8.72660E-01   1.89889E-03   4.64302E-02   2.51583E+02  -6.34649E+04  -4.94052E+04  -1.20351E+05  -1.50131E+05
   7.67276E-02   3.27978E-03   8.71716E-01   1.89683E-03   4.63799E-02   4.65356E+02  -6.34171E+04  -4.94297E+04  -1.20405E+05  -1.50021E+05
   7.77276E-02   3.27623E-03   8.70772E-01   1.89478E-03   4.63297E-02   6.77807E+02  -6.33697E+04  -4.94545E+04  -1.20460E+05  -1.49912E+05
   7.87276E-02   3.27267E-03   8.69828E-01   1.89272E-03   4.62795E-02   8.88975E+02  -6.33227E+04  -4.94793E+04  -1.20514E+05  -1.49802E+05
   7.97276E-02   3.26912E-03   8.68883E-01   1.89067E-03   4.62292E-02   1.09890E+03  -6.32761E+04  -4.95043E+04  -1.20569E+05  -1.49693E+05
   8.07276E-02   3.26557E-03   8.67939E-01   1.88861E-03   4.61790E-02   1.30761E+03  -6.32300E+04  -4.95295E+04  -1.20624E+05  -1.49583E+05
   8.17276E-02   3.26202E-03   8.66995E-01   1.88656E-03   4.61288E-02   1.51514E+03  -6.31843E+04  -4.95548E+04  -1.20679E+05  -1.49473E+05
   8.27276E-02   3.25847E-03   8.66051E-01   1.88450E-03   4.60785E-02   1.72154E+03  -6.31390E+04  -4.95803E+04  -1.20735E+05  -1.49364E+05
   8.37276E-02   3.25491E-03   8.65107E-01   1.88245E-03   4.60283E-02   1.92682E+03  -6.30942E+04  -4.96059E+04  -1.20790E+05  -1.49254E+05
   8.47276E-02   3.25136E-03   8.64163E-01   1.88040E-03   4.59781E-02   2.13102E+03  -6.30498E+04  -4.96317E+04  -1.20846E+05  -1.49144E+05
   8.57276E-02   3.24781E-03   8.63218E-01   1.87834E-03   4.59278E-02   2.33417E+03  -6.30058E+04  -4.96576E+04  -1.20902E+05  -1.49034E+05
   8.67276E-02   3.24426E-03   8.62274E-01   1.87629E-03   4.58776E-02   2.53629E+03  -6.29623E+04  -4.96837E+04  -1.20958E+05  -1.48924E+05
   8.77276E-02   3.24070E-03   8.61330E-01   1.87423E-03   4.58274E-02   2.73743E+03  -6.29193E+04  -4.97100E+04  -1.21014E+05  -1.48815E+05
   8.87276E-02   3.23715E-03   8.60386E-01   1.87218E-03   4.57771E-02   2.93759E+03  -6.28766E+04  -4.97364E+04  -1.21071E+05  -1.48705E+05
   8.97276E-02   3.23360E-03   8.59442E-01   1.87012E-03   4.57269E-02   3.13682E+03  -6.28345E+04  -4.97629E+04  -1.21127E+05  -1.48595E+05
   9.07276E-02   3.23005E-03   8.58498E-01   1.86807E-03   4.56767E-02   3.33512E+03  -6.27927E+04  -4.97897E+04  -1.21184E+05  -1.48484E+05
   9.17276E-02   3.22649E-03   8.57553E-01   1.86601E-03   4.56264E-02   3.53254E+03  -6.27515E+04  -4.98165E+04  -1.21241E+05  -1.48374E+05
   9.27276E-02   3.22294E-03   8.56609E-01   1.86396E-03   4.55762E-02   3.72908E+03  -6.27107E+04  -4.98436E+04  -1.21298E+05  -1.48264E+05
   9.37276E-02   3.21939E-03   8.55665E-01   1.86190E-03   4.55259E-02   3.92478E+03  -6.26703E+04  -4.98708E+04  -1.21355E+05  -1.48154E+05
   9.47276E-02   3.21584E-03   8.54721E-01   1.85985E-03   4.54757E-02   4.11965E+03  -6.26304E+04  -4.98981E+04  -1.21412E+05  -1.48044E+05
   9.57276E-02   3.21229E-03   8.53777E-01   1.85780E-03   4.54255E-02   4.31372E+03  -6.25910E+04  -4.99257E+04  -1.21470E+05  -1.47934E+05
   9.67276E-02   3.20873E-03   8.52833E-01   1.85574E-03   4.53752E-02   4.50701E+03  -6.25521E+04  -4.99533E+04  -1.21527E+05  -1.47823E+05
   9.77276E-02   3.20518E-03   8.51888E-01   1.85369E-03   4.53250E-02   4.69953E+03  -6.25136E+04  -4.99812E+04  -1.21585E+05  -1.47713E+05
   9.87276E-02   3.20163E-03   8.50944E-01   1.85163E-03   4.52748E-02   4.89130E+03  -6.24757E+04  -5.00092E+04  -1.21643E+05  -1.47602E+05
   9.97276E-02   3.19808E-03   8.50000E-01   1.84958E-03   4.52245E-02   5.08236E+03  -6.24382E+04  -5.00374E+04  -1.21701E+05  -1.47492E+05
   1.00728E-01   3.19452E-03   8.49056E-01   1.84752E-03   4.51743E-02   5.27270E+03  -6.24011E+04  -5.00657E+04  -1.21759E+05  -1.47381E+05
   1.01728E-01   3.19097E-03   8.48112E-01   1.84547E-03   4.51241E-02   5.46236E+03  -6.23646E+04  -5.00943E+04  -1.21818E+05  -1.47271E+05
   1.02728E-01   3.18742E-03   8.47168E-01   1.84341E-03   4.50738E-02   5.65134E+03  -6.23286E+04  -5.01229E+04  -1.21876E+05  -1.47160E+05
   1.03728E-01   3.18387E-03   8.46224E-01   1.84136E-03   4.50236E-02   5.83967E+03  -6.22930E+04  -5.01518E+04  -1.21935E+05  -1.47050E+05
   1.04728E-01   3.18031E-03   8.45279E-01   1.83931E-03   4.49734E-02   6.02736E+03  -6.22580E+04  -5.01808E+04  -1.21994E+05  -1.46939E+05
   1.05728E-01   3.17676E-03   8.44335E-01   1.83725E-03   4.49231E-02   6.21442E+03  -6.22234E+04  -5.02100E+04  -1.22053E+05  -1.46828E+05
   1.06728E-01   3.17321E-03   8.43391E-01   1.83520E-03   4.48729E-02   6.40088E+03  -6.21894E+04  -5.02394E+04  -1.22112E+05  -1.46718E+05
   1.07728E-01   3.16966E-03   8.42447E-01   1.83314E-03   4.48227E-02   6.58674E+03  -6.21559E+04  -5.02689E+04  -1.22171E+05  -1.46607E+05
   1.08728E-01   3.16610E-03   8.41503E-01   1.83109E-03   4.47724E-02   6.77203E+03  -6.21228E+04  -5.02986E+04  -1.22231E+05  -1.46496E+05
   1.09728E-01   3.16255E-03   8.40559E-01   1.82903E-03   4.47222E-02   6.95675E+03  -6.20903E+04  -5.03285E+04  -1.22290E+05  -1.46385E+05
   1.10728E-01   3.15900E-03   8.39614E-01   1.82698E-03   4.46720E-02   7.14092E+03  -6.20583E+04  -5.03586E+04  -1.22350E+05  -1.46274E+05
   1.11728E-01   3.15545E-03   8.38670E-01   1.82492E-03   4.46217E-02   7.32455E+03  -6.20268E+04  -5.03888E+04  -1.22410E+05  -1.46163E+05
   1.12728E-01   3.15190E-03   8.37726E-01   1.82287E-03   4.45715E-02   7.50766E+03  -6.19959E+04  -5.04192E+04  -1.22470E+05  -1.46052E+05
   1.13728E-01   3.14834E-03   8.36782E-01   1.82082E-03   4.45213E-02   7.69025E+03  -6.19654E+04  -5.04498E+04  -1.22530E+05  -1.45941E+05
   1.14728E-01   3.14479E-03   8.35838E-01   1.81876E-03   4.44710E-02   7.87235E+03  -6.19355E+04  -5.04805E+04  -1.22591E+05  -1.45830E+05
   1.15728E-01   3.14124E-03   8.34894E-01   1.81671E-03   4.44208E-02   8.05396E+03  -6.19061E+04  -5.05115E+04  -1.22651E+05  -1.45719E+05
   1.16728E-01   3.13769E-03   8.33949E-01   1.81465E-03   4.43706E-02   8.23510E+03  -6.18773E+04  -5.05426E+04  -1.22712E+05  -1.45608E+05
   1.17728E-01   3.13413E-03   8.33005E-01   1.81260E-03   4.43203E-02   8.41577E+03  -6.18490E+04  -5.05739E+04  -1.22772E+05  -1.45496E+05
   1.18728E-01   3.13058E-03   8.32061E-01   1.81054E-03   4.42701E-02   8.59599E+03  -6.18212E+04  -5.06054E+04  -1.22833E+05  -1.45385E+05
   1.19728E-01   3.12703E-03   8.31117E-01   1.80849E-03   4.42199E-02   8.77578E+03  -6.17940E+04  -5.06371E+04  -1.22894E+05  -1.45274E+05
   1.20728E-01   3.12348E-03   8.30173E-01   1.80643E-03   4.41696E-02   8.95513E+03  -6.17674E+04  -5.06689E+04  -1.22955E+05  -1.45163E+05
   1.21728E-01   3.11992E-03   8.29229E-01   1.80438E-03   4.41194E-02   9.13406E+03  -6.17413E+04  -5.07010E+04  -1.23017E+05  -1.45051E+05
   1.22728E-01   3.11637E-03   8.28285E-01   1.80233E-03   4.40692E-02   9.31259E+03  -6.17157E+04  -5.07332E+04  -1.23078E+05  -1.44940E+05
   1.23728E-01   3.11282E-03   8.27340E-01   1.80027E-03   4.40189E-02   9.49072E+03  -6.16907E+04  -5.07656E+04  -1.23140E+05  -1.44828E+05
   1.24728E-01   3.10927E-03   8.26396E-01   1.79822E-03   4.39687E-02   9.66846E+03  -6.16663E+04  -5.07982E+04  -1.23201E+05  -1.44717E+05
   1.25728E-01   3.10571E-03   8.25452E-01   1.79616E-03   4.39185E-02   9.84582E+03  -6.16424E+04  -5.08310E+04  -1.23263E+05  -1.44605E+05
   1.26728E-01   3.10216E-03   8.24508E-01   1.79411E-03   4.38682E-02   1.00228E+04  -6.16191E+04  -5.08639E+04  -1.23325E+05  -1.44494E+05
   1.27728E-01   3.09861E-03   8.23564E-01   1.79205E-03   4.38180E-02   1.01995E+04  -6.15964E+04  -5.08971E+04  -1.23387E+05  -1.44382E+05
   1.28728E-01   3.09506E-03   8.22620E-01   1.79000E-03   4.37677E-02   1.03757E+04  -6.15743E+04  -5.09304E+04  -1.23449E+05  -1.44270E+05
   1.29728E-01   3.09151E-03   8.21675E-01   1.78794E-03   4.37175E-02   1.05517E+04  -6.15527E+04  -5.09640E+04  -1.23512E+05  -1.44159E+05
   1.30728E-01   3.08795E-03   8.20731E-01   1.78589E-03   4.36673E-02   1.07273E+04  -6.15317E+04  -5.09977E+04  -1.23574E+05  -1.44047E+05
   1.31728E-01   3.08440E-03   8.19787E-01   1.78384E-03   4.36170E-02   1.09026E+04  -6.15113E+04  -5.10317E+04  -1.23637E+05  -1.43935E+05
   1.32728E-01   3.08085E-03   8.18843E-01   1.78178E-03   4.35668E-02   1.10776E+04  -6.14915E+04  -5.10658E+04  -1.23700E+05  -1.43823E+05
   1.33728E-01   3.07730E-03   8.17899E-01   1.77973E-03   4.35166E-02   1.12523E+04  -6.14723E+04  -5.11001E+04  -1.23762E+05  -1.43711E+05
   1.34728E-01   3.07374E-03   8.16955E-01   1.77767E-03   4.34663E-02   1.14266E+04  -6.14537E+04  -5.11346E+04  -1.23825E+05  -1.43599E+05
   1.35728E-01   3.07019E-03   8.16010E-01   1.77562E-03   4.34161E-02   1.16007E+04  -6.14357E+04  -5.11694E+04  -1.23889E+05  -1.43487E+05
   1.36728E-01   3.06664E-03   8.15066E-01   1.77356E-03   4.33659E-02   1.17745E+04  -6.14184E+04  -5.12043E+04  -1.23952E+05  -1.43375E+05
   1.37728E-01   3.06309E-03   8.14122E-01   1.77151E-03   4.33156E-02   1.19481E+04  -6.14016E+04  -5.12394E+04  -1.24015E+05  -1.43263E+05
   1.38728E-01   3.05953E-03   8.13178E-01   1.76945E-03   4.32654E-02   1.21214E+04  -6.13854E+04  -5.12747E+04  -1.24079E+05  -1.43151E+05
   1.39728E-01   3.05598E-03   8.12234E-01   1.76740E-03   4.32152E-02   1.22944E+04  -6.13699E+04  -5.13102E+04  -1.24142E+05  -1.43039E+05
   1.40728E-01   3.05243E-03   8.11290E-01   1.76535E-03   4.31649E-02   1.24672E+04  -6.13550E+04  -5.13460E+04  -1.24206E+05  -1.42927E+05
   1.41728E-01   3.04888E-03   8.10346E-01   1.76329E-03   4.31147E-02   1.26397E+04  -6.13407E+04  -5.13819E+04  -1.24270E+05  -1.42815E+05
   1.42728E-01   3.04533E-03   8.09401E-01   1.76124E-03   4.30645E-02   1.28120E+04  -6.13270E+04  -5.14181E+04  -1.24334E+05  -1.42702E+05
   1.43728E-01   3.04177E-03   8.08457E-01   1.75918E-03   4.30142E-02   1.29841E+04  -6.13140E+04  -5.14544E+04  -1.24398E+05  -1.42590E+05
   1.44728E-01   3.03822E-03   8.07513E-01   1.75713E-03   4.29640E-02   1.31560E+04  -6.13016E+04  -5.14910E+04  -1.24462E+05  -1.42478E+05
   1.45728E-01   3.03467E-03   8.06569E-01   1.75507E-03   4.29138E-02   1.33276E+04  -6.12899E+04  -5.15277E+04  -1.24527E+05  -1.42366E+05
   1.46728E-01   3.03112E-03   8.05625E-01   1.75302E-03   4.28635E-02   1.34991E+04  -6.12788E+04  -5.15647E+04  -1.24591E+05  -1.42253E+05
   1.47728E-01   3.02756E-03   8.04681E-01   1.75096E-03   4.28133E-02   1.36703E+04  -6.12684E+04  -5.16019E+04  -1.24656E+05  -1.42141E+05
   1.48728E-01   3.02401E-03   8.03736E-01   1.74891E-03   4.27631E-02   1.38414E+04  -6.12586E+04  -5.16393E+04  -1.24721E+05  -1.42028E+05
   1.49728E-01   3.02046E-03   8.02792E-01   1.74685E-03   4.27128E-02   1.40123E+04  -6.12495E+04  -5.16770E+04  -1.24786E+05  -1.41916E+05
   1.50728E-01   3.01691E-03   8.01848E-01   1.74480E-03   4.26626E-02   1.41830E+04  -6.12410E+04  -5.17148E+04  -1.24851E+05  -1.41803E+05
   1.51728E-01   3.01335E-03   8.00904E-01   1.74275E-03   4.26124E-02   1.43535E+04  -6.12332E+04  -5.17529E+04  -1.24916E+05  -1.41691E+05
   1.52728E-01   3.00980E-03   7.99960E-01   1.74069E-03   4.25621E-02   1.45239E+04  -6.12261E+04  -5.17911E+04  -1.24981E+05  -1.41578E+05
   1.53728E-01   3.00625E-03   7.99016E-01   1.73864E-03   4.25119E-02   1.46942E+04  -6.12197E+04  -5.18296E+04  -1.25046E+05  -1.41465E+05
   1.54728E-01   3.00270E-03   7.98071E-01   1.73658E-03   4.24617E-02   1.48643E+04  -6.12140E+04  -5.18684E+04  -1.25112E+05  -1.41353E+05
   1.55728E-01   2.99914E-03   7.97127E-01   1.73453E-03   4.24114E-02   1.50342E+04  -6.12089E+04  -5.19073E+04  -1.25178E+05  -1.41240E+05
   1.56728E-01   2.99559E-03   7.96183E-01   1.73247E-03   4.23612E-02   1.52041E+04  -6.12046E+04  -5.19465E+04  -1.25243E+05  -1.41127E+05
   1.57728E-01   2.99204E-03   7.95239E-01   1.73042E-03   4.23110E-02   1.53738E+04  -6.12009E+04  -5.19859E+04  -1.25309E+05  -1.41014E+05
   1.58728E-01   2.98849E-03   7.94295E-01   1.72836E-03   4.22607E-02   1.55433E+04  -6.11980E+04  -5.20255E+04  -1.25375E+05  -1.40902E+05
   1.59728E-01   2.98494E-03   7.93351E-01   1.72631E-03   4.22105E-02   1.57128E+04  -6.11957E+04  -5.20654E+04  -1.25442E+05  -1.40789E+05
   1.60728E-01   2.98138E-03   7.92406E-01   1.72426E-03   4.21603E-02   1.58822E+04  -6.11942E+04  -5.21055E+04  -1.25508E+05  -1.40676E+05
   1.61728E-01   2.97783E-03   7.91462E-01   1.72220E-03   4.21100E-02   1.60514E+04  -6.11934E+04  -5.21458E+04  -1.25574E+05  -1.40563E+05
   1.62728E-01   2.97428E-03   7.90518E-01   1.72015E-03   4.20598E-02   1.62206E+04  -6.11933E+04  -5.21864E+04  -1.25641E+05  -1.40450E+05
   1.63728E-01   2.97073E-03   7.89574E-01   1.71809E-03   4.20095E-02   1.63897E+04  -6.11940E+04  -5.22272E+04  -1.25708E+05  -1.40337E+05
   1.64728E-01   2.96717E-03   7.88630E-01   1.71604E-03   4.19593E-02   1.65587E+04  -6.11953E+04  -5.22682E+04  -1.25775E+05  -1.40224E+05
   1.65728E-01   2.96362E-03   7.87686E-01   1.71398E-03   4.19091E-02   1.67277E+04  -6.11975E+04  -5.23095E+04  -1.25842E+05  -1.40111E+05
   1.66728E-01   2.96007E-03   7.86742E-01   1.71193E-03   4.18588E-02   1.68965E+04  -6.12003E+04  -5.23510E+04  -1.25909E+05  -1.39998E+05
   1.67728E-01   2.95652E-03   7.85797E-01   1.70987E-03   4.18086E-02   1.70653E+04  -6.12039E+04  -5.23928E+04  -1.25976E+05  -1.39885E+05
   1.68728E-01   2.95296E-03   7.84853E-01   1.70782E-03   4.17584E-02   1.72341E+04  -6.12083E+04  -5.24348E+04  -1.26044E+05  -1.39772E+05
   1.69728E-01   2.94941E-03   7.83909E-01   1.70577E-03   4.17081E-02   1.74028E+04  -6.12134E+04  -5.24770E+04  -1.26111E+05  -1.39659E+05
   1.70728E-01   2.94586E-03   7.82965E-01   1.70371E-03   4.16579E-02   1.75715E+04  -6.12193E+04  -5.25195E+04  -1.26179E+05  -1.39546E+05
   1.71728E-01   2.94231E-03   7.82021E-01   1.70166E-03   4.16077E-02   1.77402E+04  -6.12260E+04  -5.25623E+04  -1.26247E+05  -1.39432E+05
   1.72728E-01   2.93875E-03   7.81077E-01   1.69960E-03   4.15574E-02   1.79088E+04  -6.12335E+04  -5.26053E+04  -1.26315E+05  -1.39319E+05
   1.73728E-01   2.93520E-03   7.80132E-01   1.69755E-03   4.15072E-02   1.80774E+04  -6.12417E+04  -5.26485E+04  -1.26383E+05  -1.39206E+05
   1.74728E-01   2.93165E-03   7.79188E-01   1.69549E-03   4.14570E-02   1.82460E+04  -6.12507E+04  -5.26920E+04  -1.26452E+05  -1.39093E+05
   1.75728E-01   2.92810E-03   7.78244E-01   1.69344E-03   4.14067E-02   1.84146E+04  -6.12605E+04  -5.27358E+04  -1.26520E+05  -1.38979E+05
   1.76728E-01   2.92455E-03   7.77300E-01   1.69138E-03   4.13565E-02   1.85831E+04  -6.12712E+04  -5.27799E+04  -1.26589E+05  -1.38866E+05
   1.77728E-01   2.92099E-03   7.76356E-01   1.68933E-03   4.13063E-02   1.87517E+04  -6.12826E+04  -5.28242E+04  -1.26658E+05  -1.38753E+05
   1.78728E-01   2.91744E-03   7.75412E-01   1.68728E-03   4.12560E-02   1.89203E+04  -6.12949E+04  -5.28687E+04  -1.26727E+05  -1.38640E+05
   1.79728E-01   2.91389E-03   7.74467E-01   1.68522E-03   4.12058E-02   1.90890E+04  -6.13079E+04  -5.29135E+04  -1.26796E+05  -1.38526E+05
   1.80728E-01   2.91034E-03   7.73523E-01   1.68317E-03   4.11556E-02   1.92576E+04  -6.13218E+04  -5.29586E+04  -1.26865E+05  -1.38413E+05
   1.81728E-01   2.90678E-03   7.72579E-01   1.68111E-03   4.11053E-02   1.94263E+04  -6.13365E+04  -5.30040E+04  -1.26935E+05  -1.38300E+05
   1.82728E-01   2.90323E-03   7.71635E-01   1.67906E-03   4.10551E-02   1.95950E+04  -6.13521E+04  -5.30496E+04  -1.27005E+05  -1.38186E+05
   1.83728E-01   2.89968E-03   7.70691E-01   1.67700E-03   4.10049E-02   1.97638E+04  -6.13685E+04  -5.30956E+04  -1.27075E+05  -1.38073E+05
   1.84728E-01   2.89613E-03   7.69747E-01   1.67495E-03   4.09546E-02   1.99326E+04  -6.13858E+04  -5.31417E+04  -1.27145E+05  -1.37960E+05
   1.85728E-01   2.89257E-03   7.68803E-01   1.67289E-03   4.09044E-02   2.01014E+04  -6.14039E+04  -5.31882E+04  -1.27215E+05  -1.37846E+05
   1.86728E-01   2.88902E-03   7.67858E-01   1.67084E-03   4.08542E-02   2.02704E+04  -6.14229E+04  -5.32350E+04  -1.27285E+05  -1.37733E+05
   1.87728E-01   2.88547E-03   7.66914E-01   1.66879E-03   4.08039E-02   2.04394E+04  -6.14428E+04  -5.32820E+04  -1.27356E+05  -1.37620E+05
   1.88728E-01   2.88192E-03   7.65970E-01   1.66673E-03   4.07537E-02   2.06085E+04  -6.14636E+04  -5.33293E+04  -1.27427E+05  -1.37506E+05
   1.89728E-01   2.87836E-03   7.65026E-01   1.66468E-03   4.07035E-02   2.07776E+04  -6.14852E+04  -5.33769E+04  -1.27498E+05  -1.37393E+05
   1.90728E-01   2.87481E-03   7.64082E-01   1.66262E-03   4.06532E-02   2.09469E+04  -6.15077E+04  -5.34248E+04  -1.27569E+05  -1.37279E+05
   1.91728E-01   2.87126E-03   7.63138E-01   1.66057E-03   4.06030E-02   2.11162E+04  -6.15312E+04  -5.34730E+04  -1.27641E+05  -1.37166E+05
   1.92728E-01   2.86771E-03   7.62193E-01   1.65851E-03   4.05528E-02   2.12857E+04  -6.15555E+04  -5.35215E+04  -1.27712E+05  -1.37053E+05
   1.93728E-01   2.86416E-03   7.61249E-01   1.65646E-03   4.05025E-02   2.14552E+04  -6.15808E+04  -5.35703E+04  -1.27784E+05  -1.36939E+05
   1.94728E-01   2.86060E-03   7.60305E-01   1.65440E-03   4.04523E-02   2.16249E+04  -6.16070E+04  -5.36194E+04  -1.27856E+05  -1.36826E+05
   1.95728E-01   2.85705E-03   7.59361E-01   1.65235E-03   4.04021E-02   2.17947E+04  -6.16341E+04  -5.36688E+04  -1.27929E+05  -1.36713E+05
   1.96728E-01   2.85350E-03   7.58417E-01   1.65030E-03   4.03518E-02   2.19646E+04  -6.16622E+04  -5.37185E+04  -1.28001E+05  -1.36600E+05
   1.97728E-01   2.84995E-03   7.57473E-01   1.64824E-03   4.03016E-02   2.21347E+04  -6.16912E+04  -5.37685E+04  -1.28074E+05  -1.36486E+05
   1.98728E-01   2.84639E-03   7.56528E-01   1.64619E-03   4.02513E-02   2.23049E+04  -6.17212E+04  -5.38188E+04  -1.28147E+05  -1.36373E+05
   1.99728E-01   2.84284E-03   7.55584E-01   1.64413E-03   4.02011E-02   2.24753E+04  -6.17521E+04  -5.38695E+04  -1.28220E+05  -1.36260E+05
   2.00728E-01   2.83929E-03   7.54640E-01   1.64208E-03   4.01509E-02   2.26458E+04  -6.17840E+04  -5.39204E+04  -1.28294E+05  -1.36147E+05
   2.01728E-01   2.83574E-03   7.53696E-01   1.64002E-03   4.01006E-02   2.28164E+04  -6.18169E+04  -5.39717E+04  -1.28368E+05  -1.36034E+05
   2.02728E-01   2.83218E-03   7.52752E-01   1.63797E-03   4.00504E-02   2.29873E+04  -6.18508E+04  -5.40233E+04  -1.28442E+05  -1.35920E+05
   2.03728E-01   2.82863E-03   7.51808E-01   1.63591E-03   4.00002E-02   2.31583E+04  -6.18856E+04  -5.40752E+04  -1.28516E+05  -1.35807E+05
   2.04728E-01   2.82508E-03   7.50863E-01   1.63386E-03   3.99499E-02   2.33295E+04  -6.19215E+04  -5.41275E+04  -1.28591E+05  -1.35694E+05
   2.05728E-01   2.82153E-03   7.49919E-01   1.63180E-03   3.98997E-02   2.35008E+04  -6.19584E+04  -5.41801E+04  -1.28666E+05  -1.35581E+05
   2.06728E-01   2.81798E-03   7.48975E-01   1.62975E-03   3.98495E-02   2.36724E+04  -6.19963E+04  -5.42330E+04  -1.28741E+05  -1.35468E+05
   2.07728E-01   2.81442E-03   7.48031E-01   1.62770E-03   3.97992E-02   2.38442E+04  -6.20353E+04  -5.42862E+04  -1.28816E+05  -1.35355E+05
   2.08728E-01   2.81087E-03   7.47087E-01   1.62564E-03   3.97490E-02   2.40162E+04  -6.20752E+04  -5.43398E+04  -1.28892E+05  -1.35242E+05
   2.09728E-01   2.80732E-03   7.46143E-01   1.62359E-03   3.96988E-02   2.41883E+04  -6.21163E+04  -5.43938E+04  -1.28968E+05  -1.35130E+05
   2.10728E-01   2.80377E-03   7.45199E-01   1.62153E-03   3.96485E-02   2.43608E+04  -6.21584E+04  -5.44480E+04  -1.29044E+05  -1.35017E+05
   2.11728E-01   2.80021E-03   7.44254E-01   1.61948E-03   3.95983E-02   2.45334E+04  -6.22015E+04  -5.45027E+04  -1.29121E+05  -1.34904E+05
   2.12728E-01   2.79666E-03   7.43310E-01   1.61742E-03   3.95481E-02   2.47062E+04  -6.22458E+04  -5.45577E+04  -1.29197E+05  -1.34791E+05
   2.13728E-01   2.79311E-03   7.42366E-01   1.61537E-03   3.94978E-02   2.48794E+04  -6.22911E+04  -5.46130E+04  -1.29275E+05  -1.34679E+05
   2.14728E-01   2.78956E-03   7.41422E-01   1.61331E-03   3.94476E-02   2.50527E+04  -6.23375E+04  -5.46687E+04  -1.29352E+05  -1.34566E+05
   2.15728E-01   2.78600E-03   7.40478E-01   1.61126E-03   3.93974E-02   2.52263E+04  -6.23851E+04  -5.47248E+04  -1.29430E+05  -1.34454E+05
   2.16728E-01   2.78245E-03   7.39534E-01   1.60921E-03   3.93471E-02   2.54002E+04  -6.24337E+04  -5.47812E+04  -1.29508E+05  -1.34341E+05
   2.17728E-01   2.77890E-03   7.38589E-01   1.60715E-03   3.92969E-02   2.55743E+04  -6.24835E+04  -5.48380E+04  -1.29587E+05  -1.34229E+05
   2.18728E-01   2.77535E-03   7.37645E-01   1.60510E-03   3.92467E-02   2.57487E+04  -6.25344E+04  -5.48951E+04  -1.29666E+05  -1.34117E+05
   2.19728E-01   2.77179E-03   7.36701E-01   1.60304E-03   3.91964E-02   2.59233E+04  -6.25864E+04  -5.49527E+04  -1.29745E+05  -1.34005E+05
   2.20728E-01   2.76824E-03   7.35757E-01   1.60099E-03   3.91462E-02   2.60983E+04  -6.26397E+04  -5.50106E+04  -1.29824E+05  -1.33892E+05
   2.21728E-01   2.76469E-03   7.34813E-01   1.59893E-03   3.90960E-02   2.62735E+04  -6.26940E+04  -5.50689E+04  -1.29904E+05  -1.33780E+05
   2.22728E-01   2.76114E-03   7.33869E-01   1.59688E-03   3.90457E-02   2.64491E+04  -6.27496E+04  -5.51276E+04  -1.29985E+05  -1.33669E+05
   2.23728E-01   2.75759E-03   7.32924E-01   1.59482E-03   3.89955E-02   2.66249E+04  -6.28063E+04  -5.51867E+04  -1.30065E+05  -1.33557E+05
   2.24728E-01   2.75403E-03   7.31980E-01   1.59277E-03   3.89453E-02   2.68010E+04  -6.28643E+04  -5.52462E+04  -1.30146E+05  -1.33445E+05
   2.25728E-01   2.75048E-03   7.31036E-01   1.59072E-03   3.88950E-02   2.69775E+04  -6.29234E+04  -5.53060E+04  -1.30228E+05  -1.33333E+05
   2.26728E-01   2.74693E-03   7.30092E-01   1.58866E-03   3.88448E-02   2.71543E+04  -6.29838E+04  -5.53663E+04  -1.30310E+05  -1.33222E+05
   2.27728E-01   2.74338E-03   7.29148E-01   1.58661E-03   3.87946E-02   2.73314E+04  -6.30454E+04  -5.54270E+04  -1.30392E+05  -1.33111E+05
   2.28728E-01   2.73982E-03   7.28204E-01   1.58455E-03   3.87443E-02   2.75089E+04  -6.31082E+04  -5.54881E+04  -1.30475E+05  -1.32999E+05
   2.29728E-01   2.73627E-03   7.27260E-01   1.58250E-03   3.86941E-02   2.76866E+04  -6.31723E+04  -5.55495E+04  -1.30558E+05  -1.32888E+05
   2.30728E-01   2.73272E-03   7.26315E-01   1.58044E-03   3.86439E-02   2.78648E+04  -6.32377E+04  -5.56114E+04  -1.30641E+05  -1.32777E+05
   2.31728E-01   2.72917E-03   7.25371E-01   1.57839E-03   3.85936E-02   2.80433E+04  -6.33043E+04  -5.56738E+04  -1.30725E+05  -1.32666E+05
   2.32728E-01   2.72561E-03   7.24427E-01   1.57633E-03   3.85434E-02   2.82221E+04  -6.33722E+04  -5.57365E+04  -1.30810E+05  -1.32556E+05
   2.33728E-01   2.72206E-03   7.23483E-01   1.57428E-03   3.84931E-02   2.84013E+04  -6.34414E+04  -5.57997E+04  -1.30895E+05  -1.32445E+05
   2.34728E-01   2.71851E-03   7.22539E-01   1.57223E-03   3.84429E-02   2.85809E+04  -6.35119E+04  -5.58633E+04  -1.30980E+05  -1.32335E+05
   2.35728E-01   2.71496E-03   7.21595E-01   1.57017E-03   3.83927E-02   2.87609E+04  -6.35838E+04  -5.59273E+04  -1.31066E+05  -1.32224E+05
   2.36728E-01   2.71140E-03   7.20650E-01   1.56812E-03   3.83424E-02   2.89412E+04  -6.36570E+04  -5.59918E+04  -1.31152E+05  -1.32114E+05
   2.37728E-01   2.70785E-03   7.19706E-01   1.56606E-03   3.82922E-02   2.91219E+04  -6.37315E+04  -5.60567E+04  -1.31239E+05  -1.32004E+05
   2.38728E-01   2.70430E-03   7.18762E-01   1.56401E-03   3.82420E-02   2.93031E+04  -6.38074E+04  -5.61221E+04  -1.31326E+05  -1.31894E+05
   2.39728E-01   2.70075E-03   7.17818E-01   1.56195E-03   3.81917E-02   2.94846E+04  -6.38847E+04  -5.61879E+04  -1.31414E+05  -1.31785E+05
   2.40728E-01   2.69720E-03   7.16874E-01   1.55990E-03   3.81415E-02   2.96666E+04  -6.39633E+04  -5.62542E+04  -1.31502E+05  -1.31675E+05
   2.41728E-01   2.69364E-03   7.15930E-01   1.55784E-03   3.80913E-02   2.98489E+04  -6.40433E+04  -5.63209E+04  -1.31591E+05  -1.31566E+05
   2.42728E-01   2.69009E-03   7.14985E-01   1.55579E-03   3.80410E-02   3.00317E+04  -6.41248E+04  -5.63881E+04  -1.31680E+05  -1.31457E+05
   2.43728E-01   2.68654E-03   7.14041E-01   1.55374E-03   3.79908E-02   3.02149E+04  -6.42077E+04  -5.64557E+04  -1.31770E+05  -1.31348E+05
   2.44728E-01   2.68299E-03   7.13097E-01   1.55168E-03   3.79406E-02   3.03985E+04  -6.42920E+04  -5.65239E+04  -1.31860E+05  -1.31239E+05
   2.45728E-01   2.67943E-03   7.12153E-01   1.54963E-03   3.78903E-02   3.05826E+04  -6.43777E+04  -5.65925E+04  -1.31951E+05  -1.31130E+05
   2.46728E-01   2.67588E-03   7.11209E-01   1.54757E-03   3.78401E-02   3.07671E+04  -6.44649E+04  -5.66615E+04  -1.32042E+05  -1.31022E+05
   2.47728E-01   2.67233E-03   7.10265E-01   1.54552E-03   3.77899E-02   3.09521E+04  -6.45536E+04  -5.67311E+04  -1.32134E+05  -1.30914E+05
   2.48728E-01   2.66878E-03   7.09320E-01   1.54346E-03   3.77396E-02   3.11375E+04  -6.46438E+04  -5.68012E+04  -1.32227E+05  -1.30806E+05
   2.49728E-01   2.66522E-03   7.08376E-01   1.54141E-03   3.76894E-02   3.13234E+04  -6.47355E+04  -5.68717E+04  -1.32320E+05  -1.30698E+05
   2.50728E-01   2.66167E-03   7.07432E-01   1.53935E-03   3.76392E-02   3.15098E+04  -6.48287E+04  -5.69427E+04  -1.32414E+05  -1.30591E+05
   2.51728E-01   2.65812E-03   7.06488E-01   1.53730E-03   3.75889E-02   3.16966E+04  -6.49234E+04  -5.70143E+04  -1.32508E+05  -1.30483E+05
   2.52728E-01   2.65457E-03   7.05544E-01   1.53525E-03   3.75387E-02   3.18839E+04  -6.50197E+04  -5.70863E+04  -1.32603E+05  -1.30376E+05
   2.53728E-01   2.65102E-03   7.04600E-01   1.53319E-03   3.74885E-02   3.20717E+04  -6.51175E+04  -5.71589E+04  -1.32699E+05  -1.30270E+05
   2.54728E-01   2.64746E-03   7.03656E-01   1.53114E-03   3.74382E-02   3.22600E+04  -6.52169E+04  -5.72319E+04  -1.32795E+05  -1.30163E+05
   2.55728E-01   2.64391E-03   7.02711E-01   1.52908E-03   3.73880E-02   3.24488E+04  -6.53179E+04  -5.73055E+04  -1.32892E+05  -1.30057E+05
   2.56728E-01   2.64036E-03   7.01767E-01   1.52703E-03   3.73378E-02   3.26381E+04  -6.54205E+04  -5.73796E+04  -1.32990E+05  -1.29951E+05
   2.57728E-01   2.63681E-03   7.00823E-01   1.52497E-03   3.72875E-02   3.28279E+04  -6.55247E+04  -5.74543E+04  -1.33088E+05  -1.29845E+05
   2.58728E-01   2.63325E-03   6.99879E-01   1.52292E-03   3.72373E-02   3.30182E+04  -6.56305E+04  -5.75294E+04  -1.33187E+05  -1.29739E+05
   2.59728E-01   2.62970E-03   6.98935E-01   1.52086E-03   3.71871E-02   3.32090E+04  -6.57380E+04  -5.76051E+04  -1.33286E+05  -1.29634E+05
   2.60728E-01   2.62615E-03   6.97991E-01   1.51881E-03   3.71368E-02   3.34004E+04  -6.58472E+04  -5.76814E+04  -1.33386E+05  -1.29529E+05
   2.61728E-01   2.62260E-03   6.97046E-01   1.51675E-03   3.70866E-02   3.35923E+04  -6.59580E+04  -5.77582E+04  -1.33487E+05  -1.29425E+05
   2.62728E-01   2.61904E-03   6.96102E-01   1.51470E-03   3.70364E-02   3.37847E+04  -6.60705E+04  -5.78355E+04  -1.33589E+05  -1.29320E+05
   2.63728E-01   2.61549E-03   6.95158E-01   1.51265E-03   3.69861E-02   3.39776E+04  -6.61847E+04  -5.79134E+04  -1.33691E+05  -1.29216E+05
   2.64728E-01   2.61194E-03   6.94214E-01   1.51059E-03   3.69359E-02   3.41712E+04  -6.63007E+04  -5.79919E+04  -1.33794E+05  -1.29113E+05
   2.65728E-01   2.60839E-03   6.93270E-01   1.50854E-03   3.68857E-02   3.43652E+04  -6.64184E+04  -5.80709E+04  -1.33898E+05  -1.29009E+05
   2.66728E-01   2.60483E-03   6.92326E-01   1.50648E-03   3.68354E-02   3.45598E+04  -6.65378E+04  -5.81505E+04  -1.34003E+05  -1.28906E+05
   2.67728E-01   2.60128E-03   6.91381E-01   1.50443E-03   3.67852E-02   3.47550E+04  -6.66590E+04  -5.82307E+04  -1.34108E+05  -1.28803E+05
   2.68728E-01   2.59773E-03   6.90437E-01   1.50237E-03   3.67349E-02   3.49508E+04  -6.67820E+04  -5.83114E+04  -1.34214E+05  -1.28701E+05
   2.69728E-01   2.59418E-03   6.89493E-01   1.50032E-03   3.66847E-02   3.51471E+04  -6.69068E+04  -5.83927E+04  -1.34321E+05  -1.28599E+05
   2.70728E-01   2.59063E-03   6.88549E-01   1.49826E-03   3.66345E-02   3.53440E+04  -6.70334E+04  -5.84747E+04  -1.34429E+05  -1.28497E+05
   2.71728E-01   2.58707E-03   6.87605E-01   1.49621E-03   3.65842E-02   3.55415E+04  -6.71619E+04  -5.85572E+04  -1.34537E+05  -1.28396E+05
   2.72728E-01   2.58352E-03   6.86661E-01   1.49416E-03   3.65340E-02   3.57395E+04  -6.72922E+04  -5.86403E+04  -1.34647E+05  -1.28295E+05
   2.73728E-01   2.57997E-03   6.85717E-01   1.49210E-03   3.64838E-02   3.59382E+04  -6.74244E+04  -5.87240E+04  -1.34757E+05  -1.28194E+05
   2.74728E-01   2.57642E-03   6.84772E-01   1.49005E-03   3.64335E-02   3.61374E+04  -6.75584E+04  -5.88083E+04  -1.34868E+05  -1.28094E+05
   2.75728E-01   2.57286E-03   6.83828E-01   1.48799E-03   3.63833E-02   3.63373E+04  -6.76944E+04  -5.88933E+04  -1.34979E+05  -1.27994E+05
   2.76728E-01   2.56931E-03   6.82884E-01   1.48594E-03   3.63331E-02   3.65378E+04  -6.78323E+04  -5.89788E+04  -1.35092E+05  -1.27895E+05
   2.77728E-01   2.56576E-03   6.81940E-01   1.48388E-03   3.62828E-02   3.67389E+04  -6.79722E+04  -5.90650E+04  -1.35206E+05  -1.27796E+05
   2.78728E-01   2.56221E-03   6.80996E-01   1.48183E-03   3.62326E-02   3.69406E+04  -6.81140E+04  -5.91518E+04  -1.35320E+05  -1.27697E+05
   2.79728E-01   2.55865E-03   6.80052E-01   1.47977E-03   3.61824E-02   3.71429E+04  -6.82577E+04  -5.92393E+04  -1.35435E+05  -1.27599E+05
   2.80728E-01   2.55510E-03   6.79107E-01   1.47772E-03   3.61321E-02   3.73458E+04  -6.84035E+04  -5.93274E+04  -1.35552E+05  -1.27501E+05
   2.81728E-01   2.55155E-03   6.78163E-01   1.47567E-03   3.60819E-02   3.75494E+04  -6.85513E+04  -5.94161E+04  -1.35669E+05  -1.27404E+05
   2.82728E-01   2.54800E-03   6.77219E-01   1.47361E-03   3.60317E-02   3.77536E+04  -6.87011E+04  -5.95055E+04  -1.35787E+05  -1.27307E+05
   2.83728E-01   2.54444E-03   6.76275E-01   1.47156E-03   3.59814E-02   3.79585E+04  -6.88530E+04  -5.95955E+04  -1.35906E+05  -1.27210E+05
   2.84728E-01   2.54089E-03   6.75331E-01   1.46950E-03   3.59312E-02   3.81640E+04  -6.90069E+04  -5.96862E+04  -1.36026E+05  -1.27114E+05
   2.85728E-01   2.53734E-03   6.74387E-01   1.46745E-03   3.58810E-02   3.83701E+04  -6.91630E+04  -5.97776E+04  -1.36147E+05  -1.27019E+05
   2.86728E-01   2.53379E-03   6.73442E-01   1.46539E-03   3.58307E-02   3.85769E+04  -6.93211E+04  -5.98696E+04  -1.36269E+05  -1.26924E+05
   2.87728E-01   2.53024E-03   6.72498E-01   1.46334E-03   3.57805E-02   3.87844E+04  -6.94814E+04  -5.99623E+04  -1.36392E+05  -1.26829E+05
   2.88728E-01   2.52668E-03   6.71554E-01   1.46128E-03   3.57303E-02   3.89925E+04  -6.96438E+04  -6.00557E+04  -1.36516E+05  -1.26735E+05
   2.89728E-01   2.52313E-03   6.70610E-01   1.45923E-03   3.56800E-02   3.92013E+04  -6.98084E+04  -6.01498E+04  -1.36641E+05  -1.26642E+05
   2.90728E-01   2.51958E-03   6.69666E-01   1.45718E-03   3.56298E-02   3.94108E+04  -6.99751E+04  -6.02445E+04  -1.36767E+05  -1.26549E+05
   2.91728E-01   2.51603E-03   6.68722E-01   1.45512E-03   3.55796E-02   3.96209E+04  -7.01441E+04  -6.03400E+04  -1.36894E+05  -1.26456E+05
   2.92728E-01   2.51247E-03   6.67778E-01   1.45307E-03   3.55293E-02   3.98317E+04  -7.03153E+04  -6.04361E+04  -1.37023E+05  -1.26364E+05
   2.93728E-01   2.50892E-03   6.66833E-01   1.45101E-03   3.54791E-02   4.00432E+04  -7.04887E+04  -6.05330E+04  -1.37152E+05  -1.26273E+05
   2.94728E-01   2.50537E-03   6.65889E-01   1.44896E-03   3.54289E-02   4.02553E+04  -7.06645E+04  -6.06306E+04  -1.37282E+05  -1.26182E+05
   2.95728E-01   2.50182E-03   6.64945E-01   1.44690E-03   3.53786E-02   4.04682E+04  -7.08425E+04  -6.07288E+04  -1.37414E+05  -1.26091E+05
   2.96728E-01   2.49826E-03   6.64001E-01   1.44485E-03   3.53284E-02   4.06817E+04  -7.10228E+04  -6.08279E+04  -1.37547E+05  -1.26002E+05
   2.97728E-01   2.49471E-03   6.63057E-01   1.44279E-03   3.52782E-02   4.08960E+04  -7.12054E+04  -6.09276E+04  -1.37680E+05  -1.25912E+05
   2.98728E-01   2.49116E-03   6.62113E-01   1.44074E-03   3.52279E-02   4.11109E+04  -7.13904E+04  -6.10280E+04  -1.37815E+05  -1.25824E+05
   2.99728E-01   2.48761E-03   6.61168E-01   1.43869E-03   3.51777E-02   4.13265E+04  -7.15778E+04  -6.11292E+04  -1.37952E+05  -1.25736E+05
   2.99990E-01   2.48668E-03   6.60921E-01   1.43815E-03   3.51645E-02   4.13832E+04  -7.16273E+04  -6.11559E+04  -1.37987E+05  -1.25713E+05

 Phase Region for:
     FCC_A1                        
 col-1=X(C), col-2=X(CU), col-3=X(FE), col-4=X(MN), col-5=X(SI), col-6=MU(C), col-7=MU(CU), col-8=MU(FE), col-9=MU(MN), col-10=MU(SI),
   9.72763E-03   3.51779E-03   9.34974E-01   2.03448E-03   4.97456E-02  -2.40189E+04  -6.74080E+04  -4.80782E+04  -1.17139E+05  -1.57230E+05
   8.72763E-03   3.52134E-03   9.35919E-01   2.03653E-03   4.97959E-02  -2.50710E+04  -6.74778E+04  -4.80621E+04  -1.17096E+05  -1.57335E+05
   7.72763E-03   3.52489E-03   9.36863E-01   2.03859E-03   4.98461E-02  -2.62408E+04  -6.75479E+04  -4.80460E+04  -1.17053E+05  -1.57441E+05
   6.72763E-03   3.52844E-03   9.37807E-01   2.04064E-03   4.98963E-02  -2.75612E+04  -6.76182E+04  -4.80301E+04  -1.17010E+05  -1.57546E+05
   5.72763E-03   3.53200E-03   9.38751E-01   2.04270E-03   4.99466E-02  -2.90807E+04  -6.76888E+04  -4.80143E+04  -1.16967E+05  -1.57651E+05
   4.72763E-03   3.53555E-03   9.39695E-01   2.04475E-03   4.99968E-02  -3.08763E+04  -6.77596E+04  -4.79985E+04  -1.16924E+05  -1.57757E+05
   3.72763E-03   3.53910E-03   9.40639E-01   2.04681E-03   5.00470E-02  -3.30801E+04  -6.78307E+04  -4.79829E+04  -1.16882E+05  -1.57862E+05
   2.72763E-03   3.54265E-03   9.41584E-01   2.04886E-03   5.00973E-02  -3.59502E+04  -6.79020E+04  -4.79674E+04  -1.16839E+05  -1.57967E+05
   1.72763E-03   3.54621E-03   9.42528E-01   2.05092E-03   5.01475E-02  -4.01080E+04  -6.79735E+04  -4.79519E+04  -1.16797E+05  -1.58072E+05
   7.27626E-04   3.54976E-03   9.43472E-01   2.05297E-03   5.01977E-02  -4.79065E+04  -6.80453E+04  -4.79366E+04  -1.16755E+05  -1.58177E+05
   1.00000E-05   3.55231E-03   9.44149E-01   2.05444E-03   5.02338E-02  -8.62193E+04  -6.80969E+04  -4.79257E+04  -1.16725E+05  -1.58252E+05
