
 Phase Region for:
     BCC_A2                        
 col-1=X(C), col-2=X(CU), col-3=X(FE), col-4=X(MN), col-5=X(SI), col-6=MU(C), col-7=MU(CU), col-8=MU(FE), col-9=MU(MN), col-10=MU(SI),
   2.88620E-02   3.44981E-03   9.16909E-01   1.99517E-03   4.87844E-02   1.60461E+04  -6.30347E+04  -4.85136E+04  -1.11097E+05  -1.58082E+05
   9.99900E-03   3.51682E-03   9.34718E-01   2.03392E-03   4.97320E-02   5.69551E+03  -6.30626E+04  -4.82167E+04  -1.10030E+05  -1.59934E+05

 Phase Region for:
     BCC_A2                        
 col-1=X(C), col-2=X(CU), col-3=X(FE), col-4=X(MN), col-5=X(SI), col-6=MU(C), col-7=MU(CU), col-8=MU(FE), col-9=MU(MN), col-10=MU(SI),
   2.88620E-02   3.44981E-03   9.16909E-01   1.99517E-03   4.87844E-02   1.60461E+04  -6.30347E+04  -4.85136E+04  -1.11097E+05  -1.58082E+05
   2.87620E-02   3.45017E-03   9.17003E-01   1.99537E-03   4.87895E-02   1.60103E+04  -6.30348E+04  -4.85120E+04  -1.11091E+05  -1.58092E+05
   2.86620E-02   3.45053E-03   9.17097E-01   1.99558E-03   4.87945E-02   1.59744E+04  -6.30348E+04  -4.85103E+04  -1.11085E+05  -1.58102E+05
   2.85620E-02   3.45088E-03   9.17192E-01   1.99579E-03   4.87995E-02   1.59384E+04  -6.30349E+04  -4.85087E+04  -1.11079E+05  -1.58112E+05
   2.84620E-02   3.45124E-03   9.17286E-01   1.99599E-03   4.88045E-02   1.59023E+04  -6.30350E+04  -4.85070E+04  -1.11073E+05  -1.58122E+05
   2.83620E-02   3.45159E-03   9.17381E-01   1.99620E-03   4.88095E-02   1.58661E+04  -6.30350E+04  -4.85054E+04  -1.11068E+05  -1.58132E+05
   2.82620E-02   3.45195E-03   9.17475E-01   1.99640E-03   4.88146E-02   1.58298E+04  -6.30351E+04  -4.85038E+04  -1.11062E+05  -1.58142E+05
   2.81620E-02   3.45230E-03   9.17569E-01   1.99661E-03   4.88196E-02   1.57934E+04  -6.30351E+04  -4.85021E+04  -1.11056E+05  -1.58152E+05
   2.80620E-02   3.45266E-03   9.17664E-01   1.99681E-03   4.88246E-02   1.57568E+04  -6.30352E+04  -4.85005E+04  -1.11050E+05  -1.58162E+05
   2.79620E-02   3.45301E-03   9.17758E-01   1.99702E-03   4.88296E-02   1.57202E+04  -6.30352E+04  -4.84989E+04  -1.11044E+05  -1.58171E+05
   2.78620E-02   3.45337E-03   9.17853E-01   1.99722E-03   4.88347E-02   1.56834E+04  -6.30353E+04  -4.84972E+04  -1.11039E+05  -1.58181E+05
   2.77620E-02   3.45372E-03   9.17947E-01   1.99743E-03   4.88397E-02   1.56465E+04  -6.30354E+04  -4.84956E+04  -1.11033E+05  -1.58191E+05
   2.76620E-02   3.45408E-03   9.18042E-01   1.99763E-03   4.88447E-02   1.56095E+04  -6.30354E+04  -4.84940E+04  -1.11027E+05  -1.58201E+05
   2.75620E-02   3.45443E-03   9.18136E-01   1.99784E-03   4.88497E-02   1.55724E+04  -6.30355E+04  -4.84923E+04  -1.11021E+05  -1.58211E+05
   2.74620E-02   3.45479E-03   9.18230E-01   1.99805E-03   4.88548E-02   1.55351E+04  -6.30355E+04  -4.84907E+04  -1.11015E+05  -1.58221E+05
   2.73620E-02   3.45514E-03   9.18325E-01   1.99825E-03   4.88598E-02   1.54978E+04  -6.30356E+04  -4.84891E+04  -1.11009E+05  -1.58231E+05
   2.72620E-02   3.45550E-03   9.18419E-01   1.99846E-03   4.88648E-02   1.54603E+04  -6.30357E+04  -4.84874E+04  -1.11004E+05  -1.58241E+05
   2.71620E-02   3.45585E-03   9.18514E-01   1.99866E-03   4.88698E-02   1.54227E+04  -6.30357E+04  -4.84858E+04  -1.10998E+05  -1.58251E+05
   2.70620E-02   3.45621E-03   9.18608E-01   1.99887E-03   4.88748E-02   1.53850E+04  -6.30358E+04  -4.84842E+04  -1.10992E+05  -1.58261E+05
   2.69620E-02   3.45656E-03   9.18702E-01   1.99907E-03   4.88799E-02   1.53472E+04  -6.30359E+04  -4.84826E+04  -1.10986E+05  -1.58271E+05
   2.68620E-02   3.45692E-03   9.18797E-01   1.99928E-03   4.88849E-02   1.53092E+04  -6.30360E+04  -4.84809E+04  -1.10980E+05  -1.58281E+05
   2.67620E-02   3.45727E-03   9.18891E-01   1.99948E-03   4.88899E-02   1.52712E+04  -6.30360E+04  -4.84793E+04  -1.10975E+05  -1.58290E+05
   2.66620E-02   3.45763E-03   9.18986E-01   1.99969E-03   4.88949E-02   1.52330E+04  -6.30361E+04  -4.84777E+04  -1.10969E+05  -1.58300E+05
   2.65620E-02   3.45799E-03   9.19080E-01   1.99989E-03   4.89000E-02   1.51947E+04  -6.30362E+04  -4.84761E+04  -1.10963E+05  -1.58310E+05
   2.64620E-02   3.45834E-03   9.19175E-01   2.00010E-03   4.89050E-02   1.51562E+04  -6.30362E+04  -4.84744E+04  -1.10957E+05  -1.58320E+05
   2.63620E-02   3.45870E-03   9.19269E-01   2.00031E-03   4.89100E-02   1.51176E+04  -6.30363E+04  -4.84728E+04  -1.10951E+05  -1.58330E+05
   2.62620E-02   3.45905E-03   9.19363E-01   2.00051E-03   4.89150E-02   1.50789E+04  -6.30364E+04  -4.84712E+04  -1.10946E+05  -1.58340E+05
   2.61620E-02   3.45941E-03   9.19458E-01   2.00072E-03   4.89201E-02   1.50401E+04  -6.30365E+04  -4.84696E+04  -1.10940E+05  -1.58350E+05
   2.60620E-02   3.45976E-03   9.19552E-01   2.00092E-03   4.89251E-02   1.50011E+04  -6.30366E+04  -4.84679E+04  -1.10934E+05  -1.58360E+05
   2.59620E-02   3.46012E-03   9.19647E-01   2.00113E-03   4.89301E-02   1.49620E+04  -6.30366E+04  -4.84663E+04  -1.10928E+05  -1.58370E+05
   2.58620E-02   3.46047E-03   9.19741E-01   2.00133E-03   4.89351E-02   1.49228E+04  -6.30367E+04  -4.84647E+04  -1.10923E+05  -1.58380E+05
   2.57620E-02   3.46083E-03   9.19835E-01   2.00154E-03   4.89402E-02   1.48835E+04  -6.30368E+04  -4.84631E+04  -1.10917E+05  -1.58389E+05
   2.56620E-02   3.46118E-03   9.19930E-01   2.00174E-03   4.89452E-02   1.48440E+04  -6.30369E+04  -4.84615E+04  -1.10911E+05  -1.58399E+05
   2.55620E-02   3.46154E-03   9.20024E-01   2.00195E-03   4.89502E-02   1.48044E+04  -6.30370E+04  -4.84598E+04  -1.10905E+05  -1.58409E+05
   2.54620E-02   3.46189E-03   9.20119E-01   2.00215E-03   4.89552E-02   1.47646E+04  -6.30371E+04  -4.84582E+04  -1.10899E+05  -1.58419E+05
   2.53620E-02   3.46225E-03   9.20213E-01   2.00236E-03   4.89602E-02   1.47247E+04  -6.30371E+04  -4.84566E+04  -1.10894E+05  -1.58429E+05
   2.52620E-02   3.46260E-03   9.20308E-01   2.00257E-03   4.89653E-02   1.46847E+04  -6.30372E+04  -4.84550E+04  -1.10888E+05  -1.58439E+05
   2.51620E-02   3.46296E-03   9.20402E-01   2.00277E-03   4.89703E-02   1.46445E+04  -6.30373E+04  -4.84534E+04  -1.10882E+05  -1.58449E+05
   2.50620E-02   3.46331E-03   9.20496E-01   2.00298E-03   4.89753E-02   1.46042E+04  -6.30374E+04  -4.84518E+04  -1.10876E+05  -1.58459E+05
   2.49620E-02   3.46367E-03   9.20591E-01   2.00318E-03   4.89803E-02   1.45637E+04  -6.30375E+04  -4.84502E+04  -1.10871E+05  -1.58469E+05
   2.48620E-02   3.46402E-03   9.20685E-01   2.00339E-03   4.89854E-02   1.45231E+04  -6.30376E+04  -4.84485E+04  -1.10865E+05  -1.58478E+05
   2.47620E-02   3.46438E-03   9.20780E-01   2.00359E-03   4.89904E-02   1.44824E+04  -6.30377E+04  -4.84469E+04  -1.10859E+05  -1.58488E+05
   2.46620E-02   3.46473E-03   9.20874E-01   2.00380E-03   4.89954E-02   1.44415E+04  -6.30378E+04  -4.84453E+04  -1.10853E+05  -1.58498E+05
   2.45620E-02   3.46509E-03   9.20968E-01   2.00400E-03   4.90004E-02   1.44005E+04  -6.30379E+04  -4.84437E+04  -1.10848E+05  -1.58508E+05
   2.44620E-02   3.46545E-03   9.21063E-01   2.00421E-03   4.90055E-02   1.43593E+04  -6.30380E+04  -4.84421E+04  -1.10842E+05  -1.58518E+05
   2.43620E-02   3.46580E-03   9.21157E-01   2.00441E-03   4.90105E-02   1.43180E+04  -6.30381E+04  -4.84405E+04  -1.10836E+05  -1.58528E+05
   2.42620E-02   3.46616E-03   9.21252E-01   2.00462E-03   4.90155E-02   1.42765E+04  -6.30382E+04  -4.84389E+04  -1.10830E+05  -1.58538E+05
   2.41620E-02   3.46651E-03   9.21346E-01   2.00483E-03   4.90205E-02   1.42349E+04  -6.30383E+04  -4.84373E+04  -1.10825E+05  -1.58548E+05
   2.40620E-02   3.46687E-03   9.21441E-01   2.00503E-03   4.90256E-02   1.41931E+04  -6.30384E+04  -4.84357E+04  -1.10819E+05  -1.58557E+05
   2.39620E-02   3.46722E-03   9.21535E-01   2.00524E-03   4.90306E-02   1.41512E+04  -6.30385E+04  -4.84341E+04  -1.10813E+05  -1.58567E+05
   2.38620E-02   3.46758E-03   9.21629E-01   2.00544E-03   4.90356E-02   1.41091E+04  -6.30386E+04  -4.84325E+04  -1.10807E+05  -1.58577E+05
   2.37620E-02   3.46793E-03   9.21724E-01   2.00565E-03   4.90406E-02   1.40669E+04  -6.30387E+04  -4.84309E+04  -1.10802E+05  -1.58587E+05
   2.36620E-02   3.46829E-03   9.21818E-01   2.00585E-03   4.90456E-02   1.40245E+04  -6.30388E+04  -4.84293E+04  -1.10796E+05  -1.58597E+05
   2.35620E-02   3.46864E-03   9.21913E-01   2.00606E-03   4.90507E-02   1.39819E+04  -6.30389E+04  -4.84277E+04  -1.10790E+05  -1.58607E+05
   2.34620E-02   3.46900E-03   9.22007E-01   2.00626E-03   4.90557E-02   1.39392E+04  -6.30390E+04  -4.84261E+04  -1.10784E+05  -1.58617E+05
   2.33620E-02   3.46935E-03   9.22101E-01   2.00647E-03   4.90607E-02   1.38963E+04  -6.30391E+04  -4.84244E+04  -1.10779E+05  -1.58627E+05
   2.32620E-02   3.46971E-03   9.22196E-01   2.00667E-03   4.90657E-02   1.38533E+04  -6.30392E+04  -4.84228E+04  -1.10773E+05  -1.58636E+05
   2.31620E-02   3.47006E-03   9.22290E-01   2.00688E-03   4.90708E-02   1.38101E+04  -6.30393E+04  -4.84212E+04  -1.10767E+05  -1.58646E+05
   2.30620E-02   3.47042E-03   9.22385E-01   2.00708E-03   4.90758E-02   1.37667E+04  -6.30394E+04  -4.84196E+04  -1.10761E+05  -1.58656E+05
   2.29620E-02   3.47077E-03   9.22479E-01   2.00729E-03   4.90808E-02   1.37232E+04  -6.30395E+04  -4.84181E+04  -1.10756E+05  -1.58666E+05
   2.28620E-02   3.47113E-03   9.22574E-01   2.00750E-03   4.90858E-02   1.36795E+04  -6.30396E+04  -4.84165E+04  -1.10750E+05  -1.58676E+05
   2.27620E-02   3.47148E-03   9.22668E-01   2.00770E-03   4.90909E-02   1.36356E+04  -6.30398E+04  -4.84149E+04  -1.10744E+05  -1.58686E+05
   2.26620E-02   3.47184E-03   9.22762E-01   2.00791E-03   4.90959E-02   1.35916E+04  -6.30399E+04  -4.84133E+04  -1.10739E+05  -1.58696E+05
   2.25620E-02   3.47219E-03   9.22857E-01   2.00811E-03   4.91009E-02   1.35473E+04  -6.30400E+04  -4.84117E+04  -1.10733E+05  -1.58705E+05
   2.24620E-02   3.47255E-03   9.22951E-01   2.00832E-03   4.91059E-02   1.35029E+04  -6.30401E+04  -4.84101E+04  -1.10727E+05  -1.58715E+05
   2.23620E-02   3.47290E-03   9.23046E-01   2.00852E-03   4.91110E-02   1.34584E+04  -6.30402E+04  -4.84085E+04  -1.10721E+05  -1.58725E+05
   2.22620E-02   3.47326E-03   9.23140E-01   2.00873E-03   4.91160E-02   1.34136E+04  -6.30403E+04  -4.84069E+04  -1.10716E+05  -1.58735E+05
   2.21620E-02   3.47362E-03   9.23234E-01   2.00893E-03   4.91210E-02   1.33687E+04  -6.30405E+04  -4.84053E+04  -1.10710E+05  -1.58745E+05
   2.20620E-02   3.47397E-03   9.23329E-01   2.00914E-03   4.91260E-02   1.33236E+04  -6.30406E+04  -4.84037E+04  -1.10704E+05  -1.58755E+05
   2.19620E-02   3.47433E-03   9.23423E-01   2.00934E-03   4.91310E-02   1.32783E+04  -6.30407E+04  -4.84021E+04  -1.10699E+05  -1.58765E+05
   2.18620E-02   3.47468E-03   9.23518E-01   2.00955E-03   4.91361E-02   1.32328E+04  -6.30408E+04  -4.84005E+04  -1.10693E+05  -1.58774E+05
   2.17620E-02   3.47504E-03   9.23612E-01   2.00976E-03   4.91411E-02   1.31872E+04  -6.30410E+04  -4.83989E+04  -1.10687E+05  -1.58784E+05
   2.16620E-02   3.47539E-03   9.23707E-01   2.00996E-03   4.91461E-02   1.31413E+04  -6.30411E+04  -4.83973E+04  -1.10681E+05  -1.58794E+05
   2.15620E-02   3.47575E-03   9.23801E-01   2.01017E-03   4.91511E-02   1.30953E+04  -6.30412E+04  -4.83957E+04  -1.10676E+05  -1.58804E+05
   2.14620E-02   3.47610E-03   9.23895E-01   2.01037E-03   4.91562E-02   1.30491E+04  -6.30413E+04  -4.83942E+04  -1.10670E+05  -1.58814E+05
   2.13620E-02   3.47646E-03   9.23990E-01   2.01058E-03   4.91612E-02   1.30027E+04  -6.30415E+04  -4.83926E+04  -1.10664E+05  -1.58824E+05
   2.12620E-02   3.47681E-03   9.24084E-01   2.01078E-03   4.91662E-02   1.29560E+04  -6.30416E+04  -4.83910E+04  -1.10659E+05  -1.58833E+05
   2.11620E-02   3.47717E-03   9.24179E-01   2.01099E-03   4.91712E-02   1.29092E+04  -6.30417E+04  -4.83894E+04  -1.10653E+05  -1.58843E+05
   2.10620E-02   3.47752E-03   9.24273E-01   2.01119E-03   4.91763E-02   1.28622E+04  -6.30419E+04  -4.83878E+04  -1.10647E+05  -1.58853E+05
   2.09620E-02   3.47788E-03   9.24367E-01   2.01140E-03   4.91813E-02   1.28150E+04  -6.30420E+04  -4.83862E+04  -1.10642E+05  -1.58863E+05
   2.08620E-02   3.47823E-03   9.24462E-01   2.01160E-03   4.91863E-02   1.27676E+04  -6.30421E+04  -4.83846E+04  -1.10636E+05  -1.58873E+05
   2.07620E-02   3.47859E-03   9.24556E-01   2.01181E-03   4.91913E-02   1.27200E+04  -6.30423E+04  -4.83831E+04  -1.10630E+05  -1.58883E+05
   2.06620E-02   3.47894E-03   9.24651E-01   2.01202E-03   4.91963E-02   1.26722E+04  -6.30424E+04  -4.83815E+04  -1.10625E+05  -1.58892E+05
   2.05620E-02   3.47930E-03   9.24745E-01   2.01222E-03   4.92014E-02   1.26241E+04  -6.30425E+04  -4.83799E+04  -1.10619E+05  -1.58902E+05
   2.04620E-02   3.47965E-03   9.24840E-01   2.01243E-03   4.92064E-02   1.25759E+04  -6.30427E+04  -4.83783E+04  -1.10613E+05  -1.58912E+05
   2.03620E-02   3.48001E-03   9.24934E-01   2.01263E-03   4.92114E-02   1.25275E+04  -6.30428E+04  -4.83767E+04  -1.10608E+05  -1.58922E+05
   2.02620E-02   3.48036E-03   9.25028E-01   2.01284E-03   4.92164E-02   1.24788E+04  -6.30429E+04  -4.83752E+04  -1.10602E+05  -1.58932E+05
   2.01620E-02   3.48072E-03   9.25123E-01   2.01304E-03   4.92215E-02   1.24299E+04  -6.30431E+04  -4.83736E+04  -1.10596E+05  -1.58942E+05
   2.00620E-02   3.48108E-03   9.25217E-01   2.01325E-03   4.92265E-02   1.23808E+04  -6.30432E+04  -4.83720E+04  -1.10591E+05  -1.58951E+05
   1.99620E-02   3.48143E-03   9.25312E-01   2.01345E-03   4.92315E-02   1.23315E+04  -6.30434E+04  -4.83704E+04  -1.10585E+05  -1.58961E+05
   1.98620E-02   3.48179E-03   9.25406E-01   2.01366E-03   4.92365E-02   1.22819E+04  -6.30435E+04  -4.83688E+04  -1.10579E+05  -1.58971E+05
   1.97620E-02   3.48214E-03   9.25500E-01   2.01386E-03   4.92416E-02   1.22322E+04  -6.30437E+04  -4.83673E+04  -1.10574E+05  -1.58981E+05
   1.96620E-02   3.48250E-03   9.25595E-01   2.01407E-03   4.92466E-02   1.21822E+04  -6.30438E+04  -4.83657E+04  -1.10568E+05  -1.58991E+05
   1.95620E-02   3.48285E-03   9.25689E-01   2.01428E-03   4.92516E-02   1.21320E+04  -6.30440E+04  -4.83641E+04  -1.10562E+05  -1.59000E+05
   1.94620E-02   3.48321E-03   9.25784E-01   2.01448E-03   4.92566E-02   1.20815E+04  -6.30441E+04  -4.83625E+04  -1.10557E+05  -1.59010E+05
   1.93620E-02   3.48356E-03   9.25878E-01   2.01469E-03   4.92617E-02   1.20308E+04  -6.30443E+04  -4.83610E+04  -1.10551E+05  -1.59020E+05
   1.92620E-02   3.48392E-03   9.25973E-01   2.01489E-03   4.92667E-02   1.19799E+04  -6.30444E+04  -4.83594E+04  -1.10545E+05  -1.59030E+05
   1.91620E-02   3.48427E-03   9.26067E-01   2.01510E-03   4.92717E-02   1.19287E+04  -6.30446E+04  -4.83578E+04  -1.10540E+05  -1.59040E+05
   1.90620E-02   3.48463E-03   9.26161E-01   2.01530E-03   4.92767E-02   1.18773E+04  -6.30447E+04  -4.83563E+04  -1.10534E+05  -1.59050E+05
   1.89620E-02   3.48498E-03   9.26256E-01   2.01551E-03   4.92817E-02   1.18256E+04  -6.30449E+04  -4.83547E+04  -1.10528E+05  -1.59059E+05
   1.88620E-02   3.48534E-03   9.26350E-01   2.01571E-03   4.92868E-02   1.17737E+04  -6.30450E+04  -4.83531E+04  -1.10523E+05  -1.59069E+05
   1.87620E-02   3.48569E-03   9.26445E-01   2.01592E-03   4.92918E-02   1.17216E+04  -6.30452E+04  -4.83515E+04  -1.10517E+05  -1.59079E+05
   1.86620E-02   3.48605E-03   9.26539E-01   2.01612E-03   4.92968E-02   1.16692E+04  -6.30453E+04  -4.83500E+04  -1.10511E+05  -1.59089E+05
   1.85620E-02   3.48640E-03   9.26633E-01   2.01633E-03   4.93018E-02   1.16165E+04  -6.30455E+04  -4.83484E+04  -1.10506E+05  -1.59099E+05
   1.84620E-02   3.48676E-03   9.26728E-01   2.01654E-03   4.93069E-02   1.15636E+04  -6.30456E+04  -4.83468E+04  -1.10500E+05  -1.59108E+05
   1.83620E-02   3.48711E-03   9.26822E-01   2.01674E-03   4.93119E-02   1.15104E+04  -6.30458E+04  -4.83453E+04  -1.10495E+05  -1.59118E+05
   1.82620E-02   3.48747E-03   9.26917E-01   2.01695E-03   4.93169E-02   1.14569E+04  -6.30460E+04  -4.83437E+04  -1.10489E+05  -1.59128E+05
   1.81620E-02   3.48782E-03   9.27011E-01   2.01715E-03   4.93219E-02   1.14032E+04  -6.30461E+04  -4.83421E+04  -1.10483E+05  -1.59138E+05
   1.80620E-02   3.48818E-03   9.27105E-01   2.01736E-03   4.93270E-02   1.13493E+04  -6.30463E+04  -4.83406E+04  -1.10478E+05  -1.59148E+05
   1.79620E-02   3.48854E-03   9.27200E-01   2.01756E-03   4.93320E-02   1.12950E+04  -6.30464E+04  -4.83390E+04  -1.10472E+05  -1.59157E+05
   1.78620E-02   3.48889E-03   9.27294E-01   2.01777E-03   4.93370E-02   1.12405E+04  -6.30466E+04  -4.83375E+04  -1.10466E+05  -1.59167E+05
   1.77620E-02   3.48925E-03   9.27389E-01   2.01797E-03   4.93420E-02   1.11857E+04  -6.30468E+04  -4.83359E+04  -1.10461E+05  -1.59177E+05
   1.76620E-02   3.48960E-03   9.27483E-01   2.01818E-03   4.93471E-02   1.11306E+04  -6.30469E+04  -4.83343E+04  -1.10455E+05  -1.59187E+05
   1.75620E-02   3.48996E-03   9.27578E-01   2.01838E-03   4.93521E-02   1.10752E+04  -6.30471E+04  -4.83328E+04  -1.10449E+05  -1.59197E+05
   1.74620E-02   3.49031E-03   9.27672E-01   2.01859E-03   4.93571E-02   1.10195E+04  -6.30473E+04  -4.83312E+04  -1.10444E+05  -1.59206E+05
   1.73620E-02   3.49067E-03   9.27766E-01   2.01880E-03   4.93621E-02   1.09636E+04  -6.30474E+04  -4.83296E+04  -1.10438E+05  -1.59216E+05
   1.72620E-02   3.49102E-03   9.27861E-01   2.01900E-03   4.93671E-02   1.09073E+04  -6.30476E+04  -4.83281E+04  -1.10433E+05  -1.59226E+05
   1.71620E-02   3.49138E-03   9.27955E-01   2.01921E-03   4.93722E-02   1.08508E+04  -6.30478E+04  -4.83265E+04  -1.10427E+05  -1.59236E+05
   1.70620E-02   3.49173E-03   9.28050E-01   2.01941E-03   4.93772E-02   1.07939E+04  -6.30480E+04  -4.83250E+04  -1.10421E+05  -1.59246E+05
   1.69620E-02   3.49209E-03   9.28144E-01   2.01962E-03   4.93822E-02   1.07368E+04  -6.30481E+04  -4.83234E+04  -1.10416E+05  -1.59255E+05
   1.68620E-02   3.49244E-03   9.28238E-01   2.01982E-03   4.93872E-02   1.06793E+04  -6.30483E+04  -4.83219E+04  -1.10410E+05  -1.59265E+05
   1.67620E-02   3.49280E-03   9.28333E-01   2.02003E-03   4.93923E-02   1.06215E+04  -6.30485E+04  -4.83203E+04  -1.10405E+05  -1.59275E+05
   1.66620E-02   3.49315E-03   9.28427E-01   2.02023E-03   4.93973E-02   1.05634E+04  -6.30487E+04  -4.83187E+04  -1.10399E+05  -1.59285E+05
   1.65620E-02   3.49351E-03   9.28522E-01   2.02044E-03   4.94023E-02   1.05050E+04  -6.30488E+04  -4.83172E+04  -1.10393E+05  -1.59294E+05
   1.64620E-02   3.49386E-03   9.28616E-01   2.02064E-03   4.94073E-02   1.04463E+04  -6.30490E+04  -4.83156E+04  -1.10388E+05  -1.59304E+05
   1.63620E-02   3.49422E-03   9.28711E-01   2.02085E-03   4.94124E-02   1.03872E+04  -6.30492E+04  -4.83141E+04  -1.10382E+05  -1.59314E+05
   1.62620E-02   3.49457E-03   9.28805E-01   2.02106E-03   4.94174E-02   1.03278E+04  -6.30494E+04  -4.83125E+04  -1.10377E+05  -1.59324E+05
   1.61620E-02   3.49493E-03   9.28899E-01   2.02126E-03   4.94224E-02   1.02680E+04  -6.30496E+04  -4.83110E+04  -1.10371E+05  -1.59334E+05
   1.60620E-02   3.49528E-03   9.28994E-01   2.02147E-03   4.94274E-02   1.02080E+04  -6.30497E+04  -4.83094E+04  -1.10365E+05  -1.59343E+05
   1.59620E-02   3.49564E-03   9.29088E-01   2.02167E-03   4.94325E-02   1.01475E+04  -6.30499E+04  -4.83079E+04  -1.10360E+05  -1.59353E+05
   1.58620E-02   3.49600E-03   9.29183E-01   2.02188E-03   4.94375E-02   1.00868E+04  -6.30501E+04  -4.83063E+04  -1.10354E+05  -1.59363E+05
   1.57620E-02   3.49635E-03   9.29277E-01   2.02208E-03   4.94425E-02   1.00256E+04  -6.30503E+04  -4.83048E+04  -1.10349E+05  -1.59373E+05
   1.56620E-02   3.49671E-03   9.29371E-01   2.02229E-03   4.94475E-02   9.96416E+03  -6.30505E+04  -4.83032E+04  -1.10343E+05  -1.59382E+05
   1.55620E-02   3.49706E-03   9.29466E-01   2.02249E-03   4.94525E-02   9.90231E+03  -6.30507E+04  -4.83017E+04  -1.10337E+05  -1.59392E+05
   1.54620E-02   3.49742E-03   9.29560E-01   2.02270E-03   4.94576E-02   9.84009E+03  -6.30508E+04  -4.83001E+04  -1.10332E+05  -1.59402E+05
   1.53620E-02   3.49777E-03   9.29655E-01   2.02290E-03   4.94626E-02   9.77750E+03  -6.30510E+04  -4.82986E+04  -1.10326E+05  -1.59412E+05
   1.52620E-02   3.49813E-03   9.29749E-01   2.02311E-03   4.94676E-02   9.71454E+03  -6.30512E+04  -4.82971E+04  -1.10321E+05  -1.59421E+05
   1.51620E-02   3.49848E-03   9.29844E-01   2.02332E-03   4.94726E-02   9.65119E+03  -6.30514E+04  -4.82955E+04  -1.10315E+05  -1.59431E+05
   1.50620E-02   3.49884E-03   9.29938E-01   2.02352E-03   4.94777E-02   9.58745E+03  -6.30516E+04  -4.82940E+04  -1.10310E+05  -1.59441E+05
   1.49620E-02   3.49919E-03   9.30032E-01   2.02373E-03   4.94827E-02   9.52332E+03  -6.30518E+04  -4.82924E+04  -1.10304E+05  -1.59451E+05
   1.48620E-02   3.49955E-03   9.30127E-01   2.02393E-03   4.94877E-02   9.45880E+03  -6.30520E+04  -4.82909E+04  -1.10298E+05  -1.59461E+05
   1.47620E-02   3.49990E-03   9.30221E-01   2.02414E-03   4.94927E-02   9.39387E+03  -6.30522E+04  -4.82893E+04  -1.10293E+05  -1.59470E+05
   1.46620E-02   3.50026E-03   9.30316E-01   2.02434E-03   4.94978E-02   9.32853E+03  -6.30524E+04  -4.82878E+04  -1.10287E+05  -1.59480E+05
   1.45620E-02   3.50061E-03   9.30410E-01   2.02455E-03   4.95028E-02   9.26278E+03  -6.30526E+04  -4.82863E+04  -1.10282E+05  -1.59490E+05
   1.44620E-02   3.50097E-03   9.30504E-01   2.02475E-03   4.95078E-02   9.19661E+03  -6.30528E+04  -4.82847E+04  -1.10276E+05  -1.59500E+05
   1.43620E-02   3.50132E-03   9.30599E-01   2.02496E-03   4.95128E-02   9.13001E+03  -6.30530E+04  -4.82832E+04  -1.10271E+05  -1.59509E+05
   1.42620E-02   3.50168E-03   9.30693E-01   2.02516E-03   4.95178E-02   9.06298E+03  -6.30532E+04  -4.82816E+04  -1.10265E+05  -1.59519E+05
   1.41620E-02   3.50203E-03   9.30788E-01   2.02537E-03   4.95229E-02   8.99552E+03  -6.30534E+04  -4.82801E+04  -1.10260E+05  -1.59529E+05
   1.40620E-02   3.50239E-03   9.30882E-01   2.02558E-03   4.95279E-02   8.92761E+03  -6.30536E+04  -4.82786E+04  -1.10254E+05  -1.59539E+05
   1.39620E-02   3.50274E-03   9.30977E-01   2.02578E-03   4.95329E-02   8.85925E+03  -6.30538E+04  -4.82770E+04  -1.10248E+05  -1.59548E+05
   1.38620E-02   3.50310E-03   9.31071E-01   2.02599E-03   4.95379E-02   8.79043E+03  -6.30540E+04  -4.82755E+04  -1.10243E+05  -1.59558E+05
   1.37620E-02   3.50346E-03   9.31165E-01   2.02619E-03   4.95430E-02   8.72115E+03  -6.30542E+04  -4.82740E+04  -1.10237E+05  -1.59568E+05
   1.36620E-02   3.50381E-03   9.31260E-01   2.02640E-03   4.95480E-02   8.65139E+03  -6.30544E+04  -4.82724E+04  -1.10232E+05  -1.59578E+05
   1.35620E-02   3.50417E-03   9.31354E-01   2.02660E-03   4.95530E-02   8.58116E+03  -6.30546E+04  -4.82709E+04  -1.10226E+05  -1.59587E+05
   1.34620E-02   3.50452E-03   9.31449E-01   2.02681E-03   4.95580E-02   8.51045E+03  -6.30548E+04  -4.82694E+04  -1.10221E+05  -1.59597E+05
   1.33620E-02   3.50488E-03   9.31543E-01   2.02701E-03   4.95631E-02   8.43925E+03  -6.30550E+04  -4.82678E+04  -1.10215E+05  -1.59607E+05
   1.32620E-02   3.50523E-03   9.31637E-01   2.02722E-03   4.95681E-02   8.36754E+03  -6.30552E+04  -4.82663E+04  -1.10210E+05  -1.59617E+05
   1.31620E-02   3.50559E-03   9.31732E-01   2.02742E-03   4.95731E-02   8.29533E+03  -6.30555E+04  -4.82648E+04  -1.10204E+05  -1.59626E+05
   1.30620E-02   3.50594E-03   9.31826E-01   2.02763E-03   4.95781E-02   8.22261E+03  -6.30557E+04  -4.82632E+04  -1.10199E+05  -1.59636E+05
   1.29620E-02   3.50630E-03   9.31921E-01   2.02784E-03   4.95832E-02   8.14936E+03  -6.30559E+04  -4.82617E+04  -1.10193E+05  -1.59646E+05
   1.28620E-02   3.50665E-03   9.32015E-01   2.02804E-03   4.95882E-02   8.07559E+03  -6.30561E+04  -4.82602E+04  -1.10187E+05  -1.59655E+05
   1.27620E-02   3.50701E-03   9.32110E-01   2.02825E-03   4.95932E-02   8.00127E+03  -6.30563E+04  -4.82586E+04  -1.10182E+05  -1.59665E+05
   1.26620E-02   3.50736E-03   9.32204E-01   2.02845E-03   4.95982E-02   7.92641E+03  -6.30565E+04  -4.82571E+04  -1.10176E+05  -1.59675E+05
   1.25620E-02   3.50772E-03   9.32298E-01   2.02866E-03   4.96032E-02   7.85099E+03  -6.30567E+04  -4.82556E+04  -1.10171E+05  -1.59685E+05
   1.24620E-02   3.50807E-03   9.32393E-01   2.02886E-03   4.96083E-02   7.77501E+03  -6.30570E+04  -4.82541E+04  -1.10165E+05  -1.59694E+05
   1.23620E-02   3.50843E-03   9.32487E-01   2.02907E-03   4.96133E-02   7.69845E+03  -6.30572E+04  -4.82525E+04  -1.10160E+05  -1.59704E+05
   1.22620E-02   3.50878E-03   9.32582E-01   2.02927E-03   4.96183E-02   7.62131E+03  -6.30574E+04  -4.82510E+04  -1.10154E+05  -1.59714E+05
   1.21620E-02   3.50914E-03   9.32676E-01   2.02948E-03   4.96233E-02   7.54358E+03  -6.30576E+04  -4.82495E+04  -1.10149E+05  -1.59724E+05
   1.20620E-02   3.50949E-03   9.32770E-01   2.02968E-03   4.96284E-02   7.46525E+03  -6.30578E+04  -4.82480E+04  -1.10143E+05  -1.59733E+05
   1.19620E-02   3.50985E-03   9.32865E-01   2.02989E-03   4.96334E-02   7.38630E+03  -6.30581E+04  -4.82464E+04  -1.10138E+05  -1.59743E+05
   1.18620E-02   3.51020E-03   9.32959E-01   2.03009E-03   4.96384E-02   7.30673E+03  -6.30583E+04  -4.82449E+04  -1.10132E+05  -1.59753E+05
   1.17620E-02   3.51056E-03   9.33054E-01   2.03030E-03   4.96434E-02   7.22653E+03  -6.30585E+04  -4.82434E+04  -1.10127E+05  -1.59762E+05
   1.16620E-02   3.51092E-03   9.33148E-01   2.03051E-03   4.96485E-02   7.14568E+03  -6.30587E+04  -4.82419E+04  -1.10121E+05  -1.59772E+05
   1.15620E-02   3.51127E-03   9.33243E-01   2.03071E-03   4.96535E-02   7.06418E+03  -6.30590E+04  -4.82404E+04  -1.10116E+05  -1.59782E+05
   1.14620E-02   3.51163E-03   9.33337E-01   2.03092E-03   4.96585E-02   6.98201E+03  -6.30592E+04  -4.82388E+04  -1.10110E+05  -1.59792E+05
   1.13620E-02   3.51198E-03   9.33431E-01   2.03112E-03   4.96635E-02   6.89916E+03  -6.30594E+04  -4.82373E+04  -1.10105E+05  -1.59801E+05
   1.12620E-02   3.51234E-03   9.33526E-01   2.03133E-03   4.96686E-02   6.81563E+03  -6.30596E+04  -4.82358E+04  -1.10099E+05  -1.59811E+05
   1.11620E-02   3.51269E-03   9.33620E-01   2.03153E-03   4.96736E-02   6.73139E+03  -6.30599E+04  -4.82343E+04  -1.10094E+05  -1.59821E+05
   1.10620E-02   3.51305E-03   9.33715E-01   2.03174E-03   4.96786E-02   6.64643E+03  -6.30601E+04  -4.82328E+04  -1.10088E+05  -1.59830E+05
   1.09620E-02   3.51340E-03   9.33809E-01   2.03194E-03   4.96836E-02   6.56075E+03  -6.30603E+04  -4.82313E+04  -1.10083E+05  -1.59840E+05
   1.08620E-02   3.51376E-03   9.33903E-01   2.03215E-03   4.96886E-02   6.47432E+03  -6.30606E+04  -4.82297E+04  -1.10077E+05  -1.59850E+05
   1.07620E-02   3.51411E-03   9.33998E-01   2.03235E-03   4.96937E-02   6.38714E+03  -6.30608E+04  -4.82282E+04  -1.10072E+05  -1.59860E+05
   1.06620E-02   3.51447E-03   9.34092E-01   2.03256E-03   4.96987E-02   6.29919E+03  -6.30610E+04  -4.82267E+04  -1.10066E+05  -1.59869E+05
   1.05620E-02   3.51482E-03   9.34187E-01   2.03277E-03   4.97037E-02   6.21046E+03  -6.30613E+04  -4.82252E+04  -1.10061E+05  -1.59879E+05
   1.04620E-02   3.51518E-03   9.34281E-01   2.03297E-03   4.97087E-02   6.12092E+03  -6.30615E+04  -4.82237E+04  -1.10055E+05  -1.59889E+05
   1.03620E-02   3.51553E-03   9.34376E-01   2.03318E-03   4.97138E-02   6.03058E+03  -6.30618E+04  -4.82222E+04  -1.10050E+05  -1.59898E+05
   1.02620E-02   3.51589E-03   9.34470E-01   2.03338E-03   4.97188E-02   5.93940E+03  -6.30620E+04  -4.82207E+04  -1.10044E+05  -1.59908E+05
   1.01620E-02   3.51624E-03   9.34564E-01   2.03359E-03   4.97238E-02   5.84737E+03  -6.30622E+04  -4.82191E+04  -1.10039E+05  -1.59918E+05
   1.00620E-02   3.51660E-03   9.34659E-01   2.03379E-03   4.97288E-02   5.75449E+03  -6.30625E+04  -4.82176E+04  -1.10033E+05  -1.59928E+05
   9.96201E-03   3.51695E-03   9.34753E-01   2.03400E-03   4.97339E-02   5.66072E+03  -6.30627E+04  -4.82161E+04  -1.10028E+05  -1.59937E+05
   9.86201E-03   3.51731E-03   9.34848E-01   2.03420E-03   4.97389E-02   5.56605E+03  -6.30630E+04  -4.82146E+04  -1.10022E+05  -1.59947E+05
   9.76201E-03   3.51766E-03   9.34942E-01   2.03441E-03   4.97439E-02   5.47047E+03  -6.30632E+04  -4.82131E+04  -1.10017E+05  -1.59957E+05
   9.66201E-03   3.51802E-03   9.35036E-01   2.03461E-03   4.97489E-02   5.37395E+03  -6.30635E+04  -4.82116E+04  -1.10011E+05  -1.59966E+05
   9.56201E-03   3.51837E-03   9.35131E-01   2.03482E-03   4.97539E-02   5.27648E+03  -6.30637E+04  -4.82101E+04  -1.10006E+05  -1.59976E+05
   9.46201E-03   3.51873E-03   9.35225E-01   2.03503E-03   4.97590E-02   5.17803E+03  -6.30639E+04  -4.82086E+04  -1.10000E+05  -1.59986E+05
   9.36201E-03   3.51909E-03   9.35320E-01   2.03523E-03   4.97640E-02   5.07858E+03  -6.30642E+04  -4.82071E+04  -1.09995E+05  -1.59995E+05
   9.26201E-03   3.51944E-03   9.35414E-01   2.03544E-03   4.97690E-02   4.97812E+03  -6.30644E+04  -4.82056E+04  -1.09990E+05  -1.60005E+05
   9.16201E-03   3.51980E-03   9.35509E-01   2.03564E-03   4.97740E-02   4.87662E+03  -6.30647E+04  -4.82041E+04  -1.09984E+05  -1.60015E+05
   9.06201E-03   3.52015E-03   9.35603E-01   2.03585E-03   4.97791E-02   4.77406E+03  -6.30649E+04  -4.82026E+04  -1.09979E+05  -1.60024E+05
   8.96201E-03   3.52051E-03   9.35697E-01   2.03605E-03   4.97841E-02   4.67041E+03  -6.30652E+04  -4.82011E+04  -1.09973E+05  -1.60034E+05
   8.86201E-03   3.52086E-03   9.35792E-01   2.03626E-03   4.97891E-02   4.56565E+03  -6.30654E+04  -4.81996E+04  -1.09968E+05  -1.60044E+05
   8.76201E-03   3.52122E-03   9.35886E-01   2.03646E-03   4.97941E-02   4.45976E+03  -6.30657E+04  -4.81981E+04  -1.09962E+05  -1.60054E+05
   8.66201E-03   3.52157E-03   9.35981E-01   2.03667E-03   4.97992E-02   4.35270E+03  -6.30660E+04  -4.81966E+04  -1.09957E+05  -1.60063E+05
   8.56201E-03   3.52193E-03   9.36075E-01   2.03687E-03   4.98042E-02   4.24446E+03  -6.30662E+04  -4.81951E+04  -1.09951E+05  -1.60073E+05
   8.46201E-03   3.52228E-03   9.36169E-01   2.03708E-03   4.98092E-02   4.13500E+03  -6.30665E+04  -4.81936E+04  -1.09946E+05  -1.60083E+05
   8.36201E-03   3.52264E-03   9.36264E-01   2.03729E-03   4.98142E-02   4.02429E+03  -6.30667E+04  -4.81921E+04  -1.09940E+05  -1.60092E+05
   8.26201E-03   3.52299E-03   9.36358E-01   2.03749E-03   4.98193E-02   3.91231E+03  -6.30670E+04  -4.81906E+04  -1.09935E+05  -1.60102E+05
   8.16201E-03   3.52335E-03   9.36453E-01   2.03770E-03   4.98243E-02   3.79902E+03  -6.30672E+04  -4.81891E+04  -1.09930E+05  -1.60112E+05
   8.06201E-03   3.52370E-03   9.36547E-01   2.03790E-03   4.98293E-02   3.68439E+03  -6.30675E+04  -4.81876E+04  -1.09924E+05  -1.60121E+05
   7.96201E-03   3.52406E-03   9.36641E-01   2.03811E-03   4.98343E-02   3.56840E+03  -6.30678E+04  -4.81861E+04  -1.09919E+05  -1.60131E+05
   7.86201E-03   3.52441E-03   9.36736E-01   2.03831E-03   4.98393E-02   3.45099E+03  -6.30680E+04  -4.81846E+04  -1.09913E+05  -1.60141E+05
   7.76201E-03   3.52477E-03   9.36830E-01   2.03852E-03   4.98444E-02   3.33214E+03  -6.30683E+04  -4.81831E+04  -1.09908E+05  -1.60150E+05
   7.66201E-03   3.52512E-03   9.36925E-01   2.03872E-03   4.98494E-02   3.21181E+03  -6.30686E+04  -4.81816E+04  -1.09902E+05  -1.60160E+05
   7.56201E-03   3.52548E-03   9.37019E-01   2.03893E-03   4.98544E-02   3.08997E+03  -6.30688E+04  -4.81801E+04  -1.09897E+05  -1.60170E+05
   7.46201E-03   3.52583E-03   9.37114E-01   2.03913E-03   4.98594E-02   2.96656E+03  -6.30691E+04  -4.81786E+04  -1.09891E+05  -1.60179E+05
   7.36201E-03   3.52619E-03   9.37208E-01   2.03934E-03   4.98645E-02   2.84155E+03  -6.30694E+04  -4.81771E+04  -1.09886E+05  -1.60189E+05
   7.26201E-03   3.52655E-03   9.37302E-01   2.03955E-03   4.98695E-02   2.71490E+03  -6.30696E+04  -4.81756E+04  -1.09881E+05  -1.60199E+05
   7.16201E-03   3.52690E-03   9.37397E-01   2.03975E-03   4.98745E-02   2.58655E+03  -6.30699E+04  -4.81741E+04  -1.09875E+05  -1.60208E+05
   7.06201E-03   3.52726E-03   9.37491E-01   2.03996E-03   4.98795E-02   2.45647E+03  -6.30702E+04  -4.81726E+04  -1.09870E+05  -1.60218E+05
   6.96201E-03   3.52761E-03   9.37586E-01   2.04016E-03   4.98846E-02   2.32459E+03  -6.30704E+04  -4.81712E+04  -1.09864E+05  -1.60228E+05
   6.86201E-03   3.52797E-03   9.37680E-01   2.04037E-03   4.98896E-02   2.19088E+03  -6.30707E+04  -4.81697E+04  -1.09859E+05  -1.60237E+05
   6.76201E-03   3.52832E-03   9.37774E-01   2.04057E-03   4.98946E-02   2.05527E+03  -6.30710E+04  -4.81682E+04  -1.09854E+05  -1.60247E+05
   6.66201E-03   3.52868E-03   9.37869E-01   2.04078E-03   4.98996E-02   1.91772E+03  -6.30712E+04  -4.81667E+04  -1.09848E+05  -1.60257E+05
   6.56201E-03   3.52903E-03   9.37963E-01   2.04098E-03   4.99047E-02   1.77815E+03  -6.30715E+04  -4.81652E+04  -1.09843E+05  -1.60266E+05
   6.46201E-03   3.52939E-03   9.38058E-01   2.04119E-03   4.99097E-02   1.63651E+03  -6.30718E+04  -4.81637E+04  -1.09837E+05  -1.60276E+05
   6.36201E-03   3.52974E-03   9.38152E-01   2.04139E-03   4.99147E-02   1.49273E+03  -6.30721E+04  -4.81622E+04  -1.09832E+05  -1.60286E+05
   6.26201E-03   3.53010E-03   9.38247E-01   2.04160E-03   4.99197E-02   1.34675E+03  -6.30723E+04  -4.81607E+04  -1.09826E+05  -1.60295E+05
   6.16201E-03   3.53045E-03   9.38341E-01   2.04181E-03   4.99247E-02   1.19850E+03  -6.30726E+04  -4.81593E+04  -1.09821E+05  -1.60305E+05
   6.06201E-03   3.53081E-03   9.38435E-01   2.04201E-03   4.99298E-02   1.04789E+03  -6.30729E+04  -4.81578E+04  -1.09816E+05  -1.60315E+05
   5.96201E-03   3.53116E-03   9.38530E-01   2.04222E-03   4.99348E-02   8.94864E+02  -6.30732E+04  -4.81563E+04  -1.09810E+05  -1.60324E+05
   5.86201E-03   3.53152E-03   9.38624E-01   2.04242E-03   4.99398E-02   7.39322E+02  -6.30735E+04  -4.81548E+04  -1.09805E+05  -1.60334E+05
   5.76201E-03   3.53187E-03   9.38719E-01   2.04263E-03   4.99448E-02   5.81185E+02  -6.30738E+04  -4.81533E+04  -1.09799E+05  -1.60344E+05
   5.66201E-03   3.53223E-03   9.38813E-01   2.04283E-03   4.99499E-02   4.20361E+02  -6.30740E+04  -4.81519E+04  -1.09794E+05  -1.60353E+05
   5.56201E-03   3.53258E-03   9.38907E-01   2.04304E-03   4.99549E-02   2.56754E+02  -6.30743E+04  -4.81504E+04  -1.09789E+05  -1.60363E+05
   5.46201E-03   3.53294E-03   9.39002E-01   2.04324E-03   4.99599E-02   9.02627E+01  -6.30746E+04  -4.81489E+04  -1.09783E+05  -1.60372E+05
   5.36201E-03   3.53329E-03   9.39096E-01   2.04345E-03   4.99649E-02  -7.92188E+01  -6.30749E+04  -4.81474E+04  -1.09778E+05  -1.60382E+05
   5.26201E-03   3.53365E-03   9.39191E-01   2.04365E-03   4.99700E-02  -2.51803E+02  -6.30752E+04  -4.81459E+04  -1.09772E+05  -1.60392E+05
   5.16201E-03   3.53401E-03   9.39285E-01   2.04386E-03   4.99750E-02  -4.27610E+02  -6.30755E+04  -4.81445E+04  -1.09767E+05  -1.60401E+05
   5.06201E-03   3.53436E-03   9.39380E-01   2.04407E-03   4.99800E-02  -6.06766E+02  -6.30758E+04  -4.81430E+04  -1.09762E+05  -1.60411E+05
   4.96201E-03   3.53472E-03   9.39474E-01   2.04427E-03   4.99850E-02  -7.89403E+02  -6.30760E+04  -4.81415E+04  -1.09756E+05  -1.60421E+05
   4.86201E-03   3.53507E-03   9.39568E-01   2.04448E-03   4.99901E-02  -9.75664E+02  -6.30763E+04  -4.81400E+04  -1.09751E+05  -1.60430E+05
   4.76201E-03   3.53543E-03   9.39663E-01   2.04468E-03   4.99951E-02  -1.16570E+03  -6.30766E+04  -4.81385E+04  -1.09746E+05  -1.60440E+05
   4.66201E-03   3.53578E-03   9.39757E-01   2.04489E-03   5.00001E-02  -1.35967E+03  -6.30769E+04  -4.81371E+04  -1.09740E+05  -1.60450E+05
   4.56201E-03   3.53614E-03   9.39852E-01   2.04509E-03   5.00051E-02  -1.55775E+03  -6.30772E+04  -4.81356E+04  -1.09735E+05  -1.60459E+05
   4.46201E-03   3.53649E-03   9.39946E-01   2.04530E-03   5.00101E-02  -1.76011E+03  -6.30775E+04  -4.81341E+04  -1.09729E+05  -1.60469E+05
   4.36201E-03   3.53685E-03   9.40040E-01   2.04550E-03   5.00152E-02  -1.96695E+03  -6.30778E+04  -4.81327E+04  -1.09724E+05  -1.60478E+05
   4.26201E-03   3.53720E-03   9.40135E-01   2.04571E-03   5.00202E-02  -2.17849E+03  -6.30781E+04  -4.81312E+04  -1.09719E+05  -1.60488E+05
   4.16201E-03   3.53756E-03   9.40229E-01   2.04591E-03   5.00252E-02  -2.39494E+03  -6.30784E+04  -4.81297E+04  -1.09713E+05  -1.60498E+05
   4.06201E-03   3.53791E-03   9.40324E-01   2.04612E-03   5.00302E-02  -2.61654E+03  -6.30787E+04  -4.81282E+04  -1.09708E+05  -1.60507E+05
   3.96201E-03   3.53827E-03   9.40418E-01   2.04633E-03   5.00353E-02  -2.84354E+03  -6.30790E+04  -4.81268E+04  -1.09703E+05  -1.60517E+05
   3.86201E-03   3.53862E-03   9.40513E-01   2.04653E-03   5.00403E-02  -3.07624E+03  -6.30793E+04  -4.81253E+04  -1.09697E+05  -1.60527E+05
   3.76201E-03   3.53898E-03   9.40607E-01   2.04674E-03   5.00453E-02  -3.31491E+03  -6.30796E+04  -4.81238E+04  -1.09692E+05  -1.60536E+05
   3.66201E-03   3.53933E-03   9.40701E-01   2.04694E-03   5.00503E-02  -3.55990E+03  -6.30799E+04  -4.81224E+04  -1.09686E+05  -1.60546E+05
   3.56201E-03   3.53969E-03   9.40796E-01   2.04715E-03   5.00554E-02  -3.81153E+03  -6.30802E+04  -4.81209E+04  -1.09681E+05  -1.60555E+05
   3.46201E-03   3.54004E-03   9.40890E-01   2.04735E-03   5.00604E-02  -4.07021E+03  -6.30805E+04  -4.81194E+04  -1.09676E+05  -1.60565E+05
   3.36201E-03   3.54040E-03   9.40985E-01   2.04756E-03   5.00654E-02  -4.33632E+03  -6.30808E+04  -4.81180E+04  -1.09670E+05  -1.60575E+05
   3.26201E-03   3.54075E-03   9.41079E-01   2.04776E-03   5.00704E-02  -4.61034E+03  -6.30811E+04  -4.81165E+04  -1.09665E+05  -1.60584E+05
   3.16201E-03   3.54111E-03   9.41173E-01   2.04797E-03   5.00754E-02  -4.89274E+03  -6.30814E+04  -4.81150E+04  -1.09660E+05  -1.60594E+05
   3.06201E-03   3.54147E-03   9.41268E-01   2.04817E-03   5.00805E-02  -5.18408E+03  -6.30817E+04  -4.81136E+04  -1.09654E+05  -1.60604E+05
   2.96201E-03   3.54182E-03   9.41362E-01   2.04838E-03   5.00855E-02  -5.48493E+03  -6.30820E+04  -4.81121E+04  -1.09649E+05  -1.60613E+05
   2.86201E-03   3.54218E-03   9.41457E-01   2.04859E-03   5.00905E-02  -5.79596E+03  -6.30823E+04  -4.81106E+04  -1.09644E+05  -1.60623E+05
   2.76201E-03   3.54253E-03   9.41551E-01   2.04879E-03   5.00955E-02  -6.11788E+03  -6.30826E+04  -4.81092E+04  -1.09638E+05  -1.60632E+05
   2.66201E-03   3.54289E-03   9.41646E-01   2.04900E-03   5.01006E-02  -6.45151E+03  -6.30830E+04  -4.81077E+04  -1.09633E+05  -1.60642E+05
   2.56201E-03   3.54324E-03   9.41740E-01   2.04920E-03   5.01056E-02  -6.79774E+03  -6.30833E+04  -4.81063E+04  -1.09628E+05  -1.60652E+05
   2.46201E-03   3.54360E-03   9.41834E-01   2.04941E-03   5.01106E-02  -7.15757E+03  -6.30836E+04  -4.81048E+04  -1.09622E+05  -1.60661E+05
   2.36201E-03   3.54395E-03   9.41929E-01   2.04961E-03   5.01156E-02  -7.53214E+03  -6.30839E+04  -4.81033E+04  -1.09617E+05  -1.60671E+05
   2.26201E-03   3.54431E-03   9.42023E-01   2.04982E-03   5.01207E-02  -7.92271E+03  -6.30842E+04  -4.81019E+04  -1.09612E+05  -1.60680E+05
   2.16201E-03   3.54466E-03   9.42118E-01   2.05002E-03   5.01257E-02  -8.33074E+03  -6.30845E+04  -4.81004E+04  -1.09606E+05  -1.60690E+05
   2.06201E-03   3.54502E-03   9.42212E-01   2.05023E-03   5.01307E-02  -8.75787E+03  -6.30848E+04  -4.80990E+04  -1.09601E+05  -1.60700E+05
   1.96201E-03   3.54537E-03   9.42306E-01   2.05043E-03   5.01357E-02  -9.20601E+03  -6.30852E+04  -4.80975E+04  -1.09595E+05  -1.60709E+05
   1.86201E-03   3.54573E-03   9.42401E-01   2.05064E-03   5.01408E-02  -9.67736E+03  -6.30855E+04  -4.80960E+04  -1.09590E+05  -1.60719E+05
   1.76201E-03   3.54608E-03   9.42495E-01   2.05085E-03   5.01458E-02  -1.01745E+04  -6.30858E+04  -4.80946E+04  -1.09585E+05  -1.60728E+05
   1.66201E-03   3.54644E-03   9.42590E-01   2.05105E-03   5.01508E-02  -1.07004E+04  -6.30861E+04  -4.80931E+04  -1.09580E+05  -1.60738E+05
   1.56201E-03   3.54679E-03   9.42684E-01   2.05126E-03   5.01558E-02  -1.12587E+04  -6.30864E+04  -4.80917E+04  -1.09574E+05  -1.60748E+05
   1.46201E-03   3.54715E-03   9.42779E-01   2.05146E-03   5.01608E-02  -1.18536E+04  -6.30868E+04  -4.80902E+04  -1.09569E+05  -1.60757E+05
   1.36201E-03   3.54750E-03   9.42873E-01   2.05167E-03   5.01659E-02  -1.24903E+04  -6.30871E+04  -4.80888E+04  -1.09564E+05  -1.60767E+05
   1.26201E-03   3.54786E-03   9.42967E-01   2.05187E-03   5.01709E-02  -1.31753E+04  -6.30874E+04  -4.80873E+04  -1.09558E+05  -1.60776E+05
   1.16201E-03   3.54821E-03   9.43062E-01   2.05208E-03   5.01759E-02  -1.39165E+04  -6.30877E+04  -4.80859E+04  -1.09553E+05  -1.60786E+05
   1.06201E-03   3.54857E-03   9.43156E-01   2.05228E-03   5.01809E-02  -1.47240E+04  -6.30881E+04  -4.80844E+04  -1.09548E+05  -1.60796E+05
   9.62012E-04   3.54893E-03   9.43251E-01   2.05249E-03   5.01860E-02  -1.56110E+04  -6.30884E+04  -4.80830E+04  -1.09542E+05  -1.60805E+05
   8.62012E-04   3.54928E-03   9.43345E-01   2.05269E-03   5.01910E-02  -1.65949E+04  -6.30887E+04  -4.80815E+04  -1.09537E+05  -1.60815E+05
   7.62012E-04   3.54964E-03   9.43439E-01   2.05290E-03   5.01960E-02  -1.76997E+04  -6.30890E+04  -4.80801E+04  -1.09532E+05  -1.60824E+05
   6.62012E-04   3.54999E-03   9.43534E-01   2.05311E-03   5.02010E-02  -1.89595E+04  -6.30894E+04  -4.80786E+04  -1.09526E+05  -1.60834E+05
   5.62012E-04   3.55035E-03   9.43628E-01   2.05331E-03   5.02061E-02  -2.04252E+04  -6.30897E+04  -4.80772E+04  -1.09521E+05  -1.60844E+05
   4.62012E-04   3.55070E-03   9.43723E-01   2.05352E-03   5.02111E-02  -2.21781E+04  -6.30900E+04  -4.80757E+04  -1.09516E+05  -1.60853E+05
   3.62012E-04   3.55106E-03   9.43817E-01   2.05372E-03   5.02161E-02  -2.43590E+04  -6.30904E+04  -4.80743E+04  -1.09510E+05  -1.60863E+05
   2.62012E-04   3.55141E-03   9.43912E-01   2.05393E-03   5.02211E-02  -2.72482E+04  -6.30907E+04  -4.80728E+04  -1.09505E+05  -1.60872E+05
   1.62012E-04   3.55177E-03   9.44006E-01   2.05413E-03   5.02262E-02  -3.15420E+04  -6.30910E+04  -4.80714E+04  -1.09500E+05  -1.60882E+05
   6.20121E-05   3.55212E-03   9.44100E-01   2.05434E-03   5.02312E-02  -4.01155E+04  -6.30914E+04  -4.80699E+04  -1.09494E+05  -1.60891E+05
   1.00000E-06   3.55234E-03   9.44158E-01   2.05446E-03   5.02342E-02  -7.69452E+04  -6.30916E+04  -4.80691E+04  -1.09491E+05  -1.60897E+05
