
 Phase Region for:
     BCC_A2                        
     CEMENTITE                     
 col-1=T_C, col-2=X(CEMENTITE,C), col-3=X(CEMENTITE,MN), col-4=X(CEMENTITE,SI), col-5=MU(C), col-6=MU(MN), col-7=MU(SI), col-8=GM(CEMENTITE),
   3.00000E+02   2.50000E-01   1.52886E-03   3.73818E-02   3.88876E+04  -7.72849E+04   4.50091E+04  -8.79738E+03
   3.00000E+02   2.50000E-01   1.52886E-03   3.73818E-02   3.88876E+04  -7.72849E+04   4.50091E+04  -8.79738E+03

 Phase Region for:
     BCC_A2                        
     CEMENTITE                     
 col-1=T_C, col-2=X(CEMENTITE,C), col-3=X(CEMENTITE,MN), col-4=X(CEMENTITE,SI), col-5=MU(C), col-6=MU(MN), col-7=MU(SI), col-8=GM(CEMENTITE),
   3.00000E+02   2.50000E-01   1.54015E-03   3.76579E-02   3.90953E+04  -7.73194E+04   4.49750E+04  -8.77770E+03
   3.05000E+02   2.50000E-01   1.54015E-03   3.76579E-02   3.88629E+04  -7.77947E+04   4.47378E+04  -9.00645E+03
   3.10000E+02   2.50000E-01   1.54015E-03   3.76579E-02   3.86295E+04  -7.82712E+04   4.44998E+04  -9.23649E+03
   3.15000E+02   2.50000E-01   1.54015E-03   3.76579E-02   3.83950E+04  -7.87490E+04   4.42608E+04  -9.46780E+03
   3.20000E+02   2.50000E-01   1.54015E-03   3.76579E-02   3.81595E+04  -7.92280E+04   4.40209E+04  -9.70038E+03
   3.25000E+02   2.50000E-01   1.54015E-03   3.76579E-02   3.79231E+04  -7.97083E+04   4.37801E+04  -9.93421E+03
   3.30000E+02   2.50000E-01   1.54015E-03   3.76579E-02   3.76857E+04  -8.01899E+04   4.35383E+04  -1.01693E+04
   3.35000E+02   2.50000E-01   1.54015E-03   3.76579E-02   3.74474E+04  -8.06726E+04   4.32956E+04  -1.04056E+04
   3.40000E+02   2.50000E-01   1.54015E-03   3.76579E-02   3.72082E+04  -8.11567E+04   4.30520E+04  -1.06431E+04
   3.45000E+02   2.50000E-01   1.54015E-03   3.76579E-02   3.69681E+04  -8.16420E+04   4.28074E+04  -1.08819E+04
   3.50000E+02   2.50000E-01   1.54015E-03   3.76579E-02   3.67272E+04  -8.21285E+04   4.25620E+04  -1.11218E+04
   3.55000E+02   2.50000E-01   1.54015E-03   3.76579E-02   3.64855E+04  -8.26164E+04   4.23155E+04  -1.13629E+04
   3.60000E+02   2.50000E-01   1.54015E-03   3.76579E-02   3.62430E+04  -8.31054E+04   4.20682E+04  -1.16053E+04
   3.65000E+02   2.50000E-01   1.54015E-03   3.76579E-02   3.59997E+04  -8.35957E+04   4.18199E+04  -1.18488E+04
   3.70000E+02   2.50000E-01   1.54015E-03   3.76579E-02   3.57558E+04  -8.40873E+04   4.15706E+04  -1.20934E+04
   3.75000E+02   2.50000E-01   1.54015E-03   3.76579E-02   3.55111E+04  -8.45802E+04   4.13204E+04  -1.23393E+04
   3.80000E+02   2.50000E-01   1.54015E-03   3.76579E-02   3.52657E+04  -8.50743E+04   4.10693E+04  -1.25862E+04
   3.85000E+02   2.50000E-01   1.54015E-03   3.76579E-02   3.50197E+04  -8.55696E+04   4.08172E+04  -1.28344E+04
   3.90000E+02   2.50000E-01   1.54015E-03   3.76579E-02   3.47731E+04  -8.60663E+04   4.05642E+04  -1.30836E+04
   3.95000E+02   2.50000E-01   1.54015E-03   3.76579E-02   3.45259E+04  -8.65642E+04   4.03102E+04  -1.33340E+04
   4.00000E+02   2.50000E-01   1.54015E-03   3.76579E-02   3.42781E+04  -8.70633E+04   4.00552E+04  -1.35855E+04
   4.05000E+02   2.50000E-01   1.54015E-03   3.76579E-02   3.40297E+04  -8.75638E+04   3.97993E+04  -1.38380E+04
   4.10000E+02   2.50000E-01   1.54015E-03   3.76579E-02   3.37809E+04  -8.80655E+04   3.95425E+04  -1.40917E+04
   4.15000E+02   2.50000E-01   1.54015E-03   3.76579E-02   3.35315E+04  -8.85685E+04   3.92846E+04  -1.43465E+04
   4.20000E+02   2.50000E-01   1.54015E-03   3.76579E-02   3.32817E+04  -8.90727E+04   3.90258E+04  -1.46024E+04
   4.25000E+02   2.50000E-01   1.54015E-03   3.76579E-02   3.30315E+04  -8.95783E+04   3.87661E+04  -1.48593E+04
   4.30000E+02   2.50000E-01   1.54015E-03   3.76579E-02   3.27808E+04  -9.00851E+04   3.85053E+04  -1.51173E+04
   4.35000E+02   2.50000E-01   1.54015E-03   3.76579E-02   3.25298E+04  -9.05932E+04   3.82436E+04  -1.53764E+04
   4.40000E+02   2.50000E-01   1.54015E-03   3.76579E-02   3.22784E+04  -9.11026E+04   3.79809E+04  -1.56365E+04
   4.45000E+02   2.50000E-01   1.54015E-03   3.76579E-02   3.20267E+04  -9.16133E+04   3.77173E+04  -1.58976E+04
   4.50000E+02   2.50000E-01   1.54015E-03   3.76579E-02   3.17747E+04  -9.21253E+04   3.74526E+04  -1.61598E+04
   4.55000E+02   2.50000E-01   1.54015E-03   3.76579E-02   3.15224E+04  -9.26385E+04   3.71870E+04  -1.64231E+04
   4.60000E+02   2.50000E-01   1.54015E-03   3.76579E-02   3.12698E+04  -9.31531E+04   3.69203E+04  -1.66873E+04
   4.65000E+02   2.50000E-01   1.54015E-03   3.76579E-02   3.10170E+04  -9.36690E+04   3.66527E+04  -1.69526E+04
   4.70000E+02   2.50000E-01   1.54015E-03   3.76579E-02   3.07641E+04  -9.41861E+04   3.63841E+04  -1.72189E+04
   4.75000E+02   2.50000E-01   1.54015E-03   3.76579E-02   3.05109E+04  -9.47046E+04   3.61145E+04  -1.74861E+04
   4.80000E+02   2.50000E-01   1.54015E-03   3.76579E-02   3.02576E+04  -9.52244E+04   3.58438E+04  -1.77544E+04
   4.85000E+02   2.50000E-01   1.54015E-03   3.76579E-02   3.00042E+04  -9.57455E+04   3.55722E+04  -1.80237E+04
   4.90000E+02   2.50000E-01   1.54015E-03   3.76579E-02   2.97507E+04  -9.62679E+04   3.52996E+04  -1.82939E+04
   4.95000E+02   2.50000E-01   1.54015E-03   3.76579E-02   2.94972E+04  -9.67916E+04   3.50259E+04  -1.85652E+04
   5.00000E+02   2.50000E-01   1.54015E-03   3.76579E-02   2.92436E+04  -9.73167E+04   3.47512E+04  -1.88374E+04
   5.05000E+02   2.50000E-01   1.54015E-03   3.76579E-02   2.89901E+04  -9.78431E+04   3.44755E+04  -1.91105E+04
   5.10000E+02   2.50000E-01   1.54015E-03   3.76579E-02   2.87365E+04  -9.83708E+04   3.41988E+04  -1.93847E+04
   5.15000E+02   2.50000E-01   1.54015E-03   3.76579E-02   2.84831E+04  -9.88998E+04   3.39210E+04  -1.96597E+04
   5.20000E+02   2.50000E-01   1.54015E-03   3.76579E-02   2.82297E+04  -9.94302E+04   3.36422E+04  -1.99357E+04
   5.25000E+02   2.50000E-01   1.54015E-03   3.76579E-02   2.79764E+04  -9.99620E+04   3.33623E+04  -2.02127E+04
   5.30000E+02   2.50000E-01   1.54015E-03   3.76579E-02   2.77232E+04  -1.00495E+05   3.30814E+04  -2.04906E+04
   5.35000E+02   2.50000E-01   1.54015E-03   3.76579E-02   2.74703E+04  -1.01030E+05   3.27994E+04  -2.07694E+04
   5.40000E+02   2.50000E-01   1.54015E-03   3.76579E-02   2.72175E+04  -1.01565E+05   3.25164E+04  -2.10492E+04
   5.45000E+02   2.50000E-01   1.54015E-03   3.76579E-02   2.69650E+04  -1.02102E+05   3.22323E+04  -2.13298E+04
   5.50000E+02   2.50000E-01   1.54015E-03   3.76579E-02   2.67128E+04  -1.02641E+05   3.19472E+04  -2.16114E+04
   5.55000E+02   2.50000E-01   1.54015E-03   3.76579E-02   2.64608E+04  -1.03181E+05   3.16610E+04  -2.18939E+04
   5.60000E+02   2.50000E-01   1.54015E-03   3.76579E-02   2.62092E+04  -1.03722E+05   3.13736E+04  -2.21773E+04
   5.65000E+02   2.50000E-01   1.54015E-03   3.76579E-02   2.59580E+04  -1.04265E+05   3.10852E+04  -2.24616E+04
   5.70000E+02   2.50000E-01   1.54015E-03   3.76579E-02   2.57071E+04  -1.04809E+05   3.07957E+04  -2.27467E+04
   5.75000E+02   2.50000E-01   1.54015E-03   3.76579E-02   2.54567E+04  -1.05355E+05   3.05051E+04  -2.30328E+04
   5.80000E+02   2.50000E-01   1.54015E-03   3.76579E-02   2.52068E+04  -1.05901E+05   3.02134E+04  -2.33197E+04
   5.85000E+02   2.50000E-01   1.54015E-03   3.76579E-02   2.49573E+04  -1.06450E+05   2.99206E+04  -2.36076E+04
   5.90000E+02   2.50000E-01   1.54015E-03   3.76579E-02   2.47084E+04  -1.06999E+05   2.96266E+04  -2.38962E+04
   5.95000E+02   2.50000E-01   1.54015E-03   3.76579E-02   2.44601E+04  -1.07551E+05   2.93315E+04  -2.41858E+04
   6.00000E+02   2.50000E-01   1.54015E-03   3.76579E-02   2.42124E+04  -1.08103E+05   2.90353E+04  -2.44762E+04
   6.05000E+02   2.50000E-01   1.54015E-03   3.76579E-02   2.39653E+04  -1.08657E+05   2.87379E+04  -2.47674E+04
   6.10000E+02   2.50000E-01   1.54015E-03   3.76579E-02   2.37189E+04  -1.09213E+05   2.84394E+04  -2.50596E+04
   6.15000E+02   2.50000E-01   1.54015E-03   3.76579E-02   2.34733E+04  -1.09770E+05   2.81397E+04  -2.53525E+04
   6.20000E+02   2.50000E-01   1.54015E-03   3.76579E-02   2.32284E+04  -1.10328E+05   2.78388E+04  -2.56463E+04
   6.25000E+02   2.50000E-01   1.54015E-03   3.76579E-02   2.29843E+04  -1.10888E+05   2.75368E+04  -2.59410E+04
   6.30000E+02   2.50000E-01   1.54015E-03   3.76579E-02   2.27410E+04  -1.11449E+05   2.72335E+04  -2.62364E+04
   6.35000E+02   2.50000E-01   1.54015E-03   3.76579E-02   2.24987E+04  -1.12012E+05   2.69291E+04  -2.65327E+04
   6.40000E+02   2.50000E-01   1.54015E-03   3.76579E-02   2.22572E+04  -1.12577E+05   2.66234E+04  -2.68298E+04
   6.45000E+02   2.50000E-01   1.54015E-03   3.76579E-02   2.20168E+04  -1.13143E+05   2.63165E+04  -2.71278E+04
   6.50000E+02   2.50000E-01   1.54015E-03   3.76579E-02   2.17774E+04  -1.13710E+05   2.60084E+04  -2.74265E+04
   6.55000E+02   2.50000E-01   1.54015E-03   3.76579E-02   2.15390E+04  -1.14279E+05   2.56990E+04  -2.77261E+04
   6.60000E+02   2.50000E-01   1.54015E-03   3.76579E-02   2.13018E+04  -1.14850E+05   2.53883E+04  -2.80264E+04
   6.65000E+02   2.50000E-01   1.54015E-03   3.76579E-02   2.10658E+04  -1.15422E+05   2.50764E+04  -2.83276E+04
   6.70000E+02   2.50000E-01   1.54015E-03   3.76579E-02   2.08309E+04  -1.15996E+05   2.47632E+04  -2.86296E+04
   6.75000E+02   2.50000E-01   1.54015E-03   3.76579E-02   2.05974E+04  -1.16571E+05   2.44487E+04  -2.89323E+04
   6.80000E+02   2.50000E-01   1.54015E-03   3.76579E-02   2.03651E+04  -1.17148E+05   2.41328E+04  -2.92358E+04
   6.85000E+02   2.50000E-01   1.54015E-03   3.76579E-02   2.01343E+04  -1.17727E+05   2.38157E+04  -2.95402E+04
   6.90000E+02   2.50000E-01   1.54015E-03   3.76579E-02   1.99049E+04  -1.18307E+05   2.34972E+04  -2.98453E+04
   6.95000E+02   2.50000E-01   1.54015E-03   3.76579E-02   1.96770E+04  -1.18889E+05   2.31773E+04  -3.01512E+04
   7.00000E+02   2.50000E-01   1.54015E-03   3.76579E-02   1.94507E+04  -1.19472E+05   2.28560E+04  -3.04578E+04
   7.05000E+02   2.50000E-01   1.54015E-03   3.76579E-02   1.92259E+04  -1.20057E+05   2.25334E+04  -3.07652E+04
   7.10000E+02   2.50000E-01   1.54015E-03   3.76579E-02   1.90029E+04  -1.20644E+05   2.22093E+04  -3.10734E+04
   7.15000E+02   2.50000E-01   1.54015E-03   3.76579E-02   1.87817E+04  -1.21233E+05   2.18838E+04  -3.13824E+04
   7.20000E+02   2.50000E-01   1.54015E-03   3.76579E-02   1.85623E+04  -1.21823E+05   2.15568E+04  -3.16921E+04
   7.25000E+02   2.50000E-01   1.54015E-03   3.76579E-02   1.83447E+04  -1.22416E+05   2.12284E+04  -3.20025E+04
   7.30000E+02   2.50000E-01   1.54015E-03   3.76579E-02   1.81292E+04  -1.23010E+05   2.08984E+04  -3.23137E+04
   7.35000E+02   2.50000E-01   1.54015E-03   3.76579E-02   1.79157E+04  -1.23605E+05   2.05670E+04  -3.26257E+04
   7.40000E+02   2.50000E-01   1.54015E-03   3.76579E-02   1.77042E+04  -1.24203E+05   2.02340E+04  -3.29384E+04
   7.45000E+02   2.50000E-01   1.54015E-03   3.76579E-02   1.74941E+04  -1.24802E+05   1.98998E+04  -3.32518E+04
   7.50000E+02   2.50000E-01   1.54015E-03   3.76579E-02   1.72855E+04  -1.25403E+05   1.95642E+04  -3.35659E+04
   7.55000E+02   2.50000E-01   1.54015E-03   3.76579E-02   1.70783E+04  -1.26005E+05   1.92273E+04  -3.38808E+04
   7.60000E+02   2.50000E-01   1.54015E-03   3.76579E-02   1.68725E+04  -1.26609E+05   1.88892E+04  -3.41965E+04
   7.65000E+02   2.50000E-01   1.54015E-03   3.76579E-02   1.66680E+04  -1.27215E+05   1.85498E+04  -3.45128E+04
   7.70000E+02   2.50000E-01   1.54015E-03   3.76579E-02   1.64649E+04  -1.27822E+05   1.82091E+04  -3.48299E+04
   7.75000E+02   2.50000E-01   1.54015E-03   3.76579E-02   1.62631E+04  -1.28430E+05   1.78672E+04  -3.51476E+04
   7.80000E+02   2.50000E-01   1.54015E-03   3.76579E-02   1.60626E+04  -1.29040E+05   1.75240E+04  -3.54661E+04
   7.85000E+02   2.50000E-01   1.54015E-03   3.76579E-02   1.58634E+04  -1.29652E+05   1.71796E+04  -3.57853E+04
   7.90000E+02   2.50000E-01   1.54015E-03   3.76579E-02   1.56655E+04  -1.30265E+05   1.68339E+04  -3.61053E+04
   7.95000E+02   2.50000E-01   1.54015E-03   3.76579E-02   1.54689E+04  -1.30880E+05   1.64871E+04  -3.64259E+04
   8.00000E+02   2.50000E-01   1.54015E-03   3.76579E-02   1.52736E+04  -1.31496E+05   1.61390E+04  -3.67472E+04
   8.05000E+02   2.50000E-01   1.54015E-03   3.76579E-02   1.50796E+04  -1.32114E+05   1.57897E+04  -3.70692E+04
   8.10000E+02   2.50000E-01   1.54015E-03   3.76579E-02   1.48868E+04  -1.32733E+05   1.54392E+04  -3.73919E+04
   8.15000E+02   2.50000E-01   1.54015E-03   3.76579E-02   1.46953E+04  -1.33354E+05   1.50874E+04  -3.77153E+04
   8.20000E+02   2.50000E-01   1.54015E-03   3.76579E-02   1.45052E+04  -1.33976E+05   1.47345E+04  -3.80394E+04
   8.25000E+02   2.50000E-01   1.54015E-03   3.76579E-02   1.43163E+04  -1.34600E+05   1.43803E+04  -3.83642E+04
   8.30000E+02   2.50000E-01   1.54015E-03   3.76579E-02   1.41287E+04  -1.35225E+05   1.40249E+04  -3.86896E+04
   8.35000E+02   2.50000E-01   1.54015E-03   3.76579E-02   1.39425E+04  -1.35852E+05   1.36683E+04  -3.90158E+04
   8.40000E+02   2.50000E-01   1.54015E-03   3.76579E-02   1.37576E+04  -1.36480E+05   1.33105E+04  -3.93426E+04
   8.45000E+02   2.50000E-01   1.54015E-03   3.76579E-02   1.35741E+04  -1.37110E+05   1.29514E+04  -3.96700E+04
   8.50000E+02   2.50000E-01   1.54015E-03   3.76579E-02   1.33920E+04  -1.37741E+05   1.25911E+04  -3.99982E+04
   8.55000E+02   2.50000E-01   1.54015E-03   3.76579E-02   1.32112E+04  -1.38374E+05   1.22296E+04  -4.03270E+04
   8.60000E+02   2.50000E-01   1.54015E-03   3.76579E-02   1.30319E+04  -1.39008E+05   1.18669E+04  -4.06565E+04
   8.65000E+02   2.50000E-01   1.54015E-03   3.76579E-02   1.28540E+04  -1.39644E+05   1.15029E+04  -4.09866E+04
   8.70000E+02   2.50000E-01   1.54015E-03   3.76579E-02   1.26776E+04  -1.40281E+05   1.11377E+04  -4.13174E+04
   8.75000E+02   2.50000E-01   1.54015E-03   3.76579E-02   1.25027E+04  -1.40920E+05   1.07712E+04  -4.16489E+04
   8.80000E+02   2.50000E-01   1.54015E-03   3.76579E-02   1.23292E+04  -1.41561E+05   1.04035E+04  -4.19810E+04
   8.85000E+02   2.50000E-01   1.54015E-03   3.76579E-02   1.21574E+04  -1.42203E+05   1.00345E+04  -4.23137E+04
   8.90000E+02   2.50000E-01   1.54015E-03   3.76579E-02   1.19870E+04  -1.42846E+05   9.66425E+03  -4.26471E+04
   8.95000E+02   2.50000E-01   1.54015E-03   3.76579E-02   1.18183E+04  -1.43491E+05   9.29271E+03  -4.29812E+04
   9.00000E+02   2.50000E-01   1.54015E-03   3.76579E-02   1.16513E+04  -1.44138E+05   8.91989E+03  -4.33158E+04
