
 Phase Region for:
     BCC_A2                        
     CEMENTITE                     
 col-1=T_C, col-2=X(CEMENTITE,C), col-3=X(CEMENTITE,MN), col-4=X(CEMENTITE,SI), col-5=MU(C), col-6=MU(MN), col-7=MU(SI), col-8=GM(CEMENTITE),
   3.00000E+02   2.50000E-01   1.44933E-02   7.50000E-13   1.16002E+04  -5.74591E+04  -1.32495E+05  -1.18975E+04
   3.05000E+02   2.50000E-01   1.44646E-02   7.50000E-13   1.13798E+04  -5.78551E+04  -1.32681E+05  -1.21256E+04
   3.10000E+02   2.50000E-01   1.44347E-02   7.50000E-13   1.11582E+04  -5.82528E+04  -1.32869E+05  -1.23549E+04
   3.15000E+02   2.50000E-01   1.44034E-02   7.50000E-13   1.09356E+04  -5.86525E+04  -1.33058E+05  -1.25854E+04
   3.20000E+02   2.50000E-01   1.43708E-02   7.50000E-13   1.07119E+04  -5.90540E+04  -1.33249E+05  -1.28172E+04
   3.25000E+02   2.50000E-01   1.43368E-02   7.50000E-13   1.04871E+04  -5.94575E+04  -1.33441E+05  -1.30502E+04
   3.30000E+02   2.50000E-01   1.43013E-02   7.50000E-13   1.02613E+04  -5.98629E+04  -1.33634E+05  -1.32844E+04
   3.35000E+02   2.50000E-01   1.42644E-02   7.50000E-13   1.00346E+04  -6.02703E+04  -1.33829E+05  -1.35197E+04
   3.40000E+02   2.50000E-01   1.42261E-02   7.50000E-13   9.80692E+03  -6.06797E+04  -1.34025E+05  -1.37562E+04
   3.45000E+02   2.50000E-01   1.41862E-02   7.50000E-13   9.57830E+03  -6.10911E+04  -1.34223E+05  -1.39939E+04
   3.50000E+02   2.50000E-01   1.41449E-02   7.50000E-13   9.34879E+03  -6.15046E+04  -1.34422E+05  -1.42327E+04
   3.55000E+02   2.50000E-01   1.41020E-02   7.50000E-13   9.11840E+03  -6.19203E+04  -1.34622E+05  -1.44726E+04
   3.60000E+02   2.50000E-01   1.40575E-02   7.50000E-13   8.88717E+03  -6.23380E+04  -1.34824E+05  -1.47137E+04
   3.65000E+02   2.50000E-01   1.40114E-02   7.50000E-13   8.65513E+03  -6.27579E+04  -1.35027E+05  -1.49559E+04
   3.70000E+02   2.50000E-01   1.39637E-02   7.50000E-13   8.42228E+03  -6.31800E+04  -1.35232E+05  -1.51991E+04
   3.75000E+02   2.50000E-01   1.39144E-02   7.50000E-13   8.18868E+03  -6.36043E+04  -1.35438E+05  -1.54435E+04
   3.80000E+02   2.50000E-01   1.38635E-02   7.50000E-13   7.95433E+03  -6.40308E+04  -1.35645E+05  -1.56889E+04
   3.85000E+02   2.50000E-01   1.38109E-02   7.50000E-13   7.71926E+03  -6.44597E+04  -1.35854E+05  -1.59354E+04
   3.90000E+02   2.50000E-01   1.37566E-02   7.50000E-13   7.48350E+03  -6.48908E+04  -1.36064E+05  -1.61830E+04
   3.95000E+02   2.50000E-01   1.37006E-02   7.50000E-13   7.24708E+03  -6.53244E+04  -1.36275E+05  -1.64316E+04
   4.00000E+02   2.50000E-01   1.36429E-02   7.50000E-13   7.01002E+03  -6.57602E+04  -1.36488E+05  -1.66813E+04
   4.05000E+02   2.50000E-01   1.35835E-02   7.50000E-13   6.77234E+03  -6.61986E+04  -1.36703E+05  -1.69319E+04
   4.10000E+02   2.50000E-01   1.35224E-02   7.50000E-13   6.53406E+03  -6.66393E+04  -1.36918E+05  -1.71836E+04
   4.15000E+02   2.50000E-01   1.34595E-02   7.50000E-13   6.29522E+03  -6.70826E+04  -1.37136E+05  -1.74363E+04
   4.20000E+02   2.50000E-01   1.33949E-02   7.50000E-13   6.05584E+03  -6.75283E+04  -1.37354E+05  -1.76900E+04
   4.25000E+02   2.50000E-01   1.33285E-02   7.50000E-13   5.81594E+03  -6.79766E+04  -1.37574E+05  -1.79447E+04
   4.30000E+02   2.50000E-01   1.32604E-02   7.50000E-13   5.57554E+03  -6.84276E+04  -1.37796E+05  -1.82004E+04
   4.35000E+02   2.50000E-01   1.31905E-02   7.50000E-13   5.33467E+03  -6.88811E+04  -1.38019E+05  -1.84570E+04
   4.40000E+02   2.50000E-01   1.31189E-02   7.50000E-13   5.09336E+03  -6.93373E+04  -1.38243E+05  -1.87146E+04
   4.45000E+02   2.50000E-01   1.30455E-02   7.50000E-13   4.85162E+03  -6.97962E+04  -1.38469E+05  -1.89732E+04
   4.50000E+02   2.50000E-01   1.29704E-02   7.50000E-13   4.60948E+03  -7.02578E+04  -1.38696E+05  -1.92327E+04
   4.55000E+02   2.50000E-01   1.28935E-02   7.50000E-13   4.36697E+03  -7.07222E+04  -1.38925E+05  -1.94931E+04
   4.60000E+02   2.50000E-01   1.28149E-02   7.50000E-13   4.12410E+03  -7.11895E+04  -1.39155E+05  -1.97545E+04
   4.65000E+02   2.50000E-01   1.27345E-02   7.50000E-13   3.88090E+03  -7.16595E+04  -1.39387E+05  -2.00168E+04
   4.70000E+02   2.50000E-01   1.26524E-02   7.50000E-13   3.63739E+03  -7.21325E+04  -1.39620E+05  -2.02800E+04
   4.75000E+02   2.50000E-01   1.25687E-02   7.50000E-13   3.39360E+03  -7.26084E+04  -1.39855E+05  -2.05441E+04
   4.80000E+02   2.50000E-01   1.24832E-02   7.50000E-13   3.14955E+03  -7.30872E+04  -1.40091E+05  -2.08091E+04
   4.85000E+02   2.50000E-01   1.23960E-02   7.50000E-13   2.90526E+03  -7.35691E+04  -1.40329E+05  -2.10751E+04
   4.90000E+02   2.50000E-01   1.23071E-02   7.50000E-13   2.66075E+03  -7.40540E+04  -1.40568E+05  -2.13419E+04
   4.95000E+02   2.50000E-01   1.22166E-02   7.50000E-13   2.41605E+03  -7.45420E+04  -1.40809E+05  -2.16095E+04
   5.00000E+02   2.50000E-01   1.21244E-02   7.50000E-13   2.17119E+03  -7.50331E+04  -1.41051E+05  -2.18781E+04
   5.05000E+02   2.50000E-01   1.20306E-02   7.50000E-13   1.92617E+03  -7.55274E+04  -1.41295E+05  -2.21475E+04
   5.10000E+02   2.50000E-01   1.19353E-02   7.50000E-13   1.68104E+03  -7.60249E+04  -1.41540E+05  -2.24178E+04
   5.15000E+02   2.50000E-01   1.18383E-02   7.50000E-13   1.43580E+03  -7.65256E+04  -1.41787E+05  -2.26889E+04
   5.20000E+02   2.50000E-01   1.17398E-02   7.50000E-13   1.19048E+03  -7.70296E+04  -1.42036E+05  -2.29609E+04
   5.25000E+02   2.50000E-01   1.16397E-02   7.50000E-13   9.45106E+02  -7.75370E+04  -1.42286E+05  -2.32337E+04
   5.30000E+02   2.50000E-01   1.15381E-02   7.50000E-13   6.99699E+02  -7.80478E+04  -1.42538E+05  -2.35074E+04
   5.35000E+02   2.50000E-01   1.14350E-02   7.50000E-13   4.54282E+02  -7.85620E+04  -1.42791E+05  -2.37818E+04
   5.40000E+02   2.50000E-01   1.13305E-02   7.50000E-13   2.08878E+02  -7.90797E+04  -1.43046E+05  -2.40571E+04
   5.45000E+02   2.50000E-01   1.12246E-02   7.50000E-13  -3.64909E+01  -7.96009E+04  -1.43303E+05  -2.43333E+04
   5.50000E+02   2.50000E-01   1.11172E-02   7.50000E-13  -2.81802E+02  -8.01256E+04  -1.43561E+05  -2.46102E+04
   5.55000E+02   2.50000E-01   1.10084E-02   7.50000E-13  -5.27031E+02  -8.06540E+04  -1.43821E+05  -2.48879E+04
   5.60000E+02   2.50000E-01   1.08983E-02   7.50000E-13  -7.72156E+02  -8.11861E+04  -1.44083E+05  -2.51665E+04
   5.65000E+02   2.50000E-01   1.07869E-02   7.50000E-13  -1.01715E+03  -8.17219E+04  -1.44346E+05  -2.54458E+04
   5.70000E+02   2.50000E-01   1.06742E-02   7.50000E-13  -1.26200E+03  -8.22615E+04  -1.44612E+05  -2.57259E+04
   5.75000E+02   2.50000E-01   1.05603E-02   7.50000E-13  -1.50667E+03  -8.28049E+04  -1.44879E+05  -2.60069E+04
   5.80000E+02   2.50000E-01   1.04451E-02   7.50000E-13  -1.75115E+03  -8.33521E+04  -1.45147E+05  -2.62886E+04
   5.85000E+02   2.50000E-01   1.03287E-02   7.50000E-13  -1.99540E+03  -8.39034E+04  -1.45418E+05  -2.65710E+04
   5.90000E+02   2.50000E-01   1.02111E-02   7.50000E-13  -2.23940E+03  -8.44586E+04  -1.45690E+05  -2.68543E+04
   5.95000E+02   2.50000E-01   1.00924E-02   7.50000E-13  -2.48314E+03  -8.50179E+04  -1.45965E+05  -2.71383E+04
   6.00000E+02   2.50000E-01   9.97259E-03   7.50000E-13  -2.72659E+03  -8.55814E+04  -1.46241E+05  -2.74230E+04
   6.05000E+02   2.50000E-01   9.85171E-03   7.50000E-13  -2.96971E+03  -8.61490E+04  -1.46519E+05  -2.77086E+04
   6.10000E+02   2.50000E-01   9.72978E-03   7.50000E-13  -3.21249E+03  -8.67209E+04  -1.46799E+05  -2.79948E+04
   6.15000E+02   2.50000E-01   9.60684E-03   7.50000E-13  -3.45491E+03  -8.72972E+04  -1.47081E+05  -2.82819E+04
   6.20000E+02   2.50000E-01   9.48291E-03   7.50000E-13  -3.69693E+03  -8.78778E+04  -1.47365E+05  -2.85696E+04
   6.25000E+02   2.50000E-01   9.35802E-03   7.50000E-13  -3.93853E+03  -8.84629E+04  -1.47651E+05  -2.88582E+04
   6.30000E+02   2.50000E-01   9.23221E-03   8.42069E-13  -4.17969E+03  -8.90526E+04  -1.47939E+05  -2.91474E+04
   6.35000E+02   2.50000E-01   9.10551E-03   9.65680E-13  -4.42038E+03  -8.96470E+04  -1.48229E+05  -2.94374E+04
   6.40000E+02   2.50000E-01   8.97793E-03   1.10562E-12  -4.66057E+03  -9.02461E+04  -1.48522E+05  -2.97281E+04
   6.45000E+02   2.50000E-01   8.84952E-03   1.26380E-12  -4.90023E+03  -9.08500E+04  -1.48816E+05  -3.00195E+04
   6.50000E+02   2.50000E-01   8.72029E-03   1.44230E-12  -5.13935E+03  -9.14588E+04  -1.49113E+05  -3.03117E+04
   6.55000E+02   2.50000E-01   8.59028E-03   1.64342E-12  -5.37788E+03  -9.20727E+04  -1.49412E+05  -3.06045E+04
   6.60000E+02   2.50000E-01   8.45950E-03   1.86968E-12  -5.61581E+03  -9.26917E+04  -1.49713E+05  -3.08981E+04
   6.65000E+02   2.50000E-01   8.32800E-03   2.12382E-12  -5.85311E+03  -9.33159E+04  -1.50017E+05  -3.11924E+04
   6.70000E+02   2.50000E-01   8.19579E-03   2.40885E-12  -6.08974E+03  -9.39455E+04  -1.50323E+05  -3.14873E+04
   6.75000E+02   2.50000E-01   8.06289E-03   2.72805E-12  -6.32567E+03  -9.45806E+04  -1.50631E+05  -3.17830E+04
   6.80000E+02   2.50000E-01   7.92933E-03   3.08496E-12  -6.56088E+03  -9.52212E+04  -1.50942E+05  -3.20794E+04
   6.85000E+02   2.50000E-01   7.79514E-03   3.48347E-12  -6.79533E+03  -9.58676E+04  -1.51256E+05  -3.23764E+04
   6.90000E+02   2.50000E-01   7.66034E-03   3.92775E-12  -7.02900E+03  -9.65198E+04  -1.51572E+05  -3.26742E+04
   6.95000E+02   2.50000E-01   7.52495E-03   4.42235E-12  -7.26185E+03  -9.71781E+04  -1.51891E+05  -3.29726E+04
   7.00000E+02   2.50000E-01   7.38899E-03   4.97217E-12  -7.49385E+03  -9.78426E+04  -1.52213E+05  -3.32717E+04
   7.05000E+02   2.50000E-01   7.25249E-03   5.58250E-12  -7.72497E+03  -9.85134E+04  -1.52538E+05  -3.35715E+04
   7.10000E+02   2.50000E-01   7.11546E-03   6.25902E-12  -7.95517E+03  -9.91907E+04  -1.52865E+05  -3.38719E+04
   7.15000E+02   2.50000E-01   6.97794E-03   7.00784E-12  -8.18442E+03  -9.98747E+04  -1.53196E+05  -3.41730E+04
   7.20000E+02   2.50000E-01   6.83993E-03   7.83552E-12  -8.41267E+03  -1.00566E+05  -1.53530E+05  -3.44748E+04
   7.25000E+02   2.50000E-01   6.70147E-03   8.74908E-12  -8.63991E+03  -1.01264E+05  -1.53866E+05  -3.47772E+04
   7.30000E+02   2.50000E-01   6.56258E-03   9.75599E-12  -8.86608E+03  -1.01969E+05  -1.54206E+05  -3.50803E+04
   7.35000E+02   2.50000E-01   6.43381E-03   1.08780E-11  -9.08969E+03  -1.02669E+05  -1.54540E+05  -3.53846E+04
   7.40000E+02   2.50000E-01   6.32594E-03   1.21445E-11  -9.30957E+03  -1.03348E+05  -1.54855E+05  -3.56909E+04
   7.45000E+02   2.50000E-01   6.22247E-03   1.35487E-11  -9.52824E+03  -1.04026E+05  -1.55169E+05  -3.59981E+04
   7.50000E+02   2.50000E-01   6.12311E-03   1.51043E-11  -9.74579E+03  -1.04704E+05  -1.55481E+05  -3.63062E+04
   7.55000E+02   2.50000E-01   6.02762E-03   1.68262E-11  -9.96228E+03  -1.05381E+05  -1.55792E+05  -3.66153E+04
   7.60000E+02   2.50000E-01   5.93577E-03   1.87303E-11  -1.01778E+04  -1.06059E+05  -1.56101E+05  -3.69253E+04
   7.65000E+02   2.50000E-01   5.84733E-03   2.08343E-11  -1.03924E+04  -1.06735E+05  -1.56408E+05  -3.72361E+04
   7.70000E+02   2.50000E-01   5.76212E-03   2.31569E-11  -1.06061E+04  -1.07412E+05  -1.56715E+05  -3.75479E+04
   7.75000E+02   2.50000E-01   5.67996E-03   2.57188E-11  -1.08191E+04  -1.08089E+05  -1.57020E+05  -3.78605E+04
   7.80000E+02   2.50000E-01   5.60067E-03   2.85421E-11  -1.10312E+04  -1.08765E+05  -1.57325E+05  -3.81739E+04
   7.85000E+02   2.50000E-01   5.52411E-03   3.16511E-11  -1.12427E+04  -1.09441E+05  -1.57629E+05  -3.84882E+04
   7.90000E+02   2.50000E-01   5.45013E-03   3.50717E-11  -1.14535E+04  -1.10117E+05  -1.57932E+05  -3.88034E+04
   7.95000E+02   2.50000E-01   5.37860E-03   3.88320E-11  -1.16637E+04  -1.10794E+05  -1.58234E+05  -3.91193E+04
   8.00000E+02   2.50000E-01   5.30939E-03   4.29626E-11  -1.18733E+04  -1.11470E+05  -1.58536E+05  -3.94361E+04
   8.05000E+02   2.50000E-01   5.24240E-03   4.74961E-11  -1.20823E+04  -1.12146E+05  -1.58837E+05  -3.97537E+04
   8.10000E+02   2.50000E-01   5.17752E-03   5.24679E-11  -1.22907E+04  -1.12823E+05  -1.59137E+05  -4.00721E+04
   8.15000E+02   2.50000E-01   5.11464E-03   5.79162E-11  -1.24987E+04  -1.13499E+05  -1.59438E+05  -4.03913E+04
   8.20000E+02   2.50000E-01   5.05368E-03   6.38819E-11  -1.27062E+04  -1.14176E+05  -1.59737E+05  -4.07112E+04
   8.25000E+02   2.50000E-01   4.99455E-03   7.04091E-11  -1.29132E+04  -1.14853E+05  -1.60037E+05  -4.10320E+04
   8.30000E+02   2.50000E-01   4.93718E-03   7.75452E-11  -1.31198E+04  -1.15530E+05  -1.60336E+05  -4.13535E+04
   8.35000E+02   2.50000E-01   4.88147E-03   8.53413E-11  -1.33259E+04  -1.16208E+05  -1.60635E+05  -4.16758E+04
   8.40000E+02   2.50000E-01   4.82737E-03   9.38519E-11  -1.35316E+04  -1.16885E+05  -1.60933E+05  -4.19988E+04
   8.45000E+02   2.50000E-01   4.77481E-03   1.03136E-10  -1.37370E+04  -1.17563E+05  -1.61232E+05  -4.23226E+04
   8.50000E+02   2.50000E-01   4.72372E-03   1.13256E-10  -1.39419E+04  -1.18242E+05  -1.61530E+05  -4.26471E+04
   8.55000E+02   2.50000E-01   4.67404E-03   1.24279E-10  -1.41465E+04  -1.18920E+05  -1.61828E+05  -4.29724E+04
   8.60000E+02   2.50000E-01   4.62573E-03   1.36278E-10  -1.43508E+04  -1.19599E+05  -1.62126E+05  -4.32984E+04
   8.65000E+02   2.50000E-01   4.57872E-03   1.49330E-10  -1.45547E+04  -1.20279E+05  -1.62424E+05  -4.36251E+04
   8.70000E+02   2.50000E-01   4.53297E-03   1.63517E-10  -1.47582E+04  -1.20958E+05  -1.62722E+05  -4.39525E+04
   8.75000E+02   2.50000E-01   4.48843E-03   1.78927E-10  -1.49615E+04  -1.21639E+05  -1.63019E+05  -4.42807E+04
   8.80000E+02   2.50000E-01   4.44506E-03   1.95655E-10  -1.51644E+04  -1.22319E+05  -1.63317E+05  -4.46096E+04
   8.85000E+02   2.50000E-01   4.40281E-03   2.13801E-10  -1.53670E+04  -1.23000E+05  -1.63615E+05  -4.49392E+04
   8.90000E+02   2.50000E-01   4.36165E-03   2.33471E-10  -1.55693E+04  -1.23681E+05  -1.63913E+05  -4.52695E+04
   8.95000E+02   2.50000E-01   4.32153E-03   2.54781E-10  -1.57712E+04  -1.24363E+05  -1.64210E+05  -4.56005E+04
   9.00000E+02   2.50000E-01   4.28243E-03   2.77851E-10  -1.59729E+04  -1.25045E+05  -1.64508E+05  -4.59322E+04
