
 Phase Region for:
     BCC_A2                        
 col-1=X(C), col-2=X(CU), col-3=X(FE), col-4=X(MN), col-5=X(SI), col-6=MU(C), col-7=MU(CU), col-8=MU(FE), col-9=MU(MN), col-10=MU(SI),
   2.88620E-02   2.67665E-03   9.31473E-01   3.62380E-03   3.33645E-02   6.22066E+04  -4.85614E+03  -1.88797E+04  -3.95314E+04  -1.37692E+05
   9.99900E-03   2.72864E-03   9.49566E-01   3.69419E-03   3.40125E-02   5.69656E+04  -4.60896E+03  -1.87141E+04  -3.80072E+04  -1.39723E+05

 Phase Region for:
     BCC_A2                        
 col-1=X(C), col-2=X(CU), col-3=X(FE), col-4=X(MN), col-5=X(SI), col-6=MU(C), col-7=MU(CU), col-8=MU(FE), col-9=MU(MN), col-10=MU(SI),
   2.88620E-02   2.67665E-03   9.31473E-01   3.62380E-03   3.33645E-02   6.22066E+04  -4.85614E+03  -1.88797E+04  -3.95314E+04  -1.37692E+05
   2.87620E-02   2.67693E-03   9.31569E-01   3.62417E-03   3.33679E-02   6.21890E+04  -4.85477E+03  -1.88788E+04  -3.95231E+04  -1.37703E+05
   2.86620E-02   2.67720E-03   9.31665E-01   3.62455E-03   3.33713E-02   6.21714E+04  -4.85340E+03  -1.88779E+04  -3.95149E+04  -1.37714E+05
   2.85620E-02   2.67748E-03   9.31761E-01   3.62492E-03   3.33748E-02   6.21537E+04  -4.85203E+03  -1.88770E+04  -3.95066E+04  -1.37725E+05
   2.84620E-02   2.67775E-03   9.31857E-01   3.62529E-03   3.33782E-02   6.21360E+04  -4.85066E+03  -1.88761E+04  -3.94984E+04  -1.37736E+05
   2.83620E-02   2.67803E-03   9.31953E-01   3.62566E-03   3.33816E-02   6.21182E+04  -4.84929E+03  -1.88752E+04  -3.94902E+04  -1.37747E+05
   2.82620E-02   2.67831E-03   9.32049E-01   3.62604E-03   3.33851E-02   6.21003E+04  -4.84792E+03  -1.88743E+04  -3.94819E+04  -1.37758E+05
   2.81620E-02   2.67858E-03   9.32144E-01   3.62641E-03   3.33885E-02   6.20824E+04  -4.84655E+03  -1.88734E+04  -3.94737E+04  -1.37769E+05
   2.80620E-02   2.67886E-03   9.32240E-01   3.62678E-03   3.33920E-02   6.20645E+04  -4.84518E+03  -1.88725E+04  -3.94655E+04  -1.37780E+05
   2.79620E-02   2.67913E-03   9.32336E-01   3.62716E-03   3.33954E-02   6.20464E+04  -4.84382E+03  -1.88716E+04  -3.94572E+04  -1.37791E+05
   2.78620E-02   2.67941E-03   9.32432E-01   3.62753E-03   3.33988E-02   6.20283E+04  -4.84245E+03  -1.88707E+04  -3.94490E+04  -1.37802E+05
   2.77620E-02   2.67968E-03   9.32528E-01   3.62790E-03   3.34023E-02   6.20102E+04  -4.84109E+03  -1.88698E+04  -3.94408E+04  -1.37812E+05
   2.76620E-02   2.67996E-03   9.32624E-01   3.62828E-03   3.34057E-02   6.19920E+04  -4.83972E+03  -1.88689E+04  -3.94325E+04  -1.37823E+05
   2.75620E-02   2.68023E-03   9.32720E-01   3.62865E-03   3.34091E-02   6.19737E+04  -4.83836E+03  -1.88680E+04  -3.94243E+04  -1.37834E+05
   2.74620E-02   2.68051E-03   9.32816E-01   3.62902E-03   3.34126E-02   6.19554E+04  -4.83699E+03  -1.88671E+04  -3.94161E+04  -1.37845E+05
   2.73620E-02   2.68079E-03   9.32912E-01   3.62940E-03   3.34160E-02   6.19370E+04  -4.83563E+03  -1.88662E+04  -3.94079E+04  -1.37856E+05
   2.72620E-02   2.68106E-03   9.33008E-01   3.62977E-03   3.34194E-02   6.19185E+04  -4.83427E+03  -1.88653E+04  -3.93997E+04  -1.37867E+05
   2.71620E-02   2.68134E-03   9.33104E-01   3.63014E-03   3.34229E-02   6.19000E+04  -4.83291E+03  -1.88644E+04  -3.93915E+04  -1.37878E+05
   2.70620E-02   2.68161E-03   9.33200E-01   3.63052E-03   3.34263E-02   6.18814E+04  -4.83155E+03  -1.88636E+04  -3.93832E+04  -1.37889E+05
   2.69620E-02   2.68189E-03   9.33295E-01   3.63089E-03   3.34297E-02   6.18627E+04  -4.83019E+03  -1.88627E+04  -3.93750E+04  -1.37900E+05
   2.68620E-02   2.68216E-03   9.33391E-01   3.63126E-03   3.34332E-02   6.18440E+04  -4.82883E+03  -1.88618E+04  -3.93668E+04  -1.37911E+05
   2.67620E-02   2.68244E-03   9.33487E-01   3.63164E-03   3.34366E-02   6.18252E+04  -4.82747E+03  -1.88609E+04  -3.93586E+04  -1.37922E+05
   2.66620E-02   2.68272E-03   9.33583E-01   3.63201E-03   3.34401E-02   6.18063E+04  -4.82611E+03  -1.88600E+04  -3.93504E+04  -1.37933E+05
   2.65620E-02   2.68299E-03   9.33679E-01   3.63238E-03   3.34435E-02   6.17874E+04  -4.82476E+03  -1.88591E+04  -3.93422E+04  -1.37944E+05
   2.64620E-02   2.68327E-03   9.33775E-01   3.63275E-03   3.34469E-02   6.17684E+04  -4.82340E+03  -1.88582E+04  -3.93340E+04  -1.37955E+05
   2.63620E-02   2.68354E-03   9.33871E-01   3.63313E-03   3.34504E-02   6.17494E+04  -4.82204E+03  -1.88573E+04  -3.93258E+04  -1.37965E+05
   2.62620E-02   2.68382E-03   9.33967E-01   3.63350E-03   3.34538E-02   6.17302E+04  -4.82069E+03  -1.88564E+04  -3.93176E+04  -1.37976E+05
   2.61620E-02   2.68409E-03   9.34063E-01   3.63387E-03   3.34572E-02   6.17110E+04  -4.81933E+03  -1.88555E+04  -3.93094E+04  -1.37987E+05
   2.60620E-02   2.68437E-03   9.34159E-01   3.63425E-03   3.34607E-02   6.16918E+04  -4.81798E+03  -1.88546E+04  -3.93012E+04  -1.37998E+05
   2.59620E-02   2.68464E-03   9.34255E-01   3.63462E-03   3.34641E-02   6.16724E+04  -4.81663E+03  -1.88537E+04  -3.92930E+04  -1.38009E+05
   2.58620E-02   2.68492E-03   9.34351E-01   3.63499E-03   3.34675E-02   6.16530E+04  -4.81527E+03  -1.88528E+04  -3.92848E+04  -1.38020E+05
   2.57620E-02   2.68520E-03   9.34446E-01   3.63537E-03   3.34710E-02   6.16336E+04  -4.81392E+03  -1.88519E+04  -3.92766E+04  -1.38031E+05
   2.56620E-02   2.68547E-03   9.34542E-01   3.63574E-03   3.34744E-02   6.16140E+04  -4.81257E+03  -1.88510E+04  -3.92684E+04  -1.38042E+05
   2.55620E-02   2.68575E-03   9.34638E-01   3.63611E-03   3.34778E-02   6.15944E+04  -4.81122E+03  -1.88501E+04  -3.92602E+04  -1.38053E+05
   2.54620E-02   2.68602E-03   9.34734E-01   3.63649E-03   3.34813E-02   6.15747E+04  -4.80987E+03  -1.88493E+04  -3.92520E+04  -1.38064E+05
   2.53620E-02   2.68630E-03   9.34830E-01   3.63686E-03   3.34847E-02   6.15549E+04  -4.80852E+03  -1.88484E+04  -3.92439E+04  -1.38074E+05
   2.52620E-02   2.68657E-03   9.34926E-01   3.63723E-03   3.34882E-02   6.15351E+04  -4.80717E+03  -1.88475E+04  -3.92357E+04  -1.38085E+05
   2.51620E-02   2.68685E-03   9.35022E-01   3.63761E-03   3.34916E-02   6.15152E+04  -4.80583E+03  -1.88466E+04  -3.92275E+04  -1.38096E+05
   2.50620E-02   2.68713E-03   9.35118E-01   3.63798E-03   3.34950E-02   6.14952E+04  -4.80448E+03  -1.88457E+04  -3.92193E+04  -1.38107E+05
   2.49620E-02   2.68740E-03   9.35214E-01   3.63835E-03   3.34985E-02   6.14751E+04  -4.80313E+03  -1.88448E+04  -3.92111E+04  -1.38118E+05
   2.48620E-02   2.68768E-03   9.35310E-01   3.63872E-03   3.35019E-02   6.14550E+04  -4.80179E+03  -1.88439E+04  -3.92030E+04  -1.38129E+05
   2.47620E-02   2.68795E-03   9.35406E-01   3.63910E-03   3.35053E-02   6.14348E+04  -4.80044E+03  -1.88430E+04  -3.91948E+04  -1.38140E+05
   2.46620E-02   2.68823E-03   9.35502E-01   3.63947E-03   3.35088E-02   6.14145E+04  -4.79910E+03  -1.88421E+04  -3.91866E+04  -1.38151E+05
   2.45620E-02   2.68850E-03   9.35597E-01   3.63984E-03   3.35122E-02   6.13941E+04  -4.79775E+03  -1.88412E+04  -3.91784E+04  -1.38162E+05
   2.44620E-02   2.68878E-03   9.35693E-01   3.64022E-03   3.35156E-02   6.13736E+04  -4.79641E+03  -1.88403E+04  -3.91703E+04  -1.38172E+05
   2.43620E-02   2.68905E-03   9.35789E-01   3.64059E-03   3.35191E-02   6.13531E+04  -4.79507E+03  -1.88395E+04  -3.91621E+04  -1.38183E+05
   2.42620E-02   2.68933E-03   9.35885E-01   3.64096E-03   3.35225E-02   6.13325E+04  -4.79373E+03  -1.88386E+04  -3.91539E+04  -1.38194E+05
   2.41620E-02   2.68961E-03   9.35981E-01   3.64134E-03   3.35259E-02   6.13118E+04  -4.79238E+03  -1.88377E+04  -3.91458E+04  -1.38205E+05
   2.40620E-02   2.68988E-03   9.36077E-01   3.64171E-03   3.35294E-02   6.12910E+04  -4.79104E+03  -1.88368E+04  -3.91376E+04  -1.38216E+05
   2.39620E-02   2.69016E-03   9.36173E-01   3.64208E-03   3.35328E-02   6.12702E+04  -4.78970E+03  -1.88359E+04  -3.91295E+04  -1.38227E+05
   2.38620E-02   2.69043E-03   9.36269E-01   3.64246E-03   3.35363E-02   6.12492E+04  -4.78836E+03  -1.88350E+04  -3.91213E+04  -1.38238E+05
   2.37620E-02   2.69071E-03   9.36365E-01   3.64283E-03   3.35397E-02   6.12282E+04  -4.78703E+03  -1.88341E+04  -3.91132E+04  -1.38248E+05
   2.36620E-02   2.69098E-03   9.36461E-01   3.64320E-03   3.35431E-02   6.12071E+04  -4.78569E+03  -1.88332E+04  -3.91050E+04  -1.38259E+05
   2.35620E-02   2.69126E-03   9.36557E-01   3.64358E-03   3.35466E-02   6.11859E+04  -4.78435E+03  -1.88323E+04  -3.90968E+04  -1.38270E+05
   2.34620E-02   2.69154E-03   9.36653E-01   3.64395E-03   3.35500E-02   6.11646E+04  -4.78301E+03  -1.88315E+04  -3.90887E+04  -1.38281E+05
   2.33620E-02   2.69181E-03   9.36748E-01   3.64432E-03   3.35534E-02   6.11433E+04  -4.78168E+03  -1.88306E+04  -3.90805E+04  -1.38292E+05
   2.32620E-02   2.69209E-03   9.36844E-01   3.64470E-03   3.35569E-02   6.11218E+04  -4.78034E+03  -1.88297E+04  -3.90724E+04  -1.38303E+05
   2.31620E-02   2.69236E-03   9.36940E-01   3.64507E-03   3.35603E-02   6.11003E+04  -4.77901E+03  -1.88288E+04  -3.90643E+04  -1.38314E+05
   2.30620E-02   2.69264E-03   9.37036E-01   3.64544E-03   3.35637E-02   6.10786E+04  -4.77768E+03  -1.88279E+04  -3.90561E+04  -1.38324E+05
   2.29620E-02   2.69291E-03   9.37132E-01   3.64581E-03   3.35672E-02   6.10569E+04  -4.77634E+03  -1.88270E+04  -3.90480E+04  -1.38335E+05
   2.28620E-02   2.69319E-03   9.37228E-01   3.64619E-03   3.35706E-02   6.10351E+04  -4.77501E+03  -1.88261E+04  -3.90398E+04  -1.38346E+05
   2.27620E-02   2.69346E-03   9.37324E-01   3.64656E-03   3.35740E-02   6.10132E+04  -4.77368E+03  -1.88253E+04  -3.90317E+04  -1.38357E+05
   2.26620E-02   2.69374E-03   9.37420E-01   3.64693E-03   3.35775E-02   6.09912E+04  -4.77235E+03  -1.88244E+04  -3.90236E+04  -1.38368E+05
   2.25620E-02   2.69402E-03   9.37516E-01   3.64731E-03   3.35809E-02   6.09691E+04  -4.77102E+03  -1.88235E+04  -3.90154E+04  -1.38379E+05
   2.24620E-02   2.69429E-03   9.37612E-01   3.64768E-03   3.35843E-02   6.09470E+04  -4.76969E+03  -1.88226E+04  -3.90073E+04  -1.38389E+05
   2.23620E-02   2.69457E-03   9.37708E-01   3.64805E-03   3.35878E-02   6.09247E+04  -4.76836E+03  -1.88217E+04  -3.89992E+04  -1.38400E+05
   2.22620E-02   2.69484E-03   9.37803E-01   3.64843E-03   3.35912E-02   6.09023E+04  -4.76703E+03  -1.88208E+04  -3.89910E+04  -1.38411E+05
   2.21620E-02   2.69512E-03   9.37899E-01   3.64880E-03   3.35947E-02   6.08798E+04  -4.76570E+03  -1.88199E+04  -3.89829E+04  -1.38422E+05
   2.20620E-02   2.69539E-03   9.37995E-01   3.64917E-03   3.35981E-02   6.08573E+04  -4.76437E+03  -1.88191E+04  -3.89748E+04  -1.38433E+05
   2.19620E-02   2.69567E-03   9.38091E-01   3.64955E-03   3.36015E-02   6.08346E+04  -4.76305E+03  -1.88182E+04  -3.89666E+04  -1.38444E+05
   2.18620E-02   2.69595E-03   9.38187E-01   3.64992E-03   3.36050E-02   6.08119E+04  -4.76172E+03  -1.88173E+04  -3.89585E+04  -1.38454E+05
   2.17620E-02   2.69622E-03   9.38283E-01   3.65029E-03   3.36084E-02   6.07890E+04  -4.76039E+03  -1.88164E+04  -3.89504E+04  -1.38465E+05
   2.16620E-02   2.69650E-03   9.38379E-01   3.65067E-03   3.36118E-02   6.07661E+04  -4.75907E+03  -1.88155E+04  -3.89423E+04  -1.38476E+05
   2.15620E-02   2.69677E-03   9.38475E-01   3.65104E-03   3.36153E-02   6.07430E+04  -4.75775E+03  -1.88146E+04  -3.89342E+04  -1.38487E+05
   2.14620E-02   2.69705E-03   9.38571E-01   3.65141E-03   3.36187E-02   6.07198E+04  -4.75642E+03  -1.88138E+04  -3.89260E+04  -1.38498E+05
   2.13620E-02   2.69732E-03   9.38667E-01   3.65179E-03   3.36221E-02   6.06966E+04  -4.75510E+03  -1.88129E+04  -3.89179E+04  -1.38508E+05
   2.12620E-02   2.69760E-03   9.38763E-01   3.65216E-03   3.36256E-02   6.06732E+04  -4.75378E+03  -1.88120E+04  -3.89098E+04  -1.38519E+05
   2.11620E-02   2.69787E-03   9.38859E-01   3.65253E-03   3.36290E-02   6.06497E+04  -4.75246E+03  -1.88111E+04  -3.89017E+04  -1.38530E+05
   2.10620E-02   2.69815E-03   9.38954E-01   3.65290E-03   3.36324E-02   6.06262E+04  -4.75113E+03  -1.88102E+04  -3.88936E+04  -1.38541E+05
   2.09620E-02   2.69843E-03   9.39050E-01   3.65328E-03   3.36359E-02   6.06025E+04  -4.74981E+03  -1.88094E+04  -3.88855E+04  -1.38552E+05
   2.08620E-02   2.69870E-03   9.39146E-01   3.65365E-03   3.36393E-02   6.05787E+04  -4.74850E+03  -1.88085E+04  -3.88774E+04  -1.38562E+05
   2.07620E-02   2.69898E-03   9.39242E-01   3.65402E-03   3.36428E-02   6.05548E+04  -4.74718E+03  -1.88076E+04  -3.88693E+04  -1.38573E+05
   2.06620E-02   2.69925E-03   9.39338E-01   3.65440E-03   3.36462E-02   6.05308E+04  -4.74586E+03  -1.88067E+04  -3.88612E+04  -1.38584E+05
   2.05620E-02   2.69953E-03   9.39434E-01   3.65477E-03   3.36496E-02   6.05066E+04  -4.74454E+03  -1.88058E+04  -3.88531E+04  -1.38595E+05
   2.04620E-02   2.69980E-03   9.39530E-01   3.65514E-03   3.36531E-02   6.04824E+04  -4.74322E+03  -1.88050E+04  -3.88450E+04  -1.38606E+05
   2.03620E-02   2.70008E-03   9.39626E-01   3.65552E-03   3.36565E-02   6.04580E+04  -4.74191E+03  -1.88041E+04  -3.88369E+04  -1.38616E+05
   2.02620E-02   2.70036E-03   9.39722E-01   3.65589E-03   3.36599E-02   6.04336E+04  -4.74059E+03  -1.88032E+04  -3.88288E+04  -1.38627E+05
   2.01620E-02   2.70063E-03   9.39818E-01   3.65626E-03   3.36634E-02   6.04090E+04  -4.73928E+03  -1.88023E+04  -3.88207E+04  -1.38638E+05
   2.00620E-02   2.70091E-03   9.39914E-01   3.65664E-03   3.36668E-02   6.03843E+04  -4.73796E+03  -1.88014E+04  -3.88126E+04  -1.38649E+05
   1.99620E-02   2.70118E-03   9.40010E-01   3.65701E-03   3.36702E-02   6.03595E+04  -4.73665E+03  -1.88006E+04  -3.88045E+04  -1.38659E+05
   1.98620E-02   2.70146E-03   9.40105E-01   3.65738E-03   3.36737E-02   6.03345E+04  -4.73534E+03  -1.87997E+04  -3.87964E+04  -1.38670E+05
   1.97620E-02   2.70173E-03   9.40201E-01   3.65776E-03   3.36771E-02   6.03095E+04  -4.73402E+03  -1.87988E+04  -3.87883E+04  -1.38681E+05
   1.96620E-02   2.70201E-03   9.40297E-01   3.65813E-03   3.36805E-02   6.02843E+04  -4.73271E+03  -1.87979E+04  -3.87803E+04  -1.38692E+05
   1.95620E-02   2.70228E-03   9.40393E-01   3.65850E-03   3.36840E-02   6.02590E+04  -4.73140E+03  -1.87970E+04  -3.87722E+04  -1.38703E+05
   1.94620E-02   2.70256E-03   9.40489E-01   3.65888E-03   3.36874E-02   6.02336E+04  -4.73009E+03  -1.87962E+04  -3.87641E+04  -1.38713E+05
   1.93620E-02   2.70284E-03   9.40585E-01   3.65925E-03   3.36909E-02   6.02080E+04  -4.72878E+03  -1.87953E+04  -3.87560E+04  -1.38724E+05
   1.92620E-02   2.70311E-03   9.40681E-01   3.65962E-03   3.36943E-02   6.01823E+04  -4.72747E+03  -1.87944E+04  -3.87479E+04  -1.38735E+05
   1.91620E-02   2.70339E-03   9.40777E-01   3.65999E-03   3.36977E-02   6.01565E+04  -4.72616E+03  -1.87935E+04  -3.87399E+04  -1.38746E+05
   1.90620E-02   2.70366E-03   9.40873E-01   3.66037E-03   3.37012E-02   6.01306E+04  -4.72485E+03  -1.87927E+04  -3.87318E+04  -1.38756E+05
   1.89620E-02   2.70394E-03   9.40969E-01   3.66074E-03   3.37046E-02   6.01045E+04  -4.72355E+03  -1.87918E+04  -3.87237E+04  -1.38767E+05
   1.88620E-02   2.70421E-03   9.41065E-01   3.66111E-03   3.37080E-02   6.00783E+04  -4.72224E+03  -1.87909E+04  -3.87157E+04  -1.38778E+05
   1.87620E-02   2.70449E-03   9.41161E-01   3.66149E-03   3.37115E-02   6.00520E+04  -4.72094E+03  -1.87900E+04  -3.87076E+04  -1.38789E+05
   1.86620E-02   2.70477E-03   9.41256E-01   3.66186E-03   3.37149E-02   6.00255E+04  -4.71963E+03  -1.87891E+04  -3.86995E+04  -1.38799E+05
   1.85620E-02   2.70504E-03   9.41352E-01   3.66223E-03   3.37183E-02   5.99989E+04  -4.71833E+03  -1.87883E+04  -3.86915E+04  -1.38810E+05
   1.84620E-02   2.70532E-03   9.41448E-01   3.66261E-03   3.37218E-02   5.99722E+04  -4.71702E+03  -1.87874E+04  -3.86834E+04  -1.38821E+05
   1.83620E-02   2.70559E-03   9.41544E-01   3.66298E-03   3.37252E-02   5.99453E+04  -4.71572E+03  -1.87865E+04  -3.86753E+04  -1.38832E+05
   1.82620E-02   2.70587E-03   9.41640E-01   3.66335E-03   3.37286E-02   5.99183E+04  -4.71442E+03  -1.87856E+04  -3.86673E+04  -1.38842E+05
   1.81620E-02   2.70614E-03   9.41736E-01   3.66373E-03   3.37321E-02   5.98911E+04  -4.71311E+03  -1.87848E+04  -3.86592E+04  -1.38853E+05
   1.80620E-02   2.70642E-03   9.41832E-01   3.66410E-03   3.37355E-02   5.98638E+04  -4.71181E+03  -1.87839E+04  -3.86512E+04  -1.38864E+05
   1.79620E-02   2.70669E-03   9.41928E-01   3.66447E-03   3.37390E-02   5.98363E+04  -4.71051E+03  -1.87830E+04  -3.86431E+04  -1.38875E+05
   1.78620E-02   2.70697E-03   9.42024E-01   3.66485E-03   3.37424E-02   5.98087E+04  -4.70921E+03  -1.87821E+04  -3.86350E+04  -1.38885E+05
   1.77620E-02   2.70725E-03   9.42120E-01   3.66522E-03   3.37458E-02   5.97810E+04  -4.70791E+03  -1.87813E+04  -3.86270E+04  -1.38896E+05
   1.76620E-02   2.70752E-03   9.42216E-01   3.66559E-03   3.37493E-02   5.97530E+04  -4.70661E+03  -1.87804E+04  -3.86189E+04  -1.38907E+05
   1.75620E-02   2.70780E-03   9.42312E-01   3.66596E-03   3.37527E-02   5.97250E+04  -4.70531E+03  -1.87795E+04  -3.86109E+04  -1.38918E+05
   1.74620E-02   2.70807E-03   9.42407E-01   3.66634E-03   3.37561E-02   5.96968E+04  -4.70402E+03  -1.87786E+04  -3.86029E+04  -1.38928E+05
   1.73620E-02   2.70835E-03   9.42503E-01   3.66671E-03   3.37596E-02   5.96684E+04  -4.70272E+03  -1.87778E+04  -3.85948E+04  -1.38939E+05
   1.72620E-02   2.70862E-03   9.42599E-01   3.66708E-03   3.37630E-02   5.96399E+04  -4.70142E+03  -1.87769E+04  -3.85868E+04  -1.38950E+05
   1.71620E-02   2.70890E-03   9.42695E-01   3.66746E-03   3.37664E-02   5.96112E+04  -4.70013E+03  -1.87760E+04  -3.85787E+04  -1.38960E+05
   1.70620E-02   2.70918E-03   9.42791E-01   3.66783E-03   3.37699E-02   5.95823E+04  -4.69883E+03  -1.87752E+04  -3.85707E+04  -1.38971E+05
   1.69620E-02   2.70945E-03   9.42887E-01   3.66820E-03   3.37733E-02   5.95533E+04  -4.69754E+03  -1.87743E+04  -3.85626E+04  -1.38982E+05
   1.68620E-02   2.70973E-03   9.42983E-01   3.66858E-03   3.37767E-02   5.95241E+04  -4.69624E+03  -1.87734E+04  -3.85546E+04  -1.38993E+05
   1.67620E-02   2.71000E-03   9.43079E-01   3.66895E-03   3.37802E-02   5.94948E+04  -4.69495E+03  -1.87725E+04  -3.85466E+04  -1.39003E+05
   1.66620E-02   2.71028E-03   9.43175E-01   3.66932E-03   3.37836E-02   5.94653E+04  -4.69366E+03  -1.87717E+04  -3.85385E+04  -1.39014E+05
   1.65620E-02   2.71055E-03   9.43271E-01   3.66970E-03   3.37870E-02   5.94356E+04  -4.69237E+03  -1.87708E+04  -3.85305E+04  -1.39025E+05
   1.64620E-02   2.71083E-03   9.43367E-01   3.67007E-03   3.37905E-02   5.94057E+04  -4.69108E+03  -1.87699E+04  -3.85225E+04  -1.39035E+05
   1.63620E-02   2.71110E-03   9.43463E-01   3.67044E-03   3.37939E-02   5.93757E+04  -4.68979E+03  -1.87691E+04  -3.85145E+04  -1.39046E+05
   1.62620E-02   2.71138E-03   9.43558E-01   3.67082E-03   3.37974E-02   5.93455E+04  -4.68850E+03  -1.87682E+04  -3.85064E+04  -1.39057E+05
   1.61620E-02   2.71166E-03   9.43654E-01   3.67119E-03   3.38008E-02   5.93151E+04  -4.68721E+03  -1.87673E+04  -3.84984E+04  -1.39067E+05
   1.60620E-02   2.71193E-03   9.43750E-01   3.67156E-03   3.38042E-02   5.92845E+04  -4.68592E+03  -1.87664E+04  -3.84904E+04  -1.39078E+05
   1.59620E-02   2.71221E-03   9.43846E-01   3.67194E-03   3.38077E-02   5.92538E+04  -4.68463E+03  -1.87656E+04  -3.84824E+04  -1.39089E+05
   1.58620E-02   2.71248E-03   9.43942E-01   3.67231E-03   3.38111E-02   5.92228E+04  -4.68334E+03  -1.87647E+04  -3.84743E+04  -1.39100E+05
   1.57620E-02   2.71276E-03   9.44038E-01   3.67268E-03   3.38145E-02   5.91917E+04  -4.68206E+03  -1.87638E+04  -3.84663E+04  -1.39110E+05
   1.56620E-02   2.71303E-03   9.44134E-01   3.67305E-03   3.38180E-02   5.91603E+04  -4.68077E+03  -1.87630E+04  -3.84583E+04  -1.39121E+05
   1.55620E-02   2.71331E-03   9.44230E-01   3.67343E-03   3.38214E-02   5.91288E+04  -4.67948E+03  -1.87621E+04  -3.84503E+04  -1.39132E+05
   1.54620E-02   2.71358E-03   9.44326E-01   3.67380E-03   3.38248E-02   5.90971E+04  -4.67820E+03  -1.87612E+04  -3.84423E+04  -1.39142E+05
   1.53620E-02   2.71386E-03   9.44422E-01   3.67417E-03   3.38283E-02   5.90652E+04  -4.67692E+03  -1.87604E+04  -3.84343E+04  -1.39153E+05
   1.52620E-02   2.71414E-03   9.44518E-01   3.67455E-03   3.38317E-02   5.90331E+04  -4.67563E+03  -1.87595E+04  -3.84263E+04  -1.39164E+05
   1.51620E-02   2.71441E-03   9.44614E-01   3.67492E-03   3.38351E-02   5.90007E+04  -4.67435E+03  -1.87586E+04  -3.84183E+04  -1.39174E+05
   1.50620E-02   2.71469E-03   9.44709E-01   3.67529E-03   3.38386E-02   5.89682E+04  -4.67307E+03  -1.87578E+04  -3.84103E+04  -1.39185E+05
   1.49620E-02   2.71496E-03   9.44805E-01   3.67567E-03   3.38420E-02   5.89355E+04  -4.67178E+03  -1.87569E+04  -3.84023E+04  -1.39196E+05
   1.48620E-02   2.71524E-03   9.44901E-01   3.67604E-03   3.38455E-02   5.89025E+04  -4.67050E+03  -1.87560E+04  -3.83943E+04  -1.39206E+05
   1.47620E-02   2.71551E-03   9.44997E-01   3.67641E-03   3.38489E-02   5.88693E+04  -4.66922E+03  -1.87552E+04  -3.83863E+04  -1.39217E+05
   1.46620E-02   2.71579E-03   9.45093E-01   3.67679E-03   3.38523E-02   5.88360E+04  -4.66794E+03  -1.87543E+04  -3.83783E+04  -1.39228E+05
   1.45620E-02   2.71607E-03   9.45189E-01   3.67716E-03   3.38558E-02   5.88024E+04  -4.66666E+03  -1.87534E+04  -3.83703E+04  -1.39238E+05
   1.44620E-02   2.71634E-03   9.45285E-01   3.67753E-03   3.38592E-02   5.87685E+04  -4.66539E+03  -1.87526E+04  -3.83623E+04  -1.39249E+05
   1.43620E-02   2.71662E-03   9.45381E-01   3.67791E-03   3.38626E-02   5.87345E+04  -4.66411E+03  -1.87517E+04  -3.83543E+04  -1.39260E+05
   1.42620E-02   2.71689E-03   9.45477E-01   3.67828E-03   3.38661E-02   5.87002E+04  -4.66283E+03  -1.87508E+04  -3.83463E+04  -1.39270E+05
   1.41620E-02   2.71717E-03   9.45573E-01   3.67865E-03   3.38695E-02   5.86656E+04  -4.66155E+03  -1.87500E+04  -3.83383E+04  -1.39281E+05
   1.40620E-02   2.71744E-03   9.45669E-01   3.67903E-03   3.38729E-02   5.86309E+04  -4.66028E+03  -1.87491E+04  -3.83303E+04  -1.39292E+05
   1.39620E-02   2.71772E-03   9.45764E-01   3.67940E-03   3.38764E-02   5.85959E+04  -4.65900E+03  -1.87482E+04  -3.83223E+04  -1.39302E+05
   1.38620E-02   2.71799E-03   9.45860E-01   3.67977E-03   3.38798E-02   5.85606E+04  -4.65773E+03  -1.87474E+04  -3.83143E+04  -1.39313E+05
   1.37620E-02   2.71827E-03   9.45956E-01   3.68014E-03   3.38832E-02   5.85251E+04  -4.65645E+03  -1.87465E+04  -3.83064E+04  -1.39324E+05
   1.36620E-02   2.71855E-03   9.46052E-01   3.68052E-03   3.38867E-02   5.84894E+04  -4.65518E+03  -1.87456E+04  -3.82984E+04  -1.39334E+05
   1.35620E-02   2.71882E-03   9.46148E-01   3.68089E-03   3.38901E-02   5.84534E+04  -4.65391E+03  -1.87448E+04  -3.82904E+04  -1.39345E+05
   1.34620E-02   2.71910E-03   9.46244E-01   3.68126E-03   3.38936E-02   5.84171E+04  -4.65264E+03  -1.87439E+04  -3.82824E+04  -1.39356E+05
   1.33620E-02   2.71937E-03   9.46340E-01   3.68164E-03   3.38970E-02   5.83806E+04  -4.65136E+03  -1.87430E+04  -3.82744E+04  -1.39366E+05
   1.32620E-02   2.71965E-03   9.46436E-01   3.68201E-03   3.39004E-02   5.83438E+04  -4.65009E+03  -1.87422E+04  -3.82665E+04  -1.39377E+05
   1.31620E-02   2.71992E-03   9.46532E-01   3.68238E-03   3.39039E-02   5.83067E+04  -4.64882E+03  -1.87413E+04  -3.82585E+04  -1.39387E+05
   1.30620E-02   2.72020E-03   9.46628E-01   3.68276E-03   3.39073E-02   5.82694E+04  -4.64755E+03  -1.87404E+04  -3.82505E+04  -1.39398E+05
   1.29620E-02   2.72048E-03   9.46724E-01   3.68313E-03   3.39107E-02   5.82318E+04  -4.64628E+03  -1.87396E+04  -3.82426E+04  -1.39409E+05
   1.28620E-02   2.72075E-03   9.46820E-01   3.68350E-03   3.39142E-02   5.81939E+04  -4.64502E+03  -1.87387E+04  -3.82346E+04  -1.39419E+05
   1.27620E-02   2.72103E-03   9.46915E-01   3.68388E-03   3.39176E-02   5.81557E+04  -4.64375E+03  -1.87379E+04  -3.82266E+04  -1.39430E+05
   1.26620E-02   2.72130E-03   9.47011E-01   3.68425E-03   3.39210E-02   5.81172E+04  -4.64248E+03  -1.87370E+04  -3.82187E+04  -1.39441E+05
   1.25620E-02   2.72158E-03   9.47107E-01   3.68462E-03   3.39245E-02   5.80784E+04  -4.64121E+03  -1.87361E+04  -3.82107E+04  -1.39451E+05
   1.24620E-02   2.72185E-03   9.47203E-01   3.68500E-03   3.39279E-02   5.80393E+04  -4.63995E+03  -1.87353E+04  -3.82027E+04  -1.39462E+05
   1.23620E-02   2.72213E-03   9.47299E-01   3.68537E-03   3.39313E-02   5.79999E+04  -4.63868E+03  -1.87344E+04  -3.81948E+04  -1.39472E+05
   1.22620E-02   2.72240E-03   9.47395E-01   3.68574E-03   3.39348E-02   5.79602E+04  -4.63742E+03  -1.87335E+04  -3.81868E+04  -1.39483E+05
   1.21620E-02   2.72268E-03   9.47491E-01   3.68611E-03   3.39382E-02   5.79202E+04  -4.63615E+03  -1.87327E+04  -3.81789E+04  -1.39494E+05
   1.20620E-02   2.72296E-03   9.47587E-01   3.68649E-03   3.39417E-02   5.78799E+04  -4.63489E+03  -1.87318E+04  -3.81709E+04  -1.39504E+05
   1.19620E-02   2.72323E-03   9.47683E-01   3.68686E-03   3.39451E-02   5.78392E+04  -4.63363E+03  -1.87310E+04  -3.81630E+04  -1.39515E+05
   1.18620E-02   2.72351E-03   9.47779E-01   3.68723E-03   3.39485E-02   5.77982E+04  -4.63237E+03  -1.87301E+04  -3.81550E+04  -1.39526E+05
   1.17620E-02   2.72378E-03   9.47875E-01   3.68761E-03   3.39520E-02   5.77569E+04  -4.63110E+03  -1.87292E+04  -3.81471E+04  -1.39536E+05
   1.16620E-02   2.72406E-03   9.47971E-01   3.68798E-03   3.39554E-02   5.77152E+04  -4.62984E+03  -1.87284E+04  -3.81391E+04  -1.39547E+05
   1.15620E-02   2.72433E-03   9.48066E-01   3.68835E-03   3.39588E-02   5.76732E+04  -4.62858E+03  -1.87275E+04  -3.81312E+04  -1.39557E+05
   1.14620E-02   2.72461E-03   9.48162E-01   3.68873E-03   3.39623E-02   5.76308E+04  -4.62732E+03  -1.87267E+04  -3.81232E+04  -1.39568E+05
   1.13620E-02   2.72489E-03   9.48258E-01   3.68910E-03   3.39657E-02   5.75880E+04  -4.62606E+03  -1.87258E+04  -3.81153E+04  -1.39579E+05
   1.12620E-02   2.72516E-03   9.48354E-01   3.68947E-03   3.39691E-02   5.75449E+04  -4.62481E+03  -1.87249E+04  -3.81073E+04  -1.39589E+05
   1.11620E-02   2.72544E-03   9.48450E-01   3.68985E-03   3.39726E-02   5.75014E+04  -4.62355E+03  -1.87241E+04  -3.80994E+04  -1.39600E+05
   1.10620E-02   2.72571E-03   9.48546E-01   3.69022E-03   3.39760E-02   5.74576E+04  -4.62229E+03  -1.87232E+04  -3.80915E+04  -1.39610E+05
   1.09620E-02   2.72599E-03   9.48642E-01   3.69059E-03   3.39794E-02   5.74133E+04  -4.62103E+03  -1.87224E+04  -3.80835E+04  -1.39621E+05
   1.08620E-02   2.72626E-03   9.48738E-01   3.69097E-03   3.39829E-02   5.73686E+04  -4.61978E+03  -1.87215E+04  -3.80756E+04  -1.39631E+05
   1.07620E-02   2.72654E-03   9.48834E-01   3.69134E-03   3.39863E-02   5.73236E+04  -4.61852E+03  -1.87206E+04  -3.80677E+04  -1.39642E+05
   1.06620E-02   2.72681E-03   9.48930E-01   3.69171E-03   3.39898E-02   5.72781E+04  -4.61727E+03  -1.87198E+04  -3.80597E+04  -1.39653E+05
   1.05620E-02   2.72709E-03   9.49026E-01   3.69209E-03   3.39932E-02   5.72322E+04  -4.61601E+03  -1.87189E+04  -3.80518E+04  -1.39663E+05
   1.04620E-02   2.72737E-03   9.49122E-01   3.69246E-03   3.39966E-02   5.71859E+04  -4.61476E+03  -1.87181E+04  -3.80439E+04  -1.39674E+05
   1.03620E-02   2.72764E-03   9.49217E-01   3.69283E-03   3.40001E-02   5.71391E+04  -4.61351E+03  -1.87172E+04  -3.80360E+04  -1.39684E+05
   1.02620E-02   2.72792E-03   9.49313E-01   3.69320E-03   3.40035E-02   5.70919E+04  -4.61225E+03  -1.87164E+04  -3.80280E+04  -1.39695E+05
   1.01620E-02   2.72819E-03   9.49409E-01   3.69358E-03   3.40069E-02   5.70442E+04  -4.61100E+03  -1.87155E+04  -3.80201E+04  -1.39706E+05
   1.00620E-02   2.72847E-03   9.49505E-01   3.69395E-03   3.40104E-02   5.69961E+04  -4.60975E+03  -1.87146E+04  -3.80122E+04  -1.39716E+05
   9.96201E-03   2.72874E-03   9.49601E-01   3.69432E-03   3.40138E-02   5.69475E+04  -4.60850E+03  -1.87138E+04  -3.80043E+04  -1.39727E+05
   9.86201E-03   2.72902E-03   9.49697E-01   3.69470E-03   3.40172E-02   5.68985E+04  -4.60725E+03  -1.87129E+04  -3.79964E+04  -1.39737E+05
   9.76201E-03   2.72930E-03   9.49793E-01   3.69507E-03   3.40207E-02   5.68489E+04  -4.60600E+03  -1.87121E+04  -3.79884E+04  -1.39748E+05
   9.66201E-03   2.72957E-03   9.49889E-01   3.69544E-03   3.40241E-02   5.67989E+04  -4.60475E+03  -1.87112E+04  -3.79805E+04  -1.39758E+05
   9.56201E-03   2.72985E-03   9.49985E-01   3.69582E-03   3.40275E-02   5.67483E+04  -4.60351E+03  -1.87104E+04  -3.79726E+04  -1.39769E+05
   9.46201E-03   2.73012E-03   9.50081E-01   3.69619E-03   3.40310E-02   5.66972E+04  -4.60226E+03  -1.87095E+04  -3.79647E+04  -1.39779E+05
   9.36201E-03   2.73040E-03   9.50177E-01   3.69656E-03   3.40344E-02   5.66456E+04  -4.60101E+03  -1.87087E+04  -3.79568E+04  -1.39790E+05
   9.26201E-03   2.73067E-03   9.50273E-01   3.69694E-03   3.40378E-02   5.65934E+04  -4.59977E+03  -1.87078E+04  -3.79489E+04  -1.39801E+05
   9.16201E-03   2.73095E-03   9.50368E-01   3.69731E-03   3.40413E-02   5.65407E+04  -4.59852E+03  -1.87069E+04  -3.79410E+04  -1.39811E+05
   9.06201E-03   2.73122E-03   9.50464E-01   3.69768E-03   3.40447E-02   5.64874E+04  -4.59728E+03  -1.87061E+04  -3.79331E+04  -1.39822E+05
   8.96201E-03   2.73150E-03   9.50560E-01   3.69806E-03   3.40482E-02   5.64335E+04  -4.59603E+03  -1.87052E+04  -3.79252E+04  -1.39832E+05
   8.86201E-03   2.73178E-03   9.50656E-01   3.69843E-03   3.40516E-02   5.63791E+04  -4.59479E+03  -1.87044E+04  -3.79173E+04  -1.39843E+05
   8.76201E-03   2.73205E-03   9.50752E-01   3.69880E-03   3.40550E-02   5.63240E+04  -4.59354E+03  -1.87035E+04  -3.79094E+04  -1.39853E+05
   8.66201E-03   2.73233E-03   9.50848E-01   3.69918E-03   3.40585E-02   5.62683E+04  -4.59230E+03  -1.87027E+04  -3.79015E+04  -1.39864E+05
   8.56201E-03   2.73260E-03   9.50944E-01   3.69955E-03   3.40619E-02   5.62120E+04  -4.59106E+03  -1.87018E+04  -3.78936E+04  -1.39874E+05
   8.46201E-03   2.73288E-03   9.51040E-01   3.69992E-03   3.40653E-02   5.61550E+04  -4.58982E+03  -1.87010E+04  -3.78857E+04  -1.39885E+05
   8.36201E-03   2.73315E-03   9.51136E-01   3.70029E-03   3.40688E-02   5.60974E+04  -4.58858E+03  -1.87001E+04  -3.78778E+04  -1.39896E+05
   8.26201E-03   2.73343E-03   9.51232E-01   3.70067E-03   3.40722E-02   5.60391E+04  -4.58734E+03  -1.86993E+04  -3.78699E+04  -1.39906E+05
   8.16201E-03   2.73371E-03   9.51328E-01   3.70104E-03   3.40756E-02   5.59801E+04  -4.58610E+03  -1.86984E+04  -3.78620E+04  -1.39917E+05
   8.06201E-03   2.73398E-03   9.51424E-01   3.70141E-03   3.40791E-02   5.59203E+04  -4.58486E+03  -1.86976E+04  -3.78542E+04  -1.39927E+05
   7.96201E-03   2.73426E-03   9.51519E-01   3.70179E-03   3.40825E-02   5.58599E+04  -4.58362E+03  -1.86967E+04  -3.78463E+04  -1.39938E+05
   7.86201E-03   2.73453E-03   9.51615E-01   3.70216E-03   3.40859E-02   5.57986E+04  -4.58239E+03  -1.86959E+04  -3.78384E+04  -1.39948E+05
   7.76201E-03   2.73481E-03   9.51711E-01   3.70253E-03   3.40894E-02   5.57367E+04  -4.58115E+03  -1.86950E+04  -3.78305E+04  -1.39959E+05
   7.66201E-03   2.73508E-03   9.51807E-01   3.70291E-03   3.40928E-02   5.56739E+04  -4.57991E+03  -1.86942E+04  -3.78226E+04  -1.39969E+05
   7.56201E-03   2.73536E-03   9.51903E-01   3.70328E-03   3.40963E-02   5.56103E+04  -4.57868E+03  -1.86933E+04  -3.78147E+04  -1.39980E+05
   7.46201E-03   2.73563E-03   9.51999E-01   3.70365E-03   3.40997E-02   5.55459E+04  -4.57744E+03  -1.86924E+04  -3.78069E+04  -1.39990E+05
   7.36201E-03   2.73591E-03   9.52095E-01   3.70403E-03   3.41031E-02   5.54806E+04  -4.57621E+03  -1.86916E+04  -3.77990E+04  -1.40001E+05
   7.26201E-03   2.73619E-03   9.52191E-01   3.70440E-03   3.41066E-02   5.54144E+04  -4.57497E+03  -1.86907E+04  -3.77911E+04  -1.40011E+05
   7.16201E-03   2.73646E-03   9.52287E-01   3.70477E-03   3.41100E-02   5.53474E+04  -4.57374E+03  -1.86899E+04  -3.77833E+04  -1.40022E+05
   7.06201E-03   2.73674E-03   9.52383E-01   3.70515E-03   3.41134E-02   5.52794E+04  -4.57251E+03  -1.86890E+04  -3.77754E+04  -1.40032E+05
   6.96201E-03   2.73701E-03   9.52479E-01   3.70552E-03   3.41169E-02   5.52104E+04  -4.57127E+03  -1.86882E+04  -3.77675E+04  -1.40043E+05
   6.86201E-03   2.73729E-03   9.52575E-01   3.70589E-03   3.41203E-02   5.51405E+04  -4.57004E+03  -1.86873E+04  -3.77597E+04  -1.40053E+05
   6.76201E-03   2.73756E-03   9.52670E-01   3.70627E-03   3.41237E-02   5.50696E+04  -4.56881E+03  -1.86865E+04  -3.77518E+04  -1.40064E+05
   6.66201E-03   2.73784E-03   9.52766E-01   3.70664E-03   3.41272E-02   5.49976E+04  -4.56758E+03  -1.86857E+04  -3.77439E+04  -1.40074E+05
   6.56201E-03   2.73812E-03   9.52862E-01   3.70701E-03   3.41306E-02   5.49245E+04  -4.56635E+03  -1.86848E+04  -3.77361E+04  -1.40085E+05
   6.46201E-03   2.73839E-03   9.52958E-01   3.70738E-03   3.41340E-02   5.48503E+04  -4.56512E+03  -1.86840E+04  -3.77282E+04  -1.40095E+05
   6.36201E-03   2.73867E-03   9.53054E-01   3.70776E-03   3.41375E-02   5.47750E+04  -4.56390E+03  -1.86831E+04  -3.77203E+04  -1.40106E+05
   6.26201E-03   2.73894E-03   9.53150E-01   3.70813E-03   3.41409E-02   5.46986E+04  -4.56267E+03  -1.86823E+04  -3.77125E+04  -1.40116E+05
   6.16201E-03   2.73922E-03   9.53246E-01   3.70850E-03   3.41444E-02   5.46209E+04  -4.56144E+03  -1.86814E+04  -3.77046E+04  -1.40127E+05
   6.06201E-03   2.73949E-03   9.53342E-01   3.70888E-03   3.41478E-02   5.45419E+04  -4.56021E+03  -1.86806E+04  -3.76968E+04  -1.40137E+05
   5.96201E-03   2.73977E-03   9.53438E-01   3.70925E-03   3.41512E-02   5.44617E+04  -4.55899E+03  -1.86797E+04  -3.76889E+04  -1.40148E+05
   5.86201E-03   2.74004E-03   9.53534E-01   3.70962E-03   3.41547E-02   5.43801E+04  -4.55776E+03  -1.86789E+04  -3.76811E+04  -1.40158E+05
   5.76201E-03   2.74032E-03   9.53630E-01   3.71000E-03   3.41581E-02   5.42971E+04  -4.55654E+03  -1.86780E+04  -3.76732E+04  -1.40169E+05
   5.66201E-03   2.74060E-03   9.53725E-01   3.71037E-03   3.41615E-02   5.42127E+04  -4.55531E+03  -1.86772E+04  -3.76654E+04  -1.40179E+05
   5.56201E-03   2.74087E-03   9.53821E-01   3.71074E-03   3.41650E-02   5.41268E+04  -4.55409E+03  -1.86763E+04  -3.76575E+04  -1.40190E+05
   5.46201E-03   2.74115E-03   9.53917E-01   3.71112E-03   3.41684E-02   5.40393E+04  -4.55287E+03  -1.86755E+04  -3.76497E+04  -1.40200E+05
   5.36201E-03   2.74142E-03   9.54013E-01   3.71149E-03   3.41718E-02   5.39503E+04  -4.55165E+03  -1.86746E+04  -3.76419E+04  -1.40211E+05
   5.26201E-03   2.74170E-03   9.54109E-01   3.71186E-03   3.41753E-02   5.38596E+04  -4.55042E+03  -1.86738E+04  -3.76340E+04  -1.40221E+05
   5.16201E-03   2.74197E-03   9.54205E-01   3.71224E-03   3.41787E-02   5.37672E+04  -4.54920E+03  -1.86729E+04  -3.76262E+04  -1.40232E+05
   5.06201E-03   2.74225E-03   9.54301E-01   3.71261E-03   3.41821E-02   5.36730E+04  -4.54798E+03  -1.86721E+04  -3.76183E+04  -1.40242E+05
   4.96201E-03   2.74253E-03   9.54397E-01   3.71298E-03   3.41856E-02   5.35769E+04  -4.54676E+03  -1.86712E+04  -3.76105E+04  -1.40253E+05
   4.86201E-03   2.74280E-03   9.54493E-01   3.71335E-03   3.41890E-02   5.34789E+04  -4.54554E+03  -1.86704E+04  -3.76027E+04  -1.40263E+05
   4.76201E-03   2.74308E-03   9.54589E-01   3.71373E-03   3.41925E-02   5.33789E+04  -4.54432E+03  -1.86696E+04  -3.75948E+04  -1.40273E+05
   4.66201E-03   2.74335E-03   9.54685E-01   3.71410E-03   3.41959E-02   5.32768E+04  -4.54311E+03  -1.86687E+04  -3.75870E+04  -1.40284E+05
   4.56201E-03   2.74363E-03   9.54781E-01   3.71447E-03   3.41993E-02   5.31725E+04  -4.54189E+03  -1.86679E+04  -3.75792E+04  -1.40294E+05
   4.46201E-03   2.74390E-03   9.54876E-01   3.71485E-03   3.42028E-02   5.30659E+04  -4.54067E+03  -1.86670E+04  -3.75714E+04  -1.40305E+05
   4.36201E-03   2.74418E-03   9.54972E-01   3.71522E-03   3.42062E-02   5.29569E+04  -4.53945E+03  -1.86662E+04  -3.75635E+04  -1.40315E+05
   4.26201E-03   2.74445E-03   9.55068E-01   3.71559E-03   3.42096E-02   5.28454E+04  -4.53824E+03  -1.86653E+04  -3.75557E+04  -1.40326E+05
   4.16201E-03   2.74473E-03   9.55164E-01   3.71597E-03   3.42131E-02   5.27312E+04  -4.53702E+03  -1.86645E+04  -3.75479E+04  -1.40336E+05
   4.06201E-03   2.74501E-03   9.55260E-01   3.71634E-03   3.42165E-02   5.26144E+04  -4.53581E+03  -1.86636E+04  -3.75401E+04  -1.40347E+05
   3.96201E-03   2.74528E-03   9.55356E-01   3.71671E-03   3.42199E-02   5.24946E+04  -4.53460E+03  -1.86628E+04  -3.75323E+04  -1.40357E+05
   3.86201E-03   2.74556E-03   9.55452E-01   3.71709E-03   3.42234E-02   5.23718E+04  -4.53338E+03  -1.86620E+04  -3.75244E+04  -1.40368E+05
   3.76201E-03   2.74583E-03   9.55548E-01   3.71746E-03   3.42268E-02   5.22458E+04  -4.53217E+03  -1.86611E+04  -3.75166E+04  -1.40378E+05
   3.66201E-03   2.74611E-03   9.55644E-01   3.71783E-03   3.42302E-02   5.21164E+04  -4.53096E+03  -1.86603E+04  -3.75088E+04  -1.40388E+05
   3.56201E-03   2.74638E-03   9.55740E-01   3.71821E-03   3.42337E-02   5.19835E+04  -4.52975E+03  -1.86594E+04  -3.75010E+04  -1.40399E+05
   3.46201E-03   2.74666E-03   9.55836E-01   3.71858E-03   3.42371E-02   5.18468E+04  -4.52854E+03  -1.86586E+04  -3.74932E+04  -1.40409E+05
   3.36201E-03   2.74694E-03   9.55932E-01   3.71895E-03   3.42405E-02   5.17062E+04  -4.52732E+03  -1.86578E+04  -3.74854E+04  -1.40420E+05
   3.26201E-03   2.74721E-03   9.56027E-01   3.71933E-03   3.42440E-02   5.15613E+04  -4.52612E+03  -1.86569E+04  -3.74776E+04  -1.40430E+05
   3.16201E-03   2.74749E-03   9.56123E-01   3.71970E-03   3.42474E-02   5.14119E+04  -4.52491E+03  -1.86561E+04  -3.74698E+04  -1.40441E+05
   3.06201E-03   2.74776E-03   9.56219E-01   3.72007E-03   3.42509E-02   5.12578E+04  -4.52370E+03  -1.86552E+04  -3.74620E+04  -1.40451E+05
   2.96201E-03   2.74804E-03   9.56315E-01   3.72044E-03   3.42543E-02   5.10986E+04  -4.52249E+03  -1.86544E+04  -3.74542E+04  -1.40461E+05
   2.86201E-03   2.74831E-03   9.56411E-01   3.72082E-03   3.42577E-02   5.09340E+04  -4.52128E+03  -1.86535E+04  -3.74464E+04  -1.40472E+05
   2.76201E-03   2.74859E-03   9.56507E-01   3.72119E-03   3.42612E-02   5.07635E+04  -4.52008E+03  -1.86527E+04  -3.74386E+04  -1.40482E+05
   2.66201E-03   2.74886E-03   9.56603E-01   3.72156E-03   3.42646E-02   5.05868E+04  -4.51887E+03  -1.86519E+04  -3.74308E+04  -1.40493E+05
   2.56201E-03   2.74914E-03   9.56699E-01   3.72194E-03   3.42680E-02   5.04034E+04  -4.51766E+03  -1.86510E+04  -3.74230E+04  -1.40503E+05
   2.46201E-03   2.74942E-03   9.56795E-01   3.72231E-03   3.42715E-02   5.02126E+04  -4.51646E+03  -1.86502E+04  -3.74152E+04  -1.40514E+05
   2.36201E-03   2.74969E-03   9.56891E-01   3.72268E-03   3.42749E-02   5.00141E+04  -4.51525E+03  -1.86493E+04  -3.74074E+04  -1.40524E+05
   2.26201E-03   2.74997E-03   9.56987E-01   3.72306E-03   3.42783E-02   4.98069E+04  -4.51405E+03  -1.86485E+04  -3.73996E+04  -1.40534E+05
   2.16201E-03   2.75024E-03   9.57083E-01   3.72343E-03   3.42818E-02   4.95905E+04  -4.51285E+03  -1.86477E+04  -3.73918E+04  -1.40545E+05
   2.06201E-03   2.75052E-03   9.57178E-01   3.72380E-03   3.42852E-02   4.93638E+04  -4.51164E+03  -1.86468E+04  -3.73840E+04  -1.40555E+05
   1.96201E-03   2.75079E-03   9.57274E-01   3.72418E-03   3.42886E-02   4.91260E+04  -4.51044E+03  -1.86460E+04  -3.73763E+04  -1.40566E+05
   1.86201E-03   2.75107E-03   9.57370E-01   3.72455E-03   3.42921E-02   4.88757E+04  -4.50924E+03  -1.86451E+04  -3.73685E+04  -1.40576E+05
   1.76201E-03   2.75134E-03   9.57466E-01   3.72492E-03   3.42955E-02   4.86117E+04  -4.50804E+03  -1.86443E+04  -3.73607E+04  -1.40586E+05
   1.66201E-03   2.75162E-03   9.57562E-01   3.72530E-03   3.42990E-02   4.83322E+04  -4.50684E+03  -1.86435E+04  -3.73529E+04  -1.40597E+05
   1.56201E-03   2.75190E-03   9.57658E-01   3.72567E-03   3.43024E-02   4.80355E+04  -4.50564E+03  -1.86426E+04  -3.73451E+04  -1.40607E+05
   1.46201E-03   2.75217E-03   9.57754E-01   3.72604E-03   3.43058E-02   4.77193E+04  -4.50444E+03  -1.86418E+04  -3.73374E+04  -1.40618E+05
   1.36201E-03   2.75245E-03   9.57850E-01   3.72642E-03   3.43093E-02   4.73807E+04  -4.50324E+03  -1.86410E+04  -3.73296E+04  -1.40628E+05
   1.26201E-03   2.75272E-03   9.57946E-01   3.72679E-03   3.43127E-02   4.70163E+04  -4.50205E+03  -1.86401E+04  -3.73218E+04  -1.40638E+05
   1.16201E-03   2.75300E-03   9.58042E-01   3.72716E-03   3.43161E-02   4.66219E+04  -4.50085E+03  -1.86393E+04  -3.73140E+04  -1.40649E+05
   1.06201E-03   2.75327E-03   9.58138E-01   3.72753E-03   3.43196E-02   4.61921E+04  -4.49965E+03  -1.86384E+04  -3.73063E+04  -1.40659E+05
   9.62012E-04   2.75355E-03   9.58234E-01   3.72791E-03   3.43230E-02   4.57199E+04  -4.49846E+03  -1.86376E+04  -3.72985E+04  -1.40670E+05
   8.62012E-04   2.75383E-03   9.58329E-01   3.72828E-03   3.43264E-02   4.51958E+04  -4.49726E+03  -1.86368E+04  -3.72907E+04  -1.40680E+05
   7.62012E-04   2.75410E-03   9.58425E-01   3.72865E-03   3.43299E-02   4.46073E+04  -4.49607E+03  -1.86359E+04  -3.72830E+04  -1.40690E+05
   6.62012E-04   2.75438E-03   9.58521E-01   3.72903E-03   3.43333E-02   4.39359E+04  -4.49487E+03  -1.86351E+04  -3.72752E+04  -1.40701E+05
   5.62012E-04   2.75465E-03   9.58617E-01   3.72940E-03   3.43367E-02   4.31545E+04  -4.49368E+03  -1.86343E+04  -3.72674E+04  -1.40711E+05
   4.62012E-04   2.75493E-03   9.58713E-01   3.72977E-03   3.43402E-02   4.22198E+04  -4.49248E+03  -1.86334E+04  -3.72597E+04  -1.40722E+05
   3.62012E-04   2.75520E-03   9.58809E-01   3.73015E-03   3.43436E-02   4.10565E+04  -4.49129E+03  -1.86326E+04  -3.72519E+04  -1.40732E+05
   2.62012E-04   2.75548E-03   9.58905E-01   3.73052E-03   3.43471E-02   3.95149E+04  -4.49010E+03  -1.86318E+04  -3.72442E+04  -1.40742E+05
   1.62012E-04   2.75575E-03   9.59001E-01   3.73089E-03   3.43505E-02   3.72231E+04  -4.48891E+03  -1.86309E+04  -3.72364E+04  -1.40753E+05
   6.20121E-05   2.75603E-03   9.59097E-01   3.73127E-03   3.43539E-02   3.26456E+04  -4.48772E+03  -1.86301E+04  -3.72287E+04  -1.40763E+05
   1.00000E-06   2.75620E-03   9.59155E-01   3.73149E-03   3.43560E-02   1.29764E+04  -4.48699E+03  -1.86296E+04  -3.72239E+04  -1.40769E+05

 Phase Region for:
     FCC_A1#2                      
 col-1=X(C), col-2=X(CU), col-3=X(FE), col-4=X(MN), col-5=X(SI), col-6=MU(C), col-7=MU(CU), col-8=MU(FE), col-9=MU(MN), col-10=MU(SI),
   9.72763E-03   9.89720E-01   9.91861E-07   5.51013E-04   9.90272E-13   2.21203E+05  -2.15492E+04  -3.56917E+04  -5.42890E+04  -1.57827E+05
   9.82763E-03   9.89617E-01   9.99775E-07   5.54327E-04   9.90172E-13   2.21227E+05  -2.15495E+04  -3.56919E+04  -5.42893E+04  -1.57827E+05
   9.92763E-03   9.89514E-01   1.00775E-06   5.57661E-04   9.90072E-13   2.21251E+05  -2.15497E+04  -3.56922E+04  -5.42895E+04  -1.57827E+05
   9.99900E-03   9.89440E-01   1.01349E-06   5.60053E-04   9.90001E-13   2.21268E+05  -2.15499E+04  -3.56923E+04  -5.42897E+04  -1.57827E+05

 Phase Region for:
     FCC_A1#2                      
 col-1=X(C), col-2=X(CU), col-3=X(FE), col-4=X(MN), col-5=X(SI), col-6=MU(C), col-7=MU(CU), col-8=MU(FE), col-9=MU(MN), col-10=MU(SI),
   9.72763E-03   9.89720E-01   9.91861E-07   5.51013E-04   9.90272E-13   2.21203E+05  -2.15492E+04  -3.56917E+04  -5.42890E+04  -1.57827E+05
   9.62763E-03   9.89824E-01   9.84011E-07   5.47719E-04   9.90372E-13   2.21178E+05  -2.15490E+04  -3.56914E+04  -5.42888E+04  -1.57826E+05
   9.52763E-03   9.89927E-01   9.76224E-07   5.44445E-04   9.90472E-13   2.21153E+05  -2.15488E+04  -3.56912E+04  -5.42886E+04  -1.57826E+05
   9.42763E-03   9.90030E-01   9.68500E-07   5.41191E-04   9.90572E-13   2.21127E+05  -2.15485E+04  -3.56909E+04  -5.42883E+04  -1.57826E+05
   9.32763E-03   9.90133E-01   9.60838E-07   5.37957E-04   9.90672E-13   2.21101E+05  -2.15483E+04  -3.56907E+04  -5.42881E+04  -1.57826E+05
   9.22763E-03   9.90237E-01   9.53237E-07   5.34742E-04   9.90772E-13   2.21074E+05  -2.15480E+04  -3.56904E+04  -5.42878E+04  -1.57825E+05
   9.12763E-03   9.90340E-01   9.45697E-07   5.31546E-04   9.90872E-13   2.21046E+05  -2.15478E+04  -3.56902E+04  -5.42875E+04  -1.57825E+05
   9.02763E-03   9.90443E-01   9.38219E-07   5.28370E-04   9.90972E-13   2.21018E+05  -2.15475E+04  -3.56899E+04  -5.42873E+04  -1.57825E+05
   8.92763E-03   9.90546E-01   9.30800E-07   5.25213E-04   9.91072E-13   2.20989E+05  -2.15472E+04  -3.56897E+04  -5.42870E+04  -1.57825E+05
   8.82763E-03   9.90649E-01   9.23441E-07   5.22075E-04   9.91172E-13   2.20960E+05  -2.15470E+04  -3.56894E+04  -5.42868E+04  -1.57824E+05
   8.72763E-03   9.90753E-01   9.16141E-07   5.18956E-04   9.91272E-13   2.20930E+05  -2.15467E+04  -3.56891E+04  -5.42865E+04  -1.57824E+05
   8.62763E-03   9.90856E-01   9.08900E-07   5.15856E-04   9.91372E-13   2.20900E+05  -2.15464E+04  -3.56889E+04  -5.42862E+04  -1.57824E+05
   8.52763E-03   9.90959E-01   9.01717E-07   5.12774E-04   9.91472E-13   2.20868E+05  -2.15462E+04  -3.56886E+04  -5.42860E+04  -1.57823E+05
   8.42763E-03   9.91062E-01   8.94591E-07   5.09712E-04   9.91572E-13   2.20836E+05  -2.15459E+04  -3.56883E+04  -5.42857E+04  -1.57823E+05
   8.32763E-03   9.91165E-01   8.87523E-07   5.06667E-04   9.91672E-13   2.20804E+05  -2.15456E+04  -3.56881E+04  -5.42854E+04  -1.57823E+05
   8.22763E-03   9.91268E-01   8.80512E-07   5.03641E-04   9.91772E-13   2.20771E+05  -2.15453E+04  -3.56878E+04  -5.42851E+04  -1.57823E+05
   8.12763E-03   9.91371E-01   8.73557E-07   5.00634E-04   9.91872E-13   2.20737E+05  -2.15451E+04  -3.56875E+04  -5.42849E+04  -1.57822E+05
   8.02763E-03   9.91474E-01   8.66658E-07   4.97644E-04   9.91972E-13   2.20702E+05  -2.15448E+04  -3.56872E+04  -5.42846E+04  -1.57822E+05
   7.92763E-03   9.91577E-01   8.59814E-07   4.94673E-04   9.92072E-13   2.20666E+05  -2.15445E+04  -3.56869E+04  -5.42843E+04  -1.57822E+05
   7.82763E-03   9.91680E-01   8.53026E-07   4.91719E-04   9.92172E-13   2.20630E+05  -2.15442E+04  -3.56866E+04  -5.42840E+04  -1.57822E+05
   7.72763E-03   9.91783E-01   8.46291E-07   4.88783E-04   9.92272E-13   2.20593E+05  -2.15439E+04  -3.56864E+04  -5.42837E+04  -1.57821E+05
   7.62763E-03   9.91886E-01   8.39611E-07   4.85866E-04   9.92372E-13   2.20555E+05  -2.15436E+04  -3.56861E+04  -5.42834E+04  -1.57821E+05
   7.52763E-03   9.91989E-01   8.32984E-07   4.82965E-04   9.92472E-13   2.20517E+05  -2.15433E+04  -3.56858E+04  -5.42831E+04  -1.57821E+05
   7.42763E-03   9.92091E-01   8.26411E-07   4.80082E-04   9.92572E-13   2.20477E+05  -2.15430E+04  -3.56855E+04  -5.42828E+04  -1.57820E+05
   7.32763E-03   9.92194E-01   8.19890E-07   4.77217E-04   9.92672E-13   2.20437E+05  -2.15427E+04  -3.56852E+04  -5.42825E+04  -1.57820E+05
   7.22763E-03   9.92297E-01   8.13422E-07   4.74369E-04   9.92772E-13   2.20396E+05  -2.15424E+04  -3.56849E+04  -5.42822E+04  -1.57820E+05
   7.12763E-03   9.92400E-01   8.07005E-07   4.71538E-04   9.92872E-13   2.20353E+05  -2.15421E+04  -3.56846E+04  -5.42819E+04  -1.57819E+05
   7.02763E-03   9.92503E-01   8.00640E-07   4.68724E-04   9.92972E-13   2.20310E+05  -2.15418E+04  -3.56843E+04  -5.42816E+04  -1.57819E+05
   6.92763E-03   9.92606E-01   7.94326E-07   4.65927E-04   9.93072E-13   2.20266E+05  -2.15415E+04  -3.56839E+04  -5.42813E+04  -1.57819E+05
   6.82763E-03   9.92708E-01   7.88063E-07   4.63147E-04   9.93172E-13   2.20221E+05  -2.15412E+04  -3.56836E+04  -5.42810E+04  -1.57819E+05
   6.72763E-03   9.92811E-01   7.81850E-07   4.60384E-04   9.93272E-13   2.20175E+05  -2.15409E+04  -3.56833E+04  -5.42807E+04  -1.57818E+05
   6.62763E-03   9.92914E-01   7.75686E-07   4.57637E-04   9.93372E-13   2.20128E+05  -2.15406E+04  -3.56830E+04  -5.42803E+04  -1.57818E+05
   6.52763E-03   9.93017E-01   7.69572E-07   4.54907E-04   9.93472E-13   2.20079E+05  -2.15402E+04  -3.56827E+04  -5.42800E+04  -1.57818E+05
   6.42763E-03   9.93119E-01   7.63507E-07   4.52194E-04   9.93572E-13   2.20030E+05  -2.15399E+04  -3.56824E+04  -5.42797E+04  -1.57817E+05
   6.32763E-03   9.93222E-01   7.57491E-07   4.49497E-04   9.93672E-13   2.19979E+05  -2.15396E+04  -3.56820E+04  -5.42794E+04  -1.57817E+05
   6.22763E-03   9.93325E-01   7.51523E-07   4.46816E-04   9.93772E-13   2.19927E+05  -2.15393E+04  -3.56817E+04  -5.42791E+04  -1.57817E+05
   6.12763E-03   9.93427E-01   7.45602E-07   4.44151E-04   9.93872E-13   2.19874E+05  -2.15389E+04  -3.56814E+04  -5.42787E+04  -1.57816E+05
   6.02763E-03   9.93530E-01   7.39729E-07   4.41503E-04   9.93972E-13   2.19820E+05  -2.15386E+04  -3.56810E+04  -5.42784E+04  -1.57816E+05
   5.92763E-03   9.93633E-01   7.33903E-07   4.38870E-04   9.94072E-13   2.19764E+05  -2.15383E+04  -3.56807E+04  -5.42781E+04  -1.57816E+05
   5.82763E-03   9.93735E-01   7.28124E-07   4.36253E-04   9.94172E-13   2.19707E+05  -2.15379E+04  -3.56804E+04  -5.42777E+04  -1.57815E+05
   5.72763E-03   9.93838E-01   7.22391E-07   4.33652E-04   9.94272E-13   2.19649E+05  -2.15376E+04  -3.56800E+04  -5.42774E+04  -1.57815E+05
   5.62763E-03   9.93941E-01   7.16704E-07   4.31067E-04   9.94372E-13   2.19589E+05  -2.15373E+04  -3.56797E+04  -5.42770E+04  -1.57815E+05
   5.52763E-03   9.94043E-01   7.11062E-07   4.28497E-04   9.94472E-13   2.19528E+05  -2.15369E+04  -3.56793E+04  -5.42767E+04  -1.57814E+05
   5.42763E-03   9.94146E-01   7.05466E-07   4.25943E-04   9.94572E-13   2.19465E+05  -2.15366E+04  -3.56790E+04  -5.42763E+04  -1.57814E+05
   5.32763E-03   9.94248E-01   6.99914E-07   4.23405E-04   9.94672E-13   2.19400E+05  -2.15362E+04  -3.56786E+04  -5.42760E+04  -1.57814E+05
   5.22763E-03   9.94351E-01   6.94406E-07   4.20881E-04   9.94772E-13   2.19334E+05  -2.15359E+04  -3.56783E+04  -5.42756E+04  -1.57813E+05
   5.12763E-03   9.94453E-01   6.88943E-07   4.18373E-04   9.94872E-13   2.19266E+05  -2.15355E+04  -3.56779E+04  -5.42753E+04  -1.57813E+05
   5.02763E-03   9.94556E-01   6.83524E-07   4.15880E-04   9.94972E-13   2.19196E+05  -2.15352E+04  -3.56776E+04  -5.42749E+04  -1.57812E+05
   4.92763E-03   9.94658E-01   6.78147E-07   4.13402E-04   9.95072E-13   2.19124E+05  -2.15348E+04  -3.56772E+04  -5.42746E+04  -1.57812E+05
   4.82763E-03   9.94761E-01   6.72814E-07   4.10939E-04   9.95172E-13   2.19051E+05  -2.15344E+04  -3.56769E+04  -5.42742E+04  -1.57812E+05
   4.72763E-03   9.94863E-01   6.67523E-07   4.08490E-04   9.95272E-13   2.18975E+05  -2.15341E+04  -3.56765E+04  -5.42738E+04  -1.57811E+05
   4.62763E-03   9.94966E-01   6.62275E-07   4.06057E-04   9.95372E-13   2.18897E+05  -2.15337E+04  -3.56761E+04  -5.42735E+04  -1.57811E+05
   4.52763E-03   9.95068E-01   6.57069E-07   4.03638E-04   9.95472E-13   2.18817E+05  -2.15333E+04  -3.56758E+04  -5.42731E+04  -1.57811E+05
   4.42763E-03   9.95170E-01   6.51904E-07   4.01234E-04   9.95572E-13   2.18734E+05  -2.15330E+04  -3.56754E+04  -5.42727E+04  -1.57810E+05
   4.32763E-03   9.95273E-01   6.46780E-07   3.98844E-04   9.95672E-13   2.18649E+05  -2.15326E+04  -3.56750E+04  -5.42724E+04  -1.57810E+05
   4.22763E-03   9.95375E-01   6.41698E-07   3.96469E-04   9.95772E-13   2.18562E+05  -2.15322E+04  -3.56746E+04  -5.42720E+04  -1.57810E+05
   4.12763E-03   9.95478E-01   6.36656E-07   3.94107E-04   9.95872E-13   2.18472E+05  -2.15318E+04  -3.56743E+04  -5.42716E+04  -1.57809E+05
   4.02763E-03   9.95580E-01   6.31654E-07   3.91761E-04   9.95972E-13   2.18379E+05  -2.15315E+04  -3.56739E+04  -5.42712E+04  -1.57809E+05
   3.92763E-03   9.95682E-01   6.26692E-07   3.89428E-04   9.96072E-13   2.18283E+05  -2.15311E+04  -3.56735E+04  -5.42708E+04  -1.57808E+05
   3.82763E-03   9.95785E-01   6.21770E-07   3.87109E-04   9.96172E-13   2.18184E+05  -2.15307E+04  -3.56731E+04  -5.42704E+04  -1.57808E+05
   3.72763E-03   9.95887E-01   6.16887E-07   3.84805E-04   9.96272E-13   2.18082E+05  -2.15303E+04  -3.56727E+04  -5.42701E+04  -1.57808E+05
   3.62763E-03   9.95989E-01   6.12043E-07   3.82514E-04   9.96372E-13   2.17976E+05  -2.15299E+04  -3.56723E+04  -5.42697E+04  -1.57807E+05
   3.52763E-03   9.96092E-01   6.07238E-07   3.80237E-04   9.96472E-13   2.17867E+05  -2.15295E+04  -3.56720E+04  -5.42693E+04  -1.57807E+05
   3.42763E-03   9.96194E-01   6.02471E-07   3.77974E-04   9.96572E-13   2.17753E+05  -2.15291E+04  -3.56716E+04  -5.42689E+04  -1.57807E+05
   3.32763E-03   9.96296E-01   5.97742E-07   3.75724E-04   9.96672E-13   2.17636E+05  -2.15287E+04  -3.56712E+04  -5.42685E+04  -1.57806E+05
   3.22763E-03   9.96398E-01   5.93051E-07   3.73488E-04   9.96772E-13   2.17515E+05  -2.15283E+04  -3.56708E+04  -5.42681E+04  -1.57806E+05
   3.12763E-03   9.96501E-01   5.88397E-07   3.71266E-04   9.96872E-13   2.17388E+05  -2.15279E+04  -3.56704E+04  -5.42677E+04  -1.57805E+05
   3.02763E-03   9.96603E-01   5.83780E-07   3.69057E-04   9.96972E-13   2.17257E+05  -2.15275E+04  -3.56700E+04  -5.42673E+04  -1.57805E+05
   2.92763E-03   9.96705E-01   5.79201E-07   3.66861E-04   9.97072E-13   2.17121E+05  -2.15271E+04  -3.56695E+04  -5.42669E+04  -1.57805E+05
   2.82763E-03   9.96807E-01   5.74657E-07   3.64678E-04   9.97172E-13   2.16979E+05  -2.15267E+04  -3.56691E+04  -5.42664E+04  -1.57804E+05
   2.72763E-03   9.96909E-01   5.70150E-07   3.62509E-04   9.97272E-13   2.16832E+05  -2.15263E+04  -3.56687E+04  -5.42660E+04  -1.57804E+05
   2.62763E-03   9.97011E-01   5.65679E-07   3.60352E-04   9.97372E-13   2.16677E+05  -2.15259E+04  -3.56683E+04  -5.42656E+04  -1.57803E+05
   2.52763E-03   9.97114E-01   5.61244E-07   3.58209E-04   9.97472E-13   2.16516E+05  -2.15255E+04  -3.56679E+04  -5.42652E+04  -1.57803E+05
   2.42763E-03   9.97216E-01   5.56843E-07   3.56078E-04   9.97572E-13   2.16348E+05  -2.15250E+04  -3.56675E+04  -5.42648E+04  -1.57802E+05
   2.32763E-03   9.97318E-01   5.52478E-07   3.53961E-04   9.97672E-13   2.16171E+05  -2.15246E+04  -3.56671E+04  -5.42643E+04  -1.57802E+05
   2.22763E-03   9.97420E-01   5.48148E-07   3.51856E-04   9.97772E-13   2.15985E+05  -2.15242E+04  -3.56666E+04  -5.42639E+04  -1.57802E+05
   2.12763E-03   9.97522E-01   5.43852E-07   3.49764E-04   9.97872E-13   2.15790E+05  -2.15238E+04  -3.56662E+04  -5.42635E+04  -1.57801E+05
   2.02763E-03   9.97624E-01   5.39591E-07   3.47684E-04   9.97972E-13   2.15585E+05  -2.15233E+04  -3.56658E+04  -5.42631E+04  -1.57801E+05
   1.92763E-03   9.97726E-01   5.35363E-07   3.45617E-04   9.98072E-13   2.15367E+05  -2.15229E+04  -3.56653E+04  -5.42626E+04  -1.57800E+05
   1.82763E-03   9.97828E-01   5.31169E-07   3.43562E-04   9.98172E-13   2.15137E+05  -2.15225E+04  -3.56649E+04  -5.42622E+04  -1.57800E+05
   1.72763E-03   9.97930E-01   5.27008E-07   3.41520E-04   9.98272E-13   2.14893E+05  -2.15220E+04  -3.56645E+04  -5.42618E+04  -1.57799E+05
   1.62763E-03   9.98032E-01   5.22881E-07   3.39490E-04   9.98372E-13   2.14632E+05  -2.15216E+04  -3.56640E+04  -5.42613E+04  -1.57799E+05
   1.52763E-03   9.98134E-01   5.18786E-07   3.37472E-04   9.98472E-13   2.14354E+05  -2.15212E+04  -3.56636E+04  -5.42609E+04  -1.57799E+05
   1.42763E-03   9.98236E-01   5.14724E-07   3.35467E-04   9.98572E-13   2.14055E+05  -2.15207E+04  -3.56632E+04  -5.42604E+04  -1.57798E+05
   1.32763E-03   9.98338E-01   5.10694E-07   3.33473E-04   9.98672E-13   2.13733E+05  -2.15203E+04  -3.56627E+04  -5.42600E+04  -1.57798E+05
   1.22763E-03   9.98440E-01   5.06697E-07   3.31492E-04   9.98772E-13   2.13383E+05  -2.15198E+04  -3.56623E+04  -5.42595E+04  -1.57797E+05
   1.12763E-03   9.98542E-01   5.02731E-07   3.29522E-04   9.98872E-13   2.13002E+05  -2.15194E+04  -3.56618E+04  -5.42591E+04  -1.57797E+05
   1.02763E-03   9.98644E-01   4.98796E-07   3.27565E-04   9.98972E-13   2.12583E+05  -2.15189E+04  -3.56614E+04  -5.42586E+04  -1.57796E+05
   9.27626E-04   9.98746E-01   4.94893E-07   3.25619E-04   9.99072E-13   2.12119E+05  -2.15185E+04  -3.56609E+04  -5.42582E+04  -1.57796E+05
   8.27626E-04   9.98848E-01   4.91021E-07   3.23685E-04   9.99172E-13   2.11599E+05  -2.15180E+04  -3.56605E+04  -5.42577E+04  -1.57796E+05
   7.27626E-04   9.98950E-01   4.87180E-07   3.21763E-04   9.99272E-13   2.11009E+05  -2.15176E+04  -3.56600E+04  -5.42572E+04  -1.57795E+05
   6.27626E-04   9.99052E-01   4.83369E-07   3.19852E-04   9.99372E-13   2.10328E+05  -2.15171E+04  -3.56595E+04  -5.42568E+04  -1.57795E+05
   5.27626E-04   9.99154E-01   4.79589E-07   3.17953E-04   9.99472E-13   2.09524E+05  -2.15166E+04  -3.56591E+04  -5.42563E+04  -1.57794E+05
   4.27626E-04   9.99256E-01   4.75839E-07   3.16065E-04   9.99572E-13   2.08547E+05  -2.15162E+04  -3.56586E+04  -5.42558E+04  -1.57794E+05
   3.27626E-04   9.99358E-01   4.72118E-07   3.14189E-04   9.99672E-13   2.07301E+05  -2.15157E+04  -3.56582E+04  -5.42553E+04  -1.57793E+05
   2.27626E-04   9.99460E-01   4.68427E-07   3.12325E-04   9.99772E-13   2.05589E+05  -2.15152E+04  -3.56577E+04  -5.42548E+04  -1.57793E+05
   1.27626E-04   9.99561E-01   4.64765E-07   3.10473E-04   9.99872E-13   2.02855E+05  -2.15148E+04  -3.56572E+04  -5.42543E+04  -1.57793E+05
   2.76265E-05   9.99663E-01   4.61132E-07   3.08636E-04   9.99972E-13   1.95586E+05  -2.15143E+04  -3.56567E+04  -5.42537E+04  -1.57792E+05
   1.00000E-06   9.99690E-01   4.60169E-07   3.08161E-04   9.99999E-13   1.79777E+05  -2.15142E+04  -3.56566E+04  -5.42534E+04  -1.57792E+05
