
 Phase Region for:
     FCC_A1#1                      
 col-1=X(C), col-2=X(CU), col-3=X(FE), col-4=X(MN), col-5=X(SI), col-6=MU(C), col-7=MU(CU), col-8=MU(FE), col-9=MU(MN), col-10=MU(SI),
   9.72763E-03   2.72939E-03   9.49826E-01   3.69520E-03   3.40219E-02   1.11471E+04  -1.45990E+04  -1.56394E+04  -5.40239E+04  -1.37386E+05
   1.07276E-02   2.72663E-03   9.48867E-01   3.69147E-03   3.39875E-02   1.16906E+04  -1.45292E+04  -1.56489E+04  -5.40764E+04  -1.37285E+05
   1.17276E-02   2.72388E-03   9.47908E-01   3.68774E-03   3.39531E-02   1.21928E+04  -1.44596E+04  -1.56584E+04  -5.41291E+04  -1.37184E+05
   1.27276E-02   2.72112E-03   9.46948E-01   3.68400E-03   3.39188E-02   1.26603E+04  -1.43903E+04  -1.56681E+04  -5.41820E+04  -1.37083E+05
   1.37276E-02   2.71837E-03   9.45989E-01   3.68027E-03   3.38844E-02   1.30985E+04  -1.43212E+04  -1.56778E+04  -5.42349E+04  -1.36982E+05
   1.47276E-02   2.71561E-03   9.45030E-01   3.67654E-03   3.38501E-02   1.35114E+04  -1.42524E+04  -1.56876E+04  -5.42881E+04  -1.36880E+05
   1.57276E-02   2.71285E-03   9.44071E-01   3.67281E-03   3.38157E-02   1.39025E+04  -1.41838E+04  -1.56976E+04  -5.43414E+04  -1.36779E+05
   1.67276E-02   2.71010E-03   9.43112E-01   3.66908E-03   3.37814E-02   1.42745E+04  -1.41155E+04  -1.57076E+04  -5.43949E+04  -1.36678E+05
   1.77276E-02   2.70734E-03   9.42153E-01   3.66535E-03   3.37470E-02   1.46296E+04  -1.40475E+04  -1.57177E+04  -5.44486E+04  -1.36576E+05
   1.87276E-02   2.70458E-03   9.41194E-01   3.66162E-03   3.37126E-02   1.49696E+04  -1.39797E+04  -1.57279E+04  -5.45024E+04  -1.36475E+05
   1.97276E-02   2.70183E-03   9.40234E-01   3.65788E-03   3.36783E-02   1.52962E+04  -1.39123E+04  -1.57382E+04  -5.45564E+04  -1.36373E+05
   2.07276E-02   2.69907E-03   9.39275E-01   3.65415E-03   3.36439E-02   1.56107E+04  -1.38450E+04  -1.57486E+04  -5.46106E+04  -1.36272E+05
   2.17276E-02   2.69632E-03   9.38316E-01   3.65042E-03   3.36096E-02   1.59142E+04  -1.37781E+04  -1.57590E+04  -5.46649E+04  -1.36170E+05
   2.27276E-02   2.69356E-03   9.37357E-01   3.64669E-03   3.35752E-02   1.62078E+04  -1.37114E+04  -1.57696E+04  -5.47195E+04  -1.36068E+05
   2.37276E-02   2.69080E-03   9.36398E-01   3.64296E-03   3.35409E-02   1.64924E+04  -1.36450E+04  -1.57803E+04  -5.47741E+04  -1.35967E+05
   2.47276E-02   2.68805E-03   9.35439E-01   3.63923E-03   3.35065E-02   1.67686E+04  -1.35789E+04  -1.57911E+04  -5.48290E+04  -1.35865E+05
   2.57276E-02   2.68529E-03   9.34479E-01   3.63549E-03   3.34722E-02   1.70372E+04  -1.35131E+04  -1.58019E+04  -5.48840E+04  -1.35763E+05
   2.67276E-02   2.68253E-03   9.33520E-01   3.63176E-03   3.34378E-02   1.72987E+04  -1.34475E+04  -1.58129E+04  -5.49392E+04  -1.35661E+05
   2.77276E-02   2.67978E-03   9.32561E-01   3.62803E-03   3.34034E-02   1.75538E+04  -1.33822E+04  -1.58240E+04  -5.49946E+04  -1.35559E+05
   2.87276E-02   2.67702E-03   9.31602E-01   3.62430E-03   3.33691E-02   1.78028E+04  -1.33173E+04  -1.58351E+04  -5.50501E+04  -1.35457E+05
   2.97276E-02   2.67427E-03   9.30643E-01   3.62057E-03   3.33347E-02   1.80461E+04  -1.32526E+04  -1.58464E+04  -5.51059E+04  -1.35355E+05
   3.07276E-02   2.67151E-03   9.29684E-01   3.61684E-03   3.33004E-02   1.82843E+04  -1.31882E+04  -1.58578E+04  -5.51618E+04  -1.35253E+05
   3.17276E-02   2.66875E-03   9.28724E-01   3.61311E-03   3.32660E-02   1.85176E+04  -1.31241E+04  -1.58692E+04  -5.52179E+04  -1.35151E+05
   3.27276E-02   2.66600E-03   9.27765E-01   3.60937E-03   3.32317E-02   1.87463E+04  -1.30603E+04  -1.58808E+04  -5.52741E+04  -1.35048E+05
   3.37276E-02   2.66324E-03   9.26806E-01   3.60564E-03   3.31973E-02   1.89707E+04  -1.29968E+04  -1.58925E+04  -5.53306E+04  -1.34946E+05
   3.47276E-02   2.66049E-03   9.25847E-01   3.60191E-03   3.31630E-02   1.91911E+04  -1.29336E+04  -1.59042E+04  -5.53872E+04  -1.34844E+05
   3.57276E-02   2.65773E-03   9.24888E-01   3.59818E-03   3.31286E-02   1.94077E+04  -1.28707E+04  -1.59161E+04  -5.54440E+04  -1.34741E+05
   3.67276E-02   2.65497E-03   9.23929E-01   3.59445E-03   3.30942E-02   1.96208E+04  -1.28081E+04  -1.59281E+04  -5.55010E+04  -1.34639E+05
   3.77276E-02   2.65222E-03   9.22970E-01   3.59072E-03   3.30599E-02   1.98304E+04  -1.27458E+04  -1.59402E+04  -5.55581E+04  -1.34536E+05
   3.87276E-02   2.64946E-03   9.22010E-01   3.58699E-03   3.30255E-02   2.00369E+04  -1.26839E+04  -1.59524E+04  -5.56155E+04  -1.34434E+05
   3.97276E-02   2.64670E-03   9.21051E-01   3.58325E-03   3.29912E-02   2.02404E+04  -1.26222E+04  -1.59647E+04  -5.56730E+04  -1.34331E+05
   4.07276E-02   2.64395E-03   9.20092E-01   3.57952E-03   3.29568E-02   2.04411E+04  -1.25609E+04  -1.59771E+04  -5.57307E+04  -1.34228E+05
   4.17276E-02   2.64119E-03   9.19133E-01   3.57579E-03   3.29225E-02   2.06390E+04  -1.24999E+04  -1.59896E+04  -5.57886E+04  -1.34126E+05
   4.27276E-02   2.63844E-03   9.18174E-01   3.57206E-03   3.28881E-02   2.08344E+04  -1.24392E+04  -1.60022E+04  -5.58467E+04  -1.34023E+05
   4.37276E-02   2.63568E-03   9.17215E-01   3.56833E-03   3.28537E-02   2.10274E+04  -1.23788E+04  -1.60149E+04  -5.59050E+04  -1.33920E+05
   4.47276E-02   2.63292E-03   9.16255E-01   3.56460E-03   3.28194E-02   2.12180E+04  -1.23187E+04  -1.60277E+04  -5.59634E+04  -1.33817E+05
   4.57276E-02   2.63017E-03   9.15296E-01   3.56086E-03   3.27850E-02   2.14064E+04  -1.22590E+04  -1.60407E+04  -5.60221E+04  -1.33714E+05
   4.67276E-02   2.62741E-03   9.14337E-01   3.55713E-03   3.27507E-02   2.15928E+04  -1.21996E+04  -1.60537E+04  -5.60809E+04  -1.33611E+05
   4.77276E-02   2.62465E-03   9.13378E-01   3.55340E-03   3.27163E-02   2.17771E+04  -1.21405E+04  -1.60669E+04  -5.61399E+04  -1.33508E+05
   4.87276E-02   2.62190E-03   9.12419E-01   3.54967E-03   3.26820E-02   2.19595E+04  -1.20818E+04  -1.60801E+04  -5.61992E+04  -1.33405E+05
   4.97276E-02   2.61914E-03   9.11460E-01   3.54594E-03   3.26476E-02   2.21400E+04  -1.20234E+04  -1.60935E+04  -5.62586E+04  -1.33302E+05
   5.07276E-02   2.61639E-03   9.10501E-01   3.54221E-03   3.26133E-02   2.23188E+04  -1.19654E+04  -1.61070E+04  -5.63182E+04  -1.33199E+05
   5.17276E-02   2.61363E-03   9.09541E-01   3.53848E-03   3.25789E-02   2.24960E+04  -1.19077E+04  -1.61206E+04  -5.63780E+04  -1.33095E+05
   5.27276E-02   2.61087E-03   9.08582E-01   3.53474E-03   3.25445E-02   2.26715E+04  -1.18503E+04  -1.61343E+04  -5.64380E+04  -1.32992E+05
   5.37276E-02   2.60812E-03   9.07623E-01   3.53101E-03   3.25102E-02   2.28455E+04  -1.17933E+04  -1.61481E+04  -5.64982E+04  -1.32889E+05
   5.47276E-02   2.60536E-03   9.06664E-01   3.52728E-03   3.24758E-02   2.30175E+04  -1.17366E+04  -1.61621E+04  -5.65579E+04  -1.32785E+05
   5.57276E-02   2.60260E-03   9.05705E-01   3.52355E-03   3.24415E-02   2.31885E+04  -1.16803E+04  -1.61761E+04  -5.66183E+04  -1.32682E+05
   5.67276E-02   2.59985E-03   9.04746E-01   3.51982E-03   3.24071E-02   2.33580E+04  -1.16243E+04  -1.61903E+04  -5.66788E+04  -1.32579E+05
   5.77276E-02   2.59709E-03   9.03786E-01   3.51609E-03   3.23728E-02   2.35262E+04  -1.15687E+04  -1.62045E+04  -5.67394E+04  -1.32475E+05
   5.87276E-02   2.59434E-03   9.02827E-01   3.51236E-03   3.23384E-02   2.36931E+04  -1.15135E+04  -1.62189E+04  -5.68002E+04  -1.32371E+05
   5.97276E-02   2.59158E-03   9.01868E-01   3.50862E-03   3.23040E-02   2.38587E+04  -1.14586E+04  -1.62334E+04  -5.68611E+04  -1.32268E+05
   6.07276E-02   2.58882E-03   9.00909E-01   3.50489E-03   3.22697E-02   2.40231E+04  -1.14040E+04  -1.62481E+04  -5.69221E+04  -1.32164E+05
   6.17276E-02   2.58607E-03   8.99950E-01   3.50116E-03   3.22353E-02   2.41863E+04  -1.13499E+04  -1.62628E+04  -5.69832E+04  -1.32060E+05
   6.27276E-02   2.58331E-03   8.98991E-01   3.49743E-03   3.22010E-02   2.43483E+04  -1.12960E+04  -1.62776E+04  -5.70443E+04  -1.31957E+05
   6.37276E-02   2.58056E-03   8.98031E-01   3.49370E-03   3.21666E-02   2.45092E+04  -1.12426E+04  -1.62926E+04  -5.71056E+04  -1.31853E+05
   6.47276E-02   2.57780E-03   8.97072E-01   3.48997E-03   3.21323E-02   2.46690E+04  -1.11895E+04  -1.63077E+04  -5.71669E+04  -1.31749E+05
   6.57276E-02   2.57504E-03   8.96113E-01   3.48624E-03   3.20979E-02   2.48278E+04  -1.11368E+04  -1.63228E+04  -5.72283E+04  -1.31645E+05
   6.67276E-02   2.57229E-03   8.95154E-01   3.48250E-03   3.20636E-02   2.49855E+04  -1.10844E+04  -1.63381E+04  -5.72897E+04  -1.31541E+05
   6.77276E-02   2.56953E-03   8.94195E-01   3.47877E-03   3.20292E-02   2.51422E+04  -1.10324E+04  -1.63536E+04  -5.73511E+04  -1.31437E+05
   6.87276E-02   2.56677E-03   8.93236E-01   3.47504E-03   3.19948E-02   2.52978E+04  -1.09808E+04  -1.63691E+04  -5.74126E+04  -1.31333E+05
   6.97276E-02   2.56402E-03   8.92277E-01   3.47131E-03   3.19605E-02   2.54525E+04  -1.09296E+04  -1.63847E+04  -5.74740E+04  -1.31228E+05
   7.07276E-02   2.56126E-03   8.91317E-01   3.46758E-03   3.19261E-02   2.56063E+04  -1.08787E+04  -1.64005E+04  -5.75355E+04  -1.31124E+05
   7.17276E-02   2.55851E-03   8.90358E-01   3.46385E-03   3.18918E-02   2.57591E+04  -1.08282E+04  -1.64163E+04  -5.75969E+04  -1.31020E+05
   7.27276E-02   2.55575E-03   8.89399E-01   3.46011E-03   3.18574E-02   2.59109E+04  -1.07780E+04  -1.64323E+04  -5.76582E+04  -1.30915E+05
   7.37276E-02   2.55299E-03   8.88440E-01   3.45638E-03   3.18231E-02   2.60619E+04  -1.07282E+04  -1.64484E+04  -5.77195E+04  -1.30811E+05
   7.47276E-02   2.55024E-03   8.87481E-01   3.45265E-03   3.17887E-02   2.62119E+04  -1.06789E+04  -1.64646E+04  -5.77807E+04  -1.30707E+05
   7.57276E-02   2.54748E-03   8.86522E-01   3.44892E-03   3.17544E-02   2.63611E+04  -1.06298E+04  -1.64809E+04  -5.78419E+04  -1.30602E+05
   7.67276E-02   2.54472E-03   8.85562E-01   3.44519E-03   3.17200E-02   2.65093E+04  -1.05812E+04  -1.64973E+04  -5.79029E+04  -1.30497E+05
   7.77276E-02   2.54197E-03   8.84603E-01   3.44146E-03   3.16856E-02   2.66567E+04  -1.05329E+04  -1.65138E+04  -5.79638E+04  -1.30392E+05
   7.87276E-02   2.53921E-03   8.83644E-01   3.43773E-03   3.16513E-02   2.68033E+04  -1.04850E+04  -1.65304E+04  -5.80245E+04  -1.30288E+05
   7.97276E-02   2.53646E-03   8.82685E-01   3.43399E-03   3.16169E-02   2.69490E+04  -1.04374E+04  -1.65471E+04  -5.80850E+04  -1.30183E+05
   8.07276E-02   2.53370E-03   8.81726E-01   3.43026E-03   3.15826E-02   2.70938E+04  -1.03902E+04  -1.65640E+04  -5.81454E+04  -1.30078E+05
   8.17276E-02   2.53094E-03   8.80767E-01   3.42653E-03   3.15482E-02   2.72378E+04  -1.03434E+04  -1.65809E+04  -5.82056E+04  -1.29973E+05
   8.27276E-02   2.52819E-03   8.79808E-01   3.42280E-03   3.15139E-02   2.73810E+04  -1.02970E+04  -1.65979E+04  -5.82655E+04  -1.29867E+05
   8.37276E-02   2.52543E-03   8.78848E-01   3.41907E-03   3.14795E-02   2.75234E+04  -1.02509E+04  -1.66151E+04  -5.83252E+04  -1.29762E+05
   8.47276E-02   2.52267E-03   8.77889E-01   3.41534E-03   3.14451E-02   2.76649E+04  -1.02052E+04  -1.66323E+04  -5.83846E+04  -1.29657E+05
   8.57276E-02   2.51992E-03   8.76930E-01   3.41161E-03   3.14108E-02   2.78056E+04  -1.01599E+04  -1.66497E+04  -5.84437E+04  -1.29551E+05
   8.67276E-02   2.51716E-03   8.75971E-01   3.40787E-03   3.13764E-02   2.79454E+04  -1.01149E+04  -1.66671E+04  -5.85025E+04  -1.29446E+05
   8.77276E-02   2.51441E-03   8.75012E-01   3.40414E-03   3.13421E-02   2.80845E+04  -1.00703E+04  -1.66847E+04  -5.85610E+04  -1.29340E+05
   8.87276E-02   2.51165E-03   8.74053E-01   3.40041E-03   3.13077E-02   2.82227E+04  -1.00260E+04  -1.67023E+04  -5.86191E+04  -1.29234E+05
   8.97276E-02   2.50889E-03   8.73093E-01   3.39668E-03   3.12734E-02   2.83602E+04  -9.98208E+03  -1.67200E+04  -5.86768E+04  -1.29128E+05
   9.07276E-02   2.50614E-03   8.72134E-01   3.39295E-03   3.12390E-02   2.84968E+04  -9.93852E+03  -1.67379E+04  -5.87342E+04  -1.29022E+05
   9.17276E-02   2.50338E-03   8.71175E-01   3.38922E-03   3.12047E-02   2.86326E+04  -9.89532E+03  -1.67558E+04  -5.87911E+04  -1.28916E+05
   9.27276E-02   2.50063E-03   8.70216E-01   3.38548E-03   3.11703E-02   2.87676E+04  -9.85246E+03  -1.67738E+04  -5.88475E+04  -1.28809E+05
   9.37276E-02   2.49787E-03   8.69257E-01   3.38175E-03   3.11359E-02   2.89017E+04  -9.80995E+03  -1.67919E+04  -5.89035E+04  -1.28703E+05
   9.47276E-02   2.49511E-03   8.68298E-01   3.37802E-03   3.11016E-02   2.90351E+04  -9.76779E+03  -1.68101E+04  -5.89589E+04  -1.28596E+05
   9.57276E-02   2.49236E-03   8.67338E-01   3.37429E-03   3.10672E-02   2.91676E+04  -9.72597E+03  -1.68284E+04  -5.90139E+04  -1.28489E+05
   9.67276E-02   2.48960E-03   8.66379E-01   3.37056E-03   3.10329E-02   2.92993E+04  -9.68449E+03  -1.68467E+04  -5.90683E+04  -1.28383E+05
   9.77276E-02   2.48684E-03   8.65420E-01   3.36683E-03   3.09985E-02   2.94302E+04  -9.64334E+03  -1.68652E+04  -5.91221E+04  -1.28275E+05
   9.87276E-02   2.48409E-03   8.64461E-01   3.36310E-03   3.09642E-02   2.95603E+04  -9.60252E+03  -1.68837E+04  -5.91754E+04  -1.28168E+05
   9.97276E-02   2.48133E-03   8.63502E-01   3.35936E-03   3.09298E-02   2.96895E+04  -9.56204E+03  -1.69023E+04  -5.92280E+04  -1.28061E+05
   1.00728E-01   2.47858E-03   8.62543E-01   3.35563E-03   3.08955E-02   2.98179E+04  -9.52187E+03  -1.69210E+04  -5.92799E+04  -1.27953E+05
   1.01728E-01   2.47582E-03   8.61584E-01   3.35190E-03   3.08611E-02   2.99455E+04  -9.48203E+03  -1.69397E+04  -5.93312E+04  -1.27845E+05
   1.02728E-01   2.47306E-03   8.60624E-01   3.34817E-03   3.08267E-02   3.00723E+04  -9.44251E+03  -1.69586E+04  -5.93818E+04  -1.27737E+05
   1.03728E-01   2.47031E-03   8.59665E-01   3.34444E-03   3.07924E-02   3.01982E+04  -9.40330E+03  -1.69775E+04  -5.94316E+04  -1.27629E+05
   1.04728E-01   2.46755E-03   8.58706E-01   3.34071E-03   3.07580E-02   3.03233E+04  -9.36440E+03  -1.69965E+04  -5.94807E+04  -1.27520E+05
   1.05728E-01   2.46479E-03   8.57747E-01   3.33698E-03   3.07237E-02   3.04475E+04  -9.32581E+03  -1.70155E+04  -5.95290E+04  -1.27412E+05
   1.06728E-01   2.46204E-03   8.56788E-01   3.33324E-03   3.06893E-02   3.05709E+04  -9.28751E+03  -1.70346E+04  -5.95765E+04  -1.27303E+05
   1.07728E-01   2.45928E-03   8.55829E-01   3.32951E-03   3.06550E-02   3.06935E+04  -9.24952E+03  -1.70538E+04  -5.96232E+04  -1.27194E+05
   1.08728E-01   2.45653E-03   8.54869E-01   3.32578E-03   3.06206E-02   3.08152E+04  -9.21181E+03  -1.70730E+04  -5.96690E+04  -1.27084E+05
   1.09728E-01   2.45377E-03   8.53910E-01   3.32205E-03   3.05862E-02   3.09360E+04  -9.17440E+03  -1.70924E+04  -5.97139E+04  -1.26975E+05
   1.10728E-01   2.45101E-03   8.52951E-01   3.31832E-03   3.05519E-02   3.10560E+04  -9.13726E+03  -1.71117E+04  -5.97579E+04  -1.26865E+05
   1.11728E-01   2.44826E-03   8.51992E-01   3.31459E-03   3.05175E-02   3.11751E+04  -9.10040E+03  -1.71311E+04  -5.98009E+04  -1.26755E+05
   1.12728E-01   2.44550E-03   8.51033E-01   3.31085E-03   3.04832E-02   3.12933E+04  -9.06381E+03  -1.71506E+04  -5.98430E+04  -1.26644E+05
   1.13728E-01   2.44275E-03   8.50074E-01   3.30712E-03   3.04488E-02   3.14107E+04  -9.02749E+03  -1.71702E+04  -5.98840E+04  -1.26534E+05
   1.14728E-01   2.43999E-03   8.49115E-01   3.30339E-03   3.04145E-02   3.15272E+04  -8.99143E+03  -1.71897E+04  -5.99240E+04  -1.26423E+05
   1.15728E-01   2.43723E-03   8.48155E-01   3.29966E-03   3.03801E-02   3.16428E+04  -8.95563E+03  -1.72094E+04  -5.99630E+04  -1.26311E+05
   1.16728E-01   2.43448E-03   8.47196E-01   3.29593E-03   3.03458E-02   3.17576E+04  -8.92007E+03  -1.72291E+04  -6.00009E+04  -1.26200E+05
   1.17728E-01   2.43172E-03   8.46237E-01   3.29220E-03   3.03114E-02   3.18714E+04  -8.88476E+03  -1.72488E+04  -6.00376E+04  -1.26088E+05
   1.18728E-01   2.42896E-03   8.45278E-01   3.28847E-03   3.02770E-02   3.19844E+04  -8.84968E+03  -1.72686E+04  -6.00732E+04  -1.25976E+05
   1.19728E-01   2.42621E-03   8.44319E-01   3.28473E-03   3.02427E-02   3.20964E+04  -8.81484E+03  -1.72884E+04  -6.01076E+04  -1.25863E+05
   1.20728E-01   2.42345E-03   8.43360E-01   3.28100E-03   3.02083E-02   3.22076E+04  -8.78022E+03  -1.73082E+04  -6.01408E+04  -1.25750E+05
   1.21728E-01   2.42070E-03   8.42400E-01   3.27727E-03   3.01740E-02   3.23179E+04  -8.74581E+03  -1.73281E+04  -6.01727E+04  -1.25637E+05
   1.22728E-01   2.41794E-03   8.41441E-01   3.27354E-03   3.01396E-02   3.24272E+04  -8.71162E+03  -1.73480E+04  -6.02034E+04  -1.25524E+05
   1.23728E-01   2.41518E-03   8.40482E-01   3.26981E-03   3.01053E-02   3.25356E+04  -8.67763E+03  -1.73680E+04  -6.02327E+04  -1.25410E+05
   1.24728E-01   2.41243E-03   8.39523E-01   3.26608E-03   3.00709E-02   3.26431E+04  -8.64384E+03  -1.73880E+04  -6.02607E+04  -1.25295E+05
   1.25728E-01   2.40967E-03   8.38564E-01   3.26235E-03   3.00365E-02   3.27497E+04  -8.61023E+03  -1.74080E+04  -6.02873E+04  -1.25180E+05
   1.26728E-01   2.40691E-03   8.37605E-01   3.25861E-03   3.00022E-02   3.28553E+04  -8.57680E+03  -1.74280E+04  -6.03124E+04  -1.25065E+05
   1.27728E-01   2.40416E-03   8.36645E-01   3.25488E-03   2.99678E-02   3.29600E+04  -8.54354E+03  -1.74481E+04  -6.03362E+04  -1.24950E+05
   1.28728E-01   2.40140E-03   8.35686E-01   3.25115E-03   2.99335E-02   3.30638E+04  -8.51045E+03  -1.74681E+04  -6.03584E+04  -1.24834E+05
   1.29728E-01   2.39865E-03   8.34727E-01   3.24742E-03   2.98991E-02   3.31665E+04  -8.47750E+03  -1.74882E+04  -6.03790E+04  -1.24717E+05
   1.30728E-01   2.39589E-03   8.33768E-01   3.24369E-03   2.98648E-02   3.32683E+04  -8.44470E+03  -1.75083E+04  -6.03981E+04  -1.24600E+05
   1.31728E-01   2.39313E-03   8.32809E-01   3.23996E-03   2.98304E-02   3.33692E+04  -8.41203E+03  -1.75284E+04  -6.04156E+04  -1.24483E+05
   1.32728E-01   2.39038E-03   8.31850E-01   3.23622E-03   2.97961E-02   3.34690E+04  -8.37949E+03  -1.75485E+04  -6.04313E+04  -1.24365E+05
   1.33728E-01   2.38762E-03   8.30891E-01   3.23249E-03   2.97617E-02   3.35678E+04  -8.34705E+03  -1.75687E+04  -6.04454E+04  -1.24247E+05
   1.34728E-01   2.38486E-03   8.29931E-01   3.22876E-03   2.97273E-02   3.36656E+04  -8.31470E+03  -1.75888E+04  -6.04576E+04  -1.24128E+05
   1.35728E-01   2.38211E-03   8.28972E-01   3.22503E-03   2.96930E-02   3.37623E+04  -8.28244E+03  -1.76089E+04  -6.04680E+04  -1.24009E+05
   1.36728E-01   2.37935E-03   8.28013E-01   3.22130E-03   2.96586E-02   3.38580E+04  -8.25025E+03  -1.76290E+04  -6.04765E+04  -1.23889E+05
   1.37728E-01   2.37660E-03   8.27054E-01   3.21757E-03   2.96243E-02   3.39526E+04  -8.21811E+03  -1.76490E+04  -6.04830E+04  -1.23768E+05
   1.38728E-01   2.37384E-03   8.26095E-01   3.21384E-03   2.95899E-02   3.40460E+04  -8.18600E+03  -1.76691E+04  -6.04874E+04  -1.23647E+05
   1.39728E-01   2.37108E-03   8.25136E-01   3.21010E-03   2.95556E-02   3.41384E+04  -8.15391E+03  -1.76891E+04  -6.04897E+04  -1.23525E+05
   1.40728E-01   2.36833E-03   8.24176E-01   3.20637E-03   2.95212E-02   3.42295E+04  -8.12182E+03  -1.77090E+04  -6.04898E+04  -1.23403E+05
   1.41728E-01   2.36557E-03   8.23217E-01   3.20264E-03   2.94869E-02   3.43194E+04  -8.08970E+03  -1.77290E+04  -6.04876E+04  -1.23280E+05
   1.42728E-01   2.36282E-03   8.22258E-01   3.19891E-03   2.94525E-02   3.44081E+04  -8.05753E+03  -1.77488E+04  -6.04829E+04  -1.23156E+05
   1.43728E-01   2.36006E-03   8.21299E-01   3.19518E-03   2.94181E-02   3.44954E+04  -8.02527E+03  -1.77686E+04  -6.04757E+04  -1.23032E+05
   1.44728E-01   2.35730E-03   8.20340E-01   3.19145E-03   2.93838E-02   3.45814E+04  -7.99292E+03  -1.77884E+04  -6.04658E+04  -1.22907E+05
   1.45728E-01   2.35455E-03   8.19381E-01   3.18772E-03   2.93494E-02   3.46660E+04  -7.96041E+03  -1.78080E+04  -6.04531E+04  -1.22781E+05
   1.46728E-01   2.35179E-03   8.18422E-01   3.18398E-03   2.93151E-02   3.47491E+04  -7.92773E+03  -1.78275E+04  -6.04374E+04  -1.22654E+05
   1.47728E-01   2.34903E-03   8.17462E-01   3.18025E-03   2.92807E-02   3.48305E+04  -7.89483E+03  -1.78469E+04  -6.04185E+04  -1.22526E+05
   1.48728E-01   2.34628E-03   8.16503E-01   3.17652E-03   2.92464E-02   3.49103E+04  -7.86166E+03  -1.78662E+04  -6.03963E+04  -1.22398E+05
   1.49728E-01   2.34352E-03   8.15544E-01   3.17279E-03   2.92120E-02   3.49883E+04  -7.82817E+03  -1.78853E+04  -6.03705E+04  -1.22268E+05
   1.50728E-01   2.34077E-03   8.14585E-01   3.16906E-03   2.91776E-02   3.50644E+04  -7.79430E+03  -1.79042E+04  -6.03409E+04  -1.22137E+05
   1.51728E-01   2.33801E-03   8.13626E-01   3.16533E-03   2.91433E-02   3.51385E+04  -7.75998E+03  -1.79229E+04  -6.03071E+04  -1.22006E+05
   1.52728E-01   2.33525E-03   8.12667E-01   3.16159E-03   2.91089E-02   3.52104E+04  -7.72514E+03  -1.79414E+04  -6.02689E+04  -1.21873E+05
   1.53728E-01   2.33250E-03   8.11707E-01   3.15786E-03   2.90746E-02   3.52799E+04  -7.68969E+03  -1.79596E+04  -6.02258E+04  -1.21739E+05
   1.54728E-01   2.32974E-03   8.10748E-01   3.15413E-03   2.90402E-02   3.53468E+04  -7.65354E+03  -1.79774E+04  -6.01776E+04  -1.21603E+05
   1.55728E-01   2.32698E-03   8.09789E-01   3.15040E-03   2.90059E-02   3.54109E+04  -7.61657E+03  -1.79949E+04  -6.01236E+04  -1.21466E+05
   1.56728E-01   2.32423E-03   8.08830E-01   3.14667E-03   2.89715E-02   3.54719E+04  -7.57867E+03  -1.80120E+04  -6.00635E+04  -1.21327E+05
   1.57728E-01   2.32147E-03   8.07871E-01   3.14294E-03   2.89372E-02   3.55295E+04  -7.53968E+03  -1.80286E+04  -5.99965E+04  -1.21187E+05
   1.58728E-01   2.31872E-03   8.06912E-01   3.13921E-03   2.89028E-02   3.55834E+04  -7.49945E+03  -1.80447E+04  -5.99221E+04  -1.21045E+05
   1.59728E-01   2.31596E-03   8.05952E-01   3.13547E-03   2.88684E-02   3.56332E+04  -7.45779E+03  -1.80601E+04  -5.98394E+04  -1.20900E+05
   1.60728E-01   2.31320E-03   8.04993E-01   3.13174E-03   2.88341E-02   3.56784E+04  -7.41449E+03  -1.80749E+04  -5.97476E+04  -1.20754E+05
   1.61728E-01   2.31045E-03   8.04034E-01   3.12801E-03   2.87997E-02   3.56388E+04  -7.33975E+03  -1.80744E+04  -5.95091E+04  -1.20576E+05
   1.62728E-01   2.30769E-03   8.03075E-01   3.12428E-03   2.87654E-02   3.55294E+04  -7.23831E+03  -1.80613E+04  -5.91481E+04  -1.20372E+05
   1.63728E-01   2.30494E-03   8.02116E-01   3.12055E-03   2.87310E-02   3.54394E+04  -7.14305E+03  -1.80517E+04  -5.88165E+04  -1.20173E+05
   1.64728E-01   2.30218E-03   8.01157E-01   3.11682E-03   2.86967E-02   3.53673E+04  -7.05356E+03  -1.80454E+04  -5.85121E+04  -1.19978E+05
   1.65728E-01   2.29942E-03   8.00198E-01   3.11309E-03   2.86623E-02   3.53115E+04  -6.96947E+03  -1.80420E+04  -5.82327E+04  -1.19788E+05
   1.66728E-01   2.29667E-03   7.99238E-01   3.10935E-03   2.86280E-02   3.52708E+04  -6.89045E+03  -1.80414E+04  -5.79763E+04  -1.19603E+05
   1.67728E-01   2.29391E-03   7.98279E-01   3.10562E-03   2.85936E-02   3.52441E+04  -6.81621E+03  -1.80434E+04  -5.77413E+04  -1.19421E+05
   1.68728E-01   2.29115E-03   7.97320E-01   3.10189E-03   2.85592E-02   3.52303E+04  -6.74647E+03  -1.80480E+04  -5.75261E+04  -1.19243E+05
   1.69728E-01   2.28840E-03   7.96361E-01   3.09816E-03   2.85249E-02   3.52284E+04  -6.68100E+03  -1.80548E+04  -5.73293E+04  -1.19068E+05
   1.70728E-01   2.28564E-03   7.95402E-01   3.09443E-03   2.84905E-02   3.52377E+04  -6.61959E+03  -1.80638E+04  -5.71497E+04  -1.18896E+05
   1.71728E-01   2.28289E-03   7.94443E-01   3.09070E-03   2.84562E-02   3.52574E+04  -6.56203E+03  -1.80749E+04  -5.69860E+04  -1.18727E+05
   1.72728E-01   2.28013E-03   7.93483E-01   3.08696E-03   2.84218E-02   3.52867E+04  -6.50814E+03  -1.80879E+04  -5.68373E+04  -1.18561E+05
   1.73728E-01   2.27737E-03   7.92524E-01   3.08323E-03   2.83875E-02   3.53251E+04  -6.45777E+03  -1.81028E+04  -5.67025E+04  -1.18398E+05
   1.74728E-01   2.27462E-03   7.91565E-01   3.07950E-03   2.83531E-02   3.53718E+04  -6.41077E+03  -1.81195E+04  -5.65809E+04  -1.18237E+05
   1.75728E-01   2.27186E-03   7.90606E-01   3.07577E-03   2.83187E-02   3.54265E+04  -6.36699E+03  -1.81378E+04  -5.64716E+04  -1.18079E+05
   1.76728E-01   2.26910E-03   7.89647E-01   3.07204E-03   2.82844E-02   3.54886E+04  -6.32633E+03  -1.81578E+04  -5.63739E+04  -1.17922E+05
   1.77728E-01   2.26635E-03   7.88688E-01   3.06831E-03   2.82500E-02   3.55576E+04  -6.28867E+03  -1.81792E+04  -5.62871E+04  -1.17768E+05
   1.78728E-01   2.26359E-03   7.87729E-01   3.06458E-03   2.82157E-02   3.56332E+04  -6.25389E+03  -1.82022E+04  -5.62106E+04  -1.17616E+05
   1.79728E-01   2.26084E-03   7.86769E-01   3.06084E-03   2.81813E-02   3.57150E+04  -6.22192E+03  -1.82265E+04  -5.61438E+04  -1.17466E+05
   1.80728E-01   2.25808E-03   7.85810E-01   3.05711E-03   2.81470E-02   3.58026E+04  -6.19266E+03  -1.82522E+04  -5.60862E+04  -1.17317E+05
   1.81728E-01   2.25532E-03   7.84851E-01   3.05338E-03   2.81126E-02   3.58957E+04  -6.16604E+03  -1.82792E+04  -5.60373E+04  -1.17171E+05
   1.82728E-01   2.25257E-03   7.83892E-01   3.04965E-03   2.80783E-02   3.59939E+04  -6.14198E+03  -1.83075E+04  -5.59967E+04  -1.17026E+05
   1.83728E-01   2.24981E-03   7.82933E-01   3.04592E-03   2.80439E-02   3.60971E+04  -6.12041E+03  -1.83369E+04  -5.59640E+04  -1.16882E+05
   1.84728E-01   2.24705E-03   7.81974E-01   3.04219E-03   2.80095E-02   3.62049E+04  -6.10128E+03  -1.83676E+04  -5.59387E+04  -1.16740E+05
   1.85728E-01   2.24430E-03   7.81014E-01   3.03846E-03   2.79752E-02   3.63172E+04  -6.08451E+03  -1.83993E+04  -5.59205E+04  -1.16600E+05
   1.86728E-01   2.24154E-03   7.80055E-01   3.03472E-03   2.79408E-02   3.64336E+04  -6.07007E+03  -1.84322E+04  -5.59091E+04  -1.16461E+05
   1.87728E-01   2.23879E-03   7.79096E-01   3.03099E-03   2.79065E-02   3.65540E+04  -6.05791E+03  -1.84661E+04  -5.59042E+04  -1.16323E+05
   1.88728E-01   2.23603E-03   7.78137E-01   3.02726E-03   2.78721E-02   3.66782E+04  -6.04797E+03  -1.85010E+04  -5.59054E+04  -1.16187E+05
   1.89728E-01   2.23327E-03   7.77178E-01   3.02353E-03   2.78378E-02   3.68060E+04  -6.04022E+03  -1.85369E+04  -5.59125E+04  -1.16052E+05
   1.90728E-01   2.23052E-03   7.76219E-01   3.01980E-03   2.78034E-02   3.69372E+04  -6.03462E+03  -1.85738E+04  -5.59252E+04  -1.15918E+05
   1.91728E-01   2.22776E-03   7.75259E-01   3.01607E-03   2.77691E-02   3.70716E+04  -6.03113E+03  -1.86116E+04  -5.59434E+04  -1.15785E+05
   1.92728E-01   2.22501E-03   7.74300E-01   3.01233E-03   2.77347E-02   3.72092E+04  -6.02971E+03  -1.86504E+04  -5.59667E+04  -1.15654E+05
   1.93728E-01   2.22225E-03   7.73341E-01   3.00860E-03   2.77003E-02   3.73498E+04  -6.03035E+03  -1.86901E+04  -5.59950E+04  -1.15524E+05
   1.94728E-01   2.21949E-03   7.72382E-01   3.00487E-03   2.76660E-02   3.74932E+04  -6.03301E+03  -1.87306E+04  -5.60280E+04  -1.15395E+05
   1.95728E-01   2.21674E-03   7.71423E-01   3.00114E-03   2.76316E-02   3.76394E+04  -6.03766E+03  -1.87720E+04  -5.60657E+04  -1.15266E+05
   1.96728E-01   2.21398E-03   7.70464E-01   2.99741E-03   2.75973E-02   3.77881E+04  -6.04429E+03  -1.88142E+04  -5.61077E+04  -1.15139E+05
   1.97728E-01   2.21122E-03   7.69505E-01   2.99368E-03   2.75629E-02   3.79394E+04  -6.05286E+03  -1.88573E+04  -5.61540E+04  -1.15013E+05
   1.98728E-01   2.20847E-03   7.68545E-01   2.98995E-03   2.75286E-02   3.80930E+04  -6.06336E+03  -1.89011E+04  -5.62044E+04  -1.14888E+05
   1.99728E-01   2.20571E-03   7.67586E-01   2.98621E-03   2.74942E-02   3.82489E+04  -6.07576E+03  -1.89458E+04  -5.62587E+04  -1.14764E+05
   2.00728E-01   2.20296E-03   7.66627E-01   2.98248E-03   2.74598E-02   3.84070E+04  -6.09006E+03  -1.89912E+04  -5.63168E+04  -1.14641E+05
   2.01728E-01   2.20020E-03   7.65668E-01   2.97875E-03   2.74255E-02   3.85673E+04  -6.10623E+03  -1.90374E+04  -5.63786E+04  -1.14518E+05
   2.02728E-01   2.19744E-03   7.64709E-01   2.97502E-03   2.73911E-02   3.87295E+04  -6.12427E+03  -1.90843E+04  -5.64439E+04  -1.14397E+05
   2.03728E-01   2.19469E-03   7.63750E-01   2.97129E-03   2.73568E-02   3.88937E+04  -6.14414E+03  -1.91320E+04  -5.65127E+04  -1.14277E+05
   2.04728E-01   2.19193E-03   7.62790E-01   2.96756E-03   2.73224E-02   3.90598E+04  -6.16586E+03  -1.91803E+04  -5.65848E+04  -1.14157E+05
   2.05728E-01   2.18917E-03   7.61831E-01   2.96383E-03   2.72881E-02   3.92277E+04  -6.18939E+03  -1.92294E+04  -5.66601E+04  -1.14038E+05
   2.06728E-01   2.18642E-03   7.60872E-01   2.96009E-03   2.72537E-02   3.93973E+04  -6.21474E+03  -1.92792E+04  -5.67385E+04  -1.13920E+05
   2.07728E-01   2.18366E-03   7.59913E-01   2.95636E-03   2.72194E-02   3.95687E+04  -6.24188E+03  -1.93297E+04  -5.68199E+04  -1.13803E+05
   2.08728E-01   2.18091E-03   7.58954E-01   2.95263E-03   2.71850E-02   3.97416E+04  -6.27082E+03  -1.93809E+04  -5.69043E+04  -1.13687E+05
   2.09728E-01   2.17815E-03   7.57995E-01   2.94890E-03   2.71506E-02   3.99161E+04  -6.30155E+03  -1.94327E+04  -5.69915E+04  -1.13571E+05
   2.10728E-01   2.17539E-03   7.57036E-01   2.94517E-03   2.71163E-02   4.00921E+04  -6.33406E+03  -1.94852E+04  -5.70815E+04  -1.13456E+05
   2.11728E-01   2.17264E-03   7.56076E-01   2.94144E-03   2.70819E-02   4.02695E+04  -6.36833E+03  -1.95384E+04  -5.71742E+04  -1.13342E+05
   2.12728E-01   2.16988E-03   7.55117E-01   2.93770E-03   2.70476E-02   4.04484E+04  -6.40438E+03  -1.95922E+04  -5.72695E+04  -1.13229E+05
   2.13728E-01   2.16713E-03   7.54158E-01   2.93397E-03   2.70132E-02   4.06286E+04  -6.44219E+03  -1.96467E+04  -5.73673E+04  -1.13116E+05
   2.14728E-01   2.16437E-03   7.53199E-01   2.93024E-03   2.69789E-02   4.08101E+04  -6.48175E+03  -1.97018E+04  -5.74676E+04  -1.13004E+05
   2.15728E-01   2.16161E-03   7.52240E-01   2.92651E-03   2.69445E-02   4.09929E+04  -6.52307E+03  -1.97575E+04  -5.75704E+04  -1.12893E+05
   2.16728E-01   2.15886E-03   7.51281E-01   2.92278E-03   2.69101E-02   4.11769E+04  -6.56615E+03  -1.98139E+04  -5.76754E+04  -1.12783E+05
   2.17728E-01   2.15610E-03   7.50321E-01   2.91905E-03   2.68758E-02   4.13621E+04  -6.61097E+03  -1.98708E+04  -5.77828E+04  -1.12673E+05
   2.18728E-01   2.15334E-03   7.49362E-01   2.91532E-03   2.68414E-02   4.15485E+04  -6.65754E+03  -1.99284E+04  -5.78925E+04  -1.12564E+05
   2.19728E-01   2.15059E-03   7.48403E-01   2.91158E-03   2.68071E-02   4.17360E+04  -6.70585E+03  -1.99866E+04  -5.80043E+04  -1.12456E+05
   2.20728E-01   2.14783E-03   7.47444E-01   2.90785E-03   2.67727E-02   4.19246E+04  -6.75591E+03  -2.00454E+04  -5.81183E+04  -1.12349E+05
   2.21728E-01   2.14508E-03   7.46485E-01   2.90412E-03   2.67384E-02   4.21142E+04  -6.80772E+03  -2.01048E+04  -5.82343E+04  -1.12242E+05
   2.22728E-01   2.14232E-03   7.45526E-01   2.90039E-03   2.67040E-02   4.23049E+04  -6.86127E+03  -2.01648E+04  -5.83524E+04  -1.12135E+05
   2.23728E-01   2.13956E-03   7.44566E-01   2.89666E-03   2.66697E-02   4.24966E+04  -6.91656E+03  -2.02254E+04  -5.84726E+04  -1.12030E+05
   2.24728E-01   2.13681E-03   7.43607E-01   2.89293E-03   2.66353E-02   4.26892E+04  -6.97361E+03  -2.02865E+04  -5.85946E+04  -1.11925E+05
   2.25728E-01   2.13405E-03   7.42648E-01   2.88920E-03   2.66009E-02   4.28828E+04  -7.03240E+03  -2.03483E+04  -5.87186E+04  -1.11821E+05
   2.26728E-01   2.13129E-03   7.41689E-01   2.88546E-03   2.65666E-02   4.30773E+04  -7.09294E+03  -2.04106E+04  -5.88445E+04  -1.11717E+05
   2.27728E-01   2.12854E-03   7.40730E-01   2.88173E-03   2.65322E-02   4.32726E+04  -7.15523E+03  -2.04735E+04  -5.89723E+04  -1.11614E+05
   2.28728E-01   2.12578E-03   7.39771E-01   2.87800E-03   2.64979E-02   4.34689E+04  -7.21927E+03  -2.05370E+04  -5.91018E+04  -1.11512E+05
   2.29728E-01   2.12303E-03   7.38812E-01   2.87427E-03   2.64635E-02   4.36660E+04  -7.28507E+03  -2.06011E+04  -5.92332E+04  -1.11410E+05
   2.30728E-01   2.12027E-03   7.37852E-01   2.87054E-03   2.64292E-02   4.38639E+04  -7.35263E+03  -2.06657E+04  -5.93663E+04  -1.11309E+05
   2.31728E-01   2.11751E-03   7.36893E-01   2.86681E-03   2.63948E-02   4.40626E+04  -7.42195E+03  -2.07309E+04  -5.95011E+04  -1.11209E+05
   2.32728E-01   2.11476E-03   7.35934E-01   2.86307E-03   2.63605E-02   4.42621E+04  -7.49304E+03  -2.07966E+04  -5.96376E+04  -1.11109E+05
   2.33728E-01   2.11200E-03   7.34975E-01   2.85934E-03   2.63261E-02   4.44624E+04  -7.56589E+03  -2.08630E+04  -5.97758E+04  -1.11010E+05
   2.34728E-01   2.10924E-03   7.34016E-01   2.85561E-03   2.62917E-02   4.46635E+04  -7.64053E+03  -2.09298E+04  -5.99156E+04  -1.10911E+05
   2.35728E-01   2.10649E-03   7.33057E-01   2.85188E-03   2.62574E-02   4.48652E+04  -7.71694E+03  -2.09973E+04  -6.00571E+04  -1.10813E+05
   2.36728E-01   2.10373E-03   7.32097E-01   2.84815E-03   2.62230E-02   4.50677E+04  -7.79513E+03  -2.10653E+04  -6.02001E+04  -1.10716E+05
   2.37728E-01   2.10098E-03   7.31138E-01   2.84442E-03   2.61887E-02   4.52708E+04  -7.87511E+03  -2.11338E+04  -6.03446E+04  -1.10619E+05
   2.38728E-01   2.09822E-03   7.30179E-01   2.84069E-03   2.61543E-02   4.54747E+04  -7.95688E+03  -2.12029E+04  -6.04908E+04  -1.10523E+05
   2.39728E-01   2.09546E-03   7.29220E-01   2.83695E-03   2.61200E-02   4.56792E+04  -8.04046E+03  -2.12726E+04  -6.06384E+04  -1.10428E+05
   2.40728E-01   2.09271E-03   7.28261E-01   2.83322E-03   2.60856E-02   4.58844E+04  -8.12584E+03  -2.13428E+04  -6.07876E+04  -1.10333E+05
   2.41728E-01   2.08995E-03   7.27302E-01   2.82949E-03   2.60512E-02   4.60902E+04  -8.21303E+03  -2.14135E+04  -6.09382E+04  -1.10238E+05
   2.42728E-01   2.08720E-03   7.26343E-01   2.82576E-03   2.60169E-02   4.62966E+04  -8.30203E+03  -2.14848E+04  -6.10903E+04  -1.10145E+05
   2.43728E-01   2.08444E-03   7.25383E-01   2.82203E-03   2.59825E-02   4.65037E+04  -8.39286E+03  -2.15567E+04  -6.12438E+04  -1.10052E+05
   2.44728E-01   2.08168E-03   7.24424E-01   2.81830E-03   2.59482E-02   4.67113E+04  -8.48552E+03  -2.16291E+04  -6.13988E+04  -1.09959E+05
   2.45728E-01   2.07893E-03   7.23465E-01   2.81457E-03   2.59138E-02   4.69196E+04  -8.58001E+03  -2.17020E+04  -6.15551E+04  -1.09868E+05
   2.46728E-01   2.07617E-03   7.22506E-01   2.81083E-03   2.58795E-02   4.71284E+04  -8.67634E+03  -2.17755E+04  -6.17129E+04  -1.09776E+05
   2.47728E-01   2.07341E-03   7.21547E-01   2.80710E-03   2.58451E-02   4.73378E+04  -8.77453E+03  -2.18496E+04  -6.18720E+04  -1.09686E+05
   2.48728E-01   2.07066E-03   7.20588E-01   2.80337E-03   2.58108E-02   4.75477E+04  -8.87457E+03  -2.19242E+04  -6.20325E+04  -1.09596E+05
   2.49728E-01   2.06790E-03   7.19628E-01   2.79964E-03   2.57764E-02   4.77582E+04  -8.97648E+03  -2.19993E+04  -6.21944E+04  -1.09506E+05
   2.50728E-01   2.06515E-03   7.18669E-01   2.79591E-03   2.57420E-02   4.79693E+04  -9.08026E+03  -2.20750E+04  -6.23576E+04  -1.09417E+05
   2.51728E-01   2.06239E-03   7.17710E-01   2.79218E-03   2.57077E-02   4.81808E+04  -9.18592E+03  -2.21512E+04  -6.25221E+04  -1.09329E+05
   2.52728E-01   2.05963E-03   7.16751E-01   2.78844E-03   2.56733E-02   4.83929E+04  -9.29347E+03  -2.22280E+04  -6.26879E+04  -1.09241E+05
   2.53728E-01   2.05688E-03   7.15792E-01   2.78471E-03   2.56390E-02   4.86055E+04  -9.40292E+03  -2.23053E+04  -6.28551E+04  -1.09154E+05
   2.54728E-01   2.05412E-03   7.14833E-01   2.78098E-03   2.56046E-02   4.88186E+04  -9.51427E+03  -2.23831E+04  -6.30235E+04  -1.09068E+05
   2.55728E-01   2.05136E-03   7.13873E-01   2.77725E-03   2.55703E-02   4.90322E+04  -9.62754E+03  -2.24615E+04  -6.31932E+04  -1.08982E+05
   2.56728E-01   2.04861E-03   7.12914E-01   2.77352E-03   2.55359E-02   4.92463E+04  -9.74272E+03  -2.25405E+04  -6.33641E+04  -1.08897E+05
   2.57728E-01   2.04585E-03   7.11955E-01   2.76979E-03   2.55016E-02   4.94608E+04  -9.85984E+03  -2.26200E+04  -6.35363E+04  -1.08812E+05
   2.58728E-01   2.04310E-03   7.10996E-01   2.76606E-03   2.54672E-02   4.96758E+04  -9.97890E+03  -2.27000E+04  -6.37098E+04  -1.08728E+05
   2.59728E-01   2.04034E-03   7.10037E-01   2.76232E-03   2.54328E-02   4.98913E+04  -1.00999E+04  -2.27806E+04  -6.38845E+04  -1.08645E+05
   2.60728E-01   2.03758E-03   7.09078E-01   2.75859E-03   2.53985E-02   5.01073E+04  -1.02229E+04  -2.28617E+04  -6.40604E+04  -1.08562E+05
   2.61728E-01   2.03483E-03   7.08119E-01   2.75486E-03   2.53641E-02   5.03237E+04  -1.03478E+04  -2.29434E+04  -6.42376E+04  -1.08480E+05
   2.62728E-01   2.03207E-03   7.07159E-01   2.75113E-03   2.53298E-02   5.05405E+04  -1.04747E+04  -2.30256E+04  -6.44159E+04  -1.08398E+05
   2.63728E-01   2.02931E-03   7.06200E-01   2.74740E-03   2.52954E-02   5.07578E+04  -1.06036E+04  -2.31084E+04  -6.45955E+04  -1.08317E+05
   2.64728E-01   2.02656E-03   7.05241E-01   2.74367E-03   2.52611E-02   5.09755E+04  -1.07345E+04  -2.31917E+04  -6.47763E+04  -1.08237E+05
   2.65728E-01   2.02380E-03   7.04282E-01   2.73994E-03   2.52267E-02   5.11937E+04  -1.08674E+04  -2.32756E+04  -6.49582E+04  -1.08157E+05
   2.66728E-01   2.02105E-03   7.03323E-01   2.73620E-03   2.51923E-02   5.14123E+04  -1.10023E+04  -2.33600E+04  -6.51414E+04  -1.08078E+05
   2.67728E-01   2.01829E-03   7.02364E-01   2.73247E-03   2.51580E-02   5.16312E+04  -1.11393E+04  -2.34449E+04  -6.53257E+04  -1.07999E+05
   2.68728E-01   2.01553E-03   7.01404E-01   2.72874E-03   2.51236E-02   5.18506E+04  -1.12782E+04  -2.35304E+04  -6.55112E+04  -1.07921E+05
   2.69728E-01   2.01278E-03   7.00445E-01   2.72501E-03   2.50893E-02   5.20704E+04  -1.14193E+04  -2.36165E+04  -6.56978E+04  -1.07844E+05
   2.70728E-01   2.01002E-03   6.99486E-01   2.72128E-03   2.50549E-02   5.22906E+04  -1.15624E+04  -2.37031E+04  -6.58856E+04  -1.07767E+05
   2.71728E-01   2.00727E-03   6.98527E-01   2.71755E-03   2.50206E-02   5.25113E+04  -1.17075E+04  -2.37903E+04  -6.60746E+04  -1.07691E+05
   2.72728E-01   2.00451E-03   6.97568E-01   2.71382E-03   2.49862E-02   5.27322E+04  -1.18548E+04  -2.38780E+04  -6.62647E+04  -1.07615E+05
   2.73728E-01   2.00175E-03   6.96609E-01   2.71008E-03   2.49519E-02   5.29536E+04  -1.20041E+04  -2.39663E+04  -6.64560E+04  -1.07540E+05
   2.74728E-01   1.99900E-03   6.95650E-01   2.70635E-03   2.49175E-02   5.31754E+04  -1.21555E+04  -2.40552E+04  -6.66484E+04  -1.07466E+05
   2.75728E-01   1.99624E-03   6.94690E-01   2.70262E-03   2.48831E-02   5.33975E+04  -1.23091E+04  -2.41445E+04  -6.68419E+04  -1.07392E+05
   2.76728E-01   1.99348E-03   6.93731E-01   2.69889E-03   2.48488E-02   5.36201E+04  -1.24647E+04  -2.42345E+04  -6.70365E+04  -1.07319E+05
   2.77728E-01   1.99073E-03   6.92772E-01   2.69516E-03   2.48144E-02   5.38430E+04  -1.26225E+04  -2.43250E+04  -6.72323E+04  -1.07247E+05
   2.78728E-01   1.98797E-03   6.91813E-01   2.69143E-03   2.47801E-02   5.40662E+04  -1.27825E+04  -2.44161E+04  -6.74292E+04  -1.07175E+05
   2.79728E-01   1.98522E-03   6.90854E-01   2.68769E-03   2.47457E-02   5.42898E+04  -1.29446E+04  -2.45077E+04  -6.76273E+04  -1.07104E+05
   2.80728E-01   1.98246E-03   6.89895E-01   2.68396E-03   2.47114E-02   5.45138E+04  -1.31089E+04  -2.45999E+04  -6.78264E+04  -1.07034E+05
   2.81728E-01   1.97970E-03   6.88935E-01   2.68023E-03   2.46770E-02   5.47382E+04  -1.32754E+04  -2.46927E+04  -6.80267E+04  -1.06964E+05
   2.82728E-01   1.97695E-03   6.87976E-01   2.67650E-03   2.46426E-02   5.49629E+04  -1.34440E+04  -2.47860E+04  -6.82280E+04  -1.06894E+05
   2.83728E-01   1.97419E-03   6.87017E-01   2.67277E-03   2.46083E-02   5.51879E+04  -1.36149E+04  -2.48799E+04  -6.84305E+04  -1.06826E+05
   2.84728E-01   1.97143E-03   6.86058E-01   2.66904E-03   2.45739E-02   5.54133E+04  -1.37880E+04  -2.49743E+04  -6.86341E+04  -1.06758E+05
   2.85728E-01   1.96868E-03   6.85099E-01   2.66531E-03   2.45396E-02   5.56390E+04  -1.39634E+04  -2.50694E+04  -6.88388E+04  -1.06690E+05
   2.86728E-01   1.96592E-03   6.84140E-01   2.66157E-03   2.45052E-02   5.58651E+04  -1.41409E+04  -2.51650E+04  -6.90445E+04  -1.06624E+05
   2.87728E-01   1.96317E-03   6.83180E-01   2.65784E-03   2.44709E-02   5.60915E+04  -1.43208E+04  -2.52611E+04  -6.92514E+04  -1.06558E+05
   2.88728E-01   1.96041E-03   6.82221E-01   2.65411E-03   2.44365E-02   5.63183E+04  -1.45029E+04  -2.53579E+04  -6.94594E+04  -1.06492E+05
   2.89728E-01   1.95765E-03   6.81262E-01   2.65038E-03   2.44022E-02   5.65453E+04  -1.46873E+04  -2.54552E+04  -6.96684E+04  -1.06427E+05
   2.90728E-01   1.95490E-03   6.80303E-01   2.64665E-03   2.43678E-02   5.67728E+04  -1.48740E+04  -2.55531E+04  -6.98786E+04  -1.06363E+05
   2.91728E-01   1.95214E-03   6.79344E-01   2.64292E-03   2.43334E-02   5.70005E+04  -1.50630E+04  -2.56515E+04  -7.00898E+04  -1.06300E+05
   2.92728E-01   1.94939E-03   6.78385E-01   2.63919E-03   2.42991E-02   5.72285E+04  -1.52543E+04  -2.57506E+04  -7.03021E+04  -1.06237E+05
   2.93728E-01   1.94663E-03   6.77426E-01   2.63545E-03   2.42647E-02   5.74569E+04  -1.54479E+04  -2.58502E+04  -7.05155E+04  -1.06175E+05
   2.94728E-01   1.94387E-03   6.76466E-01   2.63172E-03   2.42304E-02   5.76856E+04  -1.56440E+04  -2.59504E+04  -7.07300E+04  -1.06113E+05
   2.95728E-01   1.94112E-03   6.75507E-01   2.62799E-03   2.41960E-02   5.79146E+04  -1.58423E+04  -2.60512E+04  -7.09455E+04  -1.06052E+05
   2.96728E-01   1.93836E-03   6.74548E-01   2.62426E-03   2.41617E-02   5.81439E+04  -1.60431E+04  -2.61526E+04  -7.11622E+04  -1.05992E+05
   2.97728E-01   1.93560E-03   6.73589E-01   2.62053E-03   2.41273E-02   5.83736E+04  -1.62462E+04  -2.62545E+04  -7.13799E+04  -1.05933E+05
   2.98728E-01   1.93285E-03   6.72630E-01   2.61680E-03   2.40930E-02   5.86035E+04  -1.64518E+04  -2.63571E+04  -7.15987E+04  -1.05874E+05
   2.99728E-01   1.93009E-03   6.71671E-01   2.61306E-03   2.40586E-02   5.88338E+04  -1.66598E+04  -2.64602E+04  -7.18185E+04  -1.05816E+05
   2.99990E-01   1.92937E-03   6.71419E-01   2.61209E-03   2.40496E-02   5.88942E+04  -1.67147E+04  -2.64874E+04  -7.18764E+04  -1.05801E+05

 Phase Region for:
     FCC_A1#1                      
 col-1=X(C), col-2=X(CU), col-3=X(FE), col-4=X(MN), col-5=X(SI), col-6=MU(C), col-7=MU(CU), col-8=MU(FE), col-9=MU(MN), col-10=MU(SI),
   9.72763E-03   2.72939E-03   9.49826E-01   3.69520E-03   3.40219E-02   1.11471E+04  -1.45990E+04  -1.56394E+04  -5.40239E+04  -1.37386E+05
   8.72763E-03   2.73215E-03   9.50785E-01   3.69893E-03   3.40562E-02   1.05530E+04  -1.46691E+04  -1.56300E+04  -5.39716E+04  -1.37487E+05
   7.72763E-03   2.73490E-03   9.51744E-01   3.70266E-03   3.40906E-02   9.89631E+03  -1.47395E+04  -1.56207E+04  -5.39196E+04  -1.37588E+05
   6.72763E-03   2.73766E-03   9.52703E-01   3.70639E-03   3.41249E-02   9.15914E+03  -1.48101E+04  -1.56115E+04  -5.38676E+04  -1.37688E+05
   5.72763E-03   2.74041E-03   9.53663E-01   3.71012E-03   3.41593E-02   8.31566E+03  -1.48809E+04  -1.56024E+04  -5.38157E+04  -1.37789E+05
   4.72763E-03   2.74317E-03   9.54622E-01   3.71386E-03   3.41936E-02   7.32481E+03  -1.49520E+04  -1.55934E+04  -5.37641E+04  -1.37890E+05
   3.72763E-03   2.74593E-03   9.55581E-01   3.71759E-03   3.42280E-02   6.11598E+03  -1.50233E+04  -1.55845E+04  -5.37125E+04  -1.37991E+05
   2.72763E-03   2.74868E-03   9.56540E-01   3.72132E-03   3.42623E-02   4.55139E+03  -1.50948E+04  -1.55756E+04  -5.36612E+04  -1.38091E+05
   1.72763E-03   2.75144E-03   9.57499E-01   3.72505E-03   3.42967E-02   2.29909E+03  -1.51666E+04  -1.55669E+04  -5.36100E+04  -1.38192E+05
   7.27626E-04   2.75420E-03   9.58458E-01   3.72878E-03   3.43311E-02  -1.89753E+03  -1.52387E+04  -1.55582E+04  -5.35590E+04  -1.38292E+05
   1.00000E-05   2.75617E-03   9.59147E-01   3.73146E-03   3.43557E-02  -2.23824E+04  -1.52905E+04  -1.55520E+04  -5.35224E+04  -1.38364E+05

 Phase Region for:
     FCC_A1#2                      
 col-1=X(C), col-2=X(CU), col-3=X(FE), col-4=X(MN), col-5=X(SI), col-6=MU(C), col-7=MU(CU), col-8=MU(FE), col-9=MU(MN), col-10=MU(SI),
   9.72763E-03   9.90082E-01   1.80552E-05   1.72213E-04   9.90272E-13   2.21306E+05  -2.15485E+04  -2.18514E+04  -5.98434E+04  -1.44608E+05
   1.07276E-02   9.89070E-01   1.95468E-05   1.82886E-04   9.89272E-13   2.21533E+05  -2.15509E+04  -2.18538E+04  -5.98458E+04  -1.44610E+05
   1.17276E-02   9.88057E-01   2.11637E-05   1.94231E-04   9.88272E-13   2.21718E+05  -2.15530E+04  -2.18559E+04  -5.98480E+04  -1.44612E+05
   1.27276E-02   9.87043E-01   2.29167E-05   2.06290E-04   9.87272E-13   2.21868E+05  -2.15548E+04  -2.18578E+04  -5.98498E+04  -1.44614E+05
   1.37276E-02   9.86028E-01   2.48175E-05   2.19108E-04   1.03579E-12   2.21987E+05  -2.15564E+04  -2.18594E+04  -5.98515E+04  -1.44616E+05
   1.47276E-02   9.85013E-01   2.68788E-05   2.32735E-04   1.09202E-12   2.22081E+05  -2.15577E+04  -2.18607E+04  -5.98528E+04  -1.44617E+05
   1.57276E-02   9.83996E-01   2.91143E-05   2.47221E-04   1.15139E-12   2.22151E+05  -2.15588E+04  -2.18618E+04  -5.98539E+04  -1.44618E+05
   1.67276E-02   9.82978E-01   3.15390E-05   2.62621E-04   1.21408E-12   2.22201E+05  -2.15597E+04  -2.18627E+04  -5.98548E+04  -1.44619E+05
   1.77276E-02   9.81959E-01   3.41693E-05   2.78994E-04   1.28028E-12   2.22234E+05  -2.15602E+04  -2.18633E+04  -5.98554E+04  -1.44619E+05
   1.87276E-02   9.80939E-01   3.70229E-05   2.96401E-04   1.35019E-12   2.22250E+05  -2.15605E+04  -2.18636E+04  -5.98557E+04  -1.44620E+05
   1.97276E-02   9.79917E-01   4.01191E-05   3.14909E-04   1.42404E-12   2.22252E+05  -2.15606E+04  -2.18636E+04  -5.98557E+04  -1.44620E+05
   2.07276E-02   9.78894E-01   4.34790E-05   3.34589E-04   1.50204E-12   2.22240E+05  -2.15603E+04  -2.18634E+04  -5.98555E+04  -1.44619E+05
   2.17276E-02   9.77870E-01   4.71254E-05   3.55514E-04   1.58445E-12   2.22217E+05  -2.15598E+04  -2.18628E+04  -5.98549E+04  -1.44619E+05
   2.27276E-02   9.76844E-01   5.10832E-05   3.77765E-04   1.67153E-12   2.22182E+05  -2.15590E+04  -2.18620E+04  -5.98542E+04  -1.44618E+05
   2.37276E-02   9.75816E-01   5.53795E-05   4.01427E-04   1.76354E-12   2.22138E+05  -2.15580E+04  -2.18610E+04  -5.98531E+04  -1.44617E+05
   2.47276E-02   9.74786E-01   6.00440E-05   4.26590E-04   1.86079E-12   2.22083E+05  -2.15566E+04  -2.18596E+04  -5.98517E+04  -1.44616E+05
   2.57276E-02   9.73754E-01   6.51087E-05   4.53350E-04   1.96358E-12   2.22020E+05  -2.15550E+04  -2.18580E+04  -5.98501E+04  -1.44614E+05
   2.67276E-02   9.72720E-01   7.06089E-05   4.81809E-04   2.07226E-12   2.21948E+05  -2.15531E+04  -2.18560E+04  -5.98481E+04  -1.44612E+05
   2.77276E-02   9.71684E-01   7.65825E-05   5.12076E-04   2.18716E-12   2.21869E+05  -2.15508E+04  -2.18538E+04  -5.98459E+04  -1.44610E+05
   2.87276E-02   9.70645E-01   8.30714E-05   5.44268E-04   2.30867E-12   2.21782E+05  -2.15483E+04  -2.18512E+04  -5.98433E+04  -1.44607E+05
   2.97276E-02   9.69604E-01   9.01209E-05   5.78507E-04   2.43719E-12   2.21688E+05  -2.15455E+04  -2.18484E+04  -5.98405E+04  -1.44605E+05
   3.07276E-02   9.68560E-01   9.77805E-05   6.14925E-04   2.57315E-12   2.21587E+05  -2.15423E+04  -2.18452E+04  -5.98373E+04  -1.44601E+05
   3.17276E-02   9.67513E-01   1.06104E-04   6.53661E-04   2.71701E-12   2.21480E+05  -2.15389E+04  -2.18418E+04  -5.98338E+04  -1.44598E+05
   3.27276E-02   9.66462E-01   1.15151E-04   6.94865E-04   2.86925E-12   2.21367E+05  -2.15351E+04  -2.18380E+04  -5.98300E+04  -1.44594E+05
   3.37276E-02   9.65409E-01   1.24985E-04   7.38694E-04   3.03040E-12   2.21247E+05  -2.15310E+04  -2.18338E+04  -5.98259E+04  -1.44590E+05
   3.47276E-02   9.64351E-01   1.35677E-04   7.85317E-04   3.20101E-12   2.21122E+05  -2.15265E+04  -2.18294E+04  -5.98214E+04  -1.44586E+05
   3.57276E-02   9.63290E-01   1.47303E-04   8.34914E-04   3.38169E-12   2.20991E+05  -2.15218E+04  -2.18246E+04  -5.98166E+04  -1.44581E+05
   3.67276E-02   9.62225E-01   1.59947E-04   8.87674E-04   3.57307E-12   2.20855E+05  -2.15166E+04  -2.18194E+04  -5.98114E+04  -1.44576E+05
   3.77276E-02   9.61155E-01   1.73701E-04   9.43802E-04   3.77584E-12   2.20713E+05  -2.15111E+04  -2.18139E+04  -5.98059E+04  -1.44570E+05
   3.87276E-02   9.60080E-01   1.88664E-04   1.00351E-03   3.99075E-12   2.20565E+05  -2.15053E+04  -2.18080E+04  -5.98000E+04  -1.44564E+05
   3.97276E-02   9.59000E-01   2.04946E-04   1.06703E-03   4.21857E-12   2.20413E+05  -2.14991E+04  -2.18018E+04  -5.97937E+04  -1.44558E+05
   4.07276E-02   9.57915E-01   2.22666E-04   1.13461E-03   4.46017E-12   2.20255E+05  -2.14925E+04  -2.17951E+04  -5.97871E+04  -1.44552E+05
   4.17276E-02   9.56824E-01   2.41956E-04   1.20651E-03   4.71646E-12   2.20092E+05  -2.14854E+04  -2.17881E+04  -5.97800E+04  -1.44545E+05
   4.27276E-02   9.55726E-01   2.62959E-04   1.28300E-03   4.98844E-12   2.19924E+05  -2.14780E+04  -2.17807E+04  -5.97726E+04  -1.44537E+05
   4.37276E-02   9.54622E-01   2.85831E-04   1.36438E-03   5.27717E-12   2.19750E+05  -2.14702E+04  -2.17728E+04  -5.97647E+04  -1.44529E+05
   4.47276E-02   9.53511E-01   3.10745E-04   1.45096E-03   5.58381E-12   2.19572E+05  -2.14619E+04  -2.17645E+04  -5.97564E+04  -1.44521E+05
   4.57276E-02   9.52391E-01   3.37889E-04   1.54308E-03   5.90961E-12   2.19388E+05  -2.14532E+04  -2.17557E+04  -5.97476E+04  -1.44512E+05
   4.67276E-02   9.51264E-01   3.67470E-04   1.64108E-03   6.25593E-12   2.19198E+05  -2.14440E+04  -2.17465E+04  -5.97384E+04  -1.44503E+05
   4.77276E-02   9.50127E-01   3.99715E-04   1.74535E-03   6.62425E-12   2.19003E+05  -2.14343E+04  -2.17368E+04  -5.97286E+04  -1.44494E+05
   4.87276E-02   9.48981E-01   4.34874E-04   1.85629E-03   7.01616E-12   2.18802E+05  -2.14242E+04  -2.17266E+04  -5.97184E+04  -1.44483E+05
   4.97276E-02   9.47825E-01   4.73221E-04   1.97431E-03   7.43343E-12   2.18596E+05  -2.14135E+04  -2.17159E+04  -5.97077E+04  -1.44473E+05
   5.07276E-02   9.46657E-01   5.15056E-04   2.09988E-03   7.87796E-12   2.18384E+05  -2.14023E+04  -2.17046E+04  -5.96964E+04  -1.44462E+05
   5.17276E-02   9.45478E-01   5.60713E-04   2.23348E-03   8.35184E-12   2.18165E+05  -2.13905E+04  -2.16928E+04  -5.96846E+04  -1.44450E+05
   5.27276E-02   9.44286E-01   6.10556E-04   2.37562E-03   8.85737E-12   2.17941E+05  -2.13781E+04  -2.16804E+04  -5.96721E+04  -1.44437E+05
   5.37276E-02   9.43081E-01   6.64990E-04   2.52683E-03   9.39708E-12   2.17709E+05  -2.13651E+04  -2.16673E+04  -5.96590E+04  -1.44424E+05
   5.47276E-02   9.41860E-01   7.24457E-04   2.68771E-03   9.97374E-12   2.17471E+05  -2.13514E+04  -2.16536E+04  -5.96453E+04  -1.44411E+05
   5.57276E-02   9.40624E-01   7.89451E-04   2.85887E-03   1.05904E-11   2.17226E+05  -2.13371E+04  -2.16393E+04  -5.96309E+04  -1.44396E+05
   5.67276E-02   9.39371E-01   8.60514E-04   3.04096E-03   1.12505E-11   2.16973E+05  -2.13220E+04  -2.16241E+04  -5.96158E+04  -1.44381E+05
   5.77276E-02   9.38099E-01   9.38248E-04   3.23467E-03   1.19579E-11   2.16712E+05  -2.13062E+04  -2.16083E+04  -5.95999E+04  -1.44366E+05
   5.87276E-02   9.36808E-01   1.02332E-03   3.44075E-03   1.27166E-11   2.16443E+05  -2.12896E+04  -2.15916E+04  -5.95832E+04  -1.44349E+05
   5.97276E-02   9.35496E-01   1.11648E-03   3.65998E-03   1.35315E-11   2.16166E+05  -2.12721E+04  -2.15741E+04  -5.95657E+04  -1.44332E+05
   6.07276E-02   9.34161E-01   1.21853E-03   3.89320E-03   1.44078E-11   2.15879E+05  -2.12537E+04  -2.15556E+04  -5.95472E+04  -1.44313E+05
   6.17276E-02   9.32801E-01   1.33041E-03   4.14130E-03   1.53515E-11   2.15582E+05  -2.12344E+04  -2.15362E+04  -5.95278E+04  -1.44294E+05
   6.27276E-02   9.31414E-01   1.45314E-03   4.40523E-03   1.63692E-11   2.15275E+05  -2.12140E+04  -2.15158E+04  -5.95073E+04  -1.44273E+05
   6.37276E-02   9.29999E-01   1.58786E-03   4.68599E-03   1.74687E-11   2.14957E+05  -2.11925E+04  -2.14943E+04  -5.94858E+04  -1.44252E+05
   6.47276E-02   9.28552E-01   1.73586E-03   4.98467E-03   1.86586E-11   2.14627E+05  -2.11699E+04  -2.14716E+04  -5.94630E+04  -1.44229E+05
   6.57276E-02   9.27071E-01   1.89858E-03   5.30240E-03   1.99488E-11   2.14285E+05  -2.11460E+04  -2.14476E+04  -5.94390E+04  -1.44206E+05
   6.67276E-02   9.25554E-01   2.07764E-03   5.64040E-03   2.13507E-11   2.13928E+05  -2.11207E+04  -2.14223E+04  -5.94137E+04  -1.44180E+05
   6.77276E-02   9.23998E-01   2.27487E-03   6.00000E-03   2.28776E-11   2.13558E+05  -2.10940E+04  -2.13955E+04  -5.93869E+04  -1.44154E+05
   6.87276E-02   9.22397E-01   2.49237E-03   6.38257E-03   2.45448E-11   2.13171E+05  -2.10657E+04  -2.13672E+04  -5.93585E+04  -1.44125E+05
   6.97276E-02   9.20750E-01   2.73249E-03   6.78962E-03   2.63702E-11   2.12768E+05  -2.10357E+04  -2.13371E+04  -5.93284E+04  -1.44095E+05
   7.07276E-02   9.19052E-01   2.99793E-03   7.22275E-03   2.83749E-11   2.12346E+05  -2.10038E+04  -2.13052E+04  -5.92964E+04  -1.44063E+05
   7.17276E-02   9.17297E-01   3.29179E-03   7.68369E-03   3.05839E-11   2.11904E+05  -2.09699E+04  -2.12712E+04  -5.92624E+04  -1.44030E+05
   7.27276E-02   9.15480E-01   3.61764E-03   8.17431E-03   3.30270E-11   2.11440E+05  -2.09338E+04  -2.12350E+04  -5.92262E+04  -1.43994E+05
   7.37276E-02   9.13596E-01   3.97961E-03   8.69663E-03   3.57402E-11   2.10953E+05  -2.08953E+04  -2.11964E+04  -5.91875E+04  -1.43955E+05
   7.47276E-02   9.11637E-01   4.38252E-03   9.25285E-03   3.87670E-11   2.10439E+05  -2.08541E+04  -2.11551E+04  -5.91462E+04  -1.43914E+05
   7.57276E-02   9.09595E-01   4.83204E-03   9.84539E-03   4.21608E-11   2.09896E+05  -2.08099E+04  -2.11108E+04  -5.91019E+04  -1.43870E+05
   7.67276E-02   9.07461E-01   5.33487E-03   1.04769E-02   4.59881E-11   2.09320E+05  -2.07624E+04  -2.10633E+04  -5.90542E+04  -1.43822E+05
   7.77276E-02   9.05223E-01   5.89902E-03   1.11503E-02   5.03320E-11   2.08709E+05  -2.07113E+04  -2.10120E+04  -5.90029E+04  -1.43771E+05
   7.87276E-02   9.02869E-01   6.53417E-03   1.18690E-02   5.52986E-11   2.08057E+05  -2.06559E+04  -2.09566E+04  -5.89474E+04  -1.43716E+05
   7.97276E-02   9.00383E-01   7.25217E-03   1.26368E-02   6.10253E-11   2.07359E+05  -2.05959E+04  -2.08964E+04  -5.88872E+04  -1.43656E+05
   8.07276E-02   8.97747E-01   8.06771E-03   1.34580E-02   6.76933E-11   2.06609E+05  -2.05305E+04  -2.08308E+04  -5.88216E+04  -1.43590E+05
   8.17276E-02   8.94935E-01   8.99938E-03   1.43378E-02   7.55469E-11   2.05798E+05  -2.04588E+04  -2.07590E+04  -5.87497E+04  -1.43519E+05
   8.27276E-02   8.91919E-01   1.00712E-02   1.52826E-02   8.49240E-11   2.04916E+05  -2.03797E+04  -2.06798E+04  -5.86704E+04  -1.43440E+05
   8.37276E-02   8.88657E-01   1.13149E-02   1.63003E-02   9.63074E-11   2.03949E+05  -2.02919E+04  -2.05919E+04  -5.85823E+04  -1.43352E+05
   8.47276E-02   8.85097E-01   1.27742E-02   1.74011E-02   1.10414E-10   2.02878E+05  -2.01935E+04  -2.04932E+04  -5.84836E+04  -1.43254E+05
   8.57276E-02   8.81162E-01   1.45116E-02   1.85990E-02   1.28361E-10   2.01678E+05  -2.00816E+04  -2.03811E+04  -5.83714E+04  -1.43142E+05
   8.67276E-02   8.76736E-01   1.66217E-02   1.99146E-02   1.52015E-10   2.00307E+05  -1.99522E+04  -2.02515E+04  -5.82417E+04  -1.43013E+05
   8.77276E-02   8.71630E-01   1.92611E-02   2.13810E-02   1.84783E-10   1.98700E+05  -1.97987E+04  -2.00977E+04  -5.80877E+04  -1.42859E+05
   8.87276E-02   8.65491E-01   2.27230E-02   2.30588E-02   2.33845E-10   1.96737E+05  -1.96086E+04  -1.99073E+04  -5.78972E+04  -1.42669E+05
   8.97276E-02   8.57480E-01   2.77021E-02   2.50901E-02   3.18634E-10   1.94127E+05  -1.93529E+04  -1.96512E+04  -5.76408E+04  -1.42414E+05
   9.07276E-02   8.43840E-01   3.73214E-02   2.81113E-02   5.43928E-10   1.89583E+05  -1.89020E+04  -1.91994E+04  -5.71887E+04  -1.41963E+05

 Phase Region for:
     FCC_A1#2                      
 col-1=X(C), col-2=X(CU), col-3=X(FE), col-4=X(MN), col-5=X(SI), col-6=MU(C), col-7=MU(CU), col-8=MU(FE), col-9=MU(MN), col-10=MU(SI),
   9.72763E-03   9.90082E-01   1.80552E-05   1.72213E-04   9.90272E-13   2.21306E+05  -2.15485E+04  -2.18514E+04  -5.98434E+04  -1.44608E+05
   8.72763E-03   9.91094E-01   1.66792E-05   1.62170E-04   9.91272E-13   2.21027E+05  -2.15459E+04  -2.18487E+04  -5.98407E+04  -1.44605E+05
   7.72763E-03   9.92104E-01   1.54096E-05   1.52722E-04   9.92272E-13   2.20685E+05  -2.15431E+04  -2.18458E+04  -5.98378E+04  -1.44602E+05
   6.72763E-03   9.93114E-01   1.42381E-05   1.43831E-04   9.93272E-13   2.20261E+05  -2.15400E+04  -2.18427E+04  -5.98346E+04  -1.44599E+05
   5.72763E-03   9.94124E-01   1.31570E-05   1.35466E-04   9.94272E-13   2.19731E+05  -2.15367E+04  -2.18393E+04  -5.98312E+04  -1.44596E+05
   4.72763E-03   9.95133E-01   1.21593E-05   1.27594E-04   9.95272E-13   2.19052E+05  -2.15331E+04  -2.18356E+04  -5.98275E+04  -1.44592E+05
   3.72763E-03   9.96141E-01   1.12384E-05   1.20188E-04   9.96272E-13   2.18154E+05  -2.15294E+04  -2.18317E+04  -5.98234E+04  -1.44589E+05
   2.72763E-03   9.97149E-01   1.03885E-05   1.13219E-04   9.97272E-13   2.16900E+05  -2.15253E+04  -2.18275E+04  -5.98191E+04  -1.44585E+05
   1.72763E-03   9.98156E-01   9.60392E-06   1.06663E-04   9.98272E-13   2.14957E+05  -2.15211E+04  -2.18229E+04  -5.98143E+04  -1.44581E+05
   7.27626E-04   9.99163E-01   8.88012E-06   1.00503E-04   9.99272E-13   2.11070E+05  -2.15166E+04  -2.18177E+04  -5.98088E+04  -1.44576E+05
   1.00000E-05   9.99885E-01   8.40029E-06   9.63970E-05   9.99990E-13   1.90806E+05  -2.15132E+04  -2.18109E+04  -5.98002E+04  -1.44574E+05
