
 Phase Region for:
     BCC_A2                        
 col-1=X(C), col-2=X(CU), col-3=X(FE), col-4=X(MN), col-5=X(SI), col-6=MU(C), col-7=MU(CU), col-8=MU(FE), col-9=MU(MN), col-10=MU(SI),
   2.88620E-02   2.67665E-03   9.31473E-01   3.62380E-03   3.33645E-02   5.54350E+04  -1.26434E+04  -2.24679E+04  -4.76480E+04  -1.40888E+05
   9.99900E-03   2.72864E-03   9.49566E-01   3.69419E-03   3.40125E-02   4.94259E+04  -1.24337E+04  -2.22895E+04  -4.61861E+04  -1.42855E+05

 Phase Region for:
     BCC_A2                        
 col-1=X(C), col-2=X(CU), col-3=X(FE), col-4=X(MN), col-5=X(SI), col-6=MU(C), col-7=MU(CU), col-8=MU(FE), col-9=MU(MN), col-10=MU(SI),
   2.88620E-02   2.67665E-03   9.31473E-01   3.62380E-03   3.33645E-02   5.54350E+04  -1.26434E+04  -2.24679E+04  -4.76480E+04  -1.40888E+05
   2.87620E-02   2.67693E-03   9.31569E-01   3.62417E-03   3.33679E-02   5.54147E+04  -1.26422E+04  -2.24670E+04  -4.76400E+04  -1.40898E+05
   2.86620E-02   2.67720E-03   9.31665E-01   3.62455E-03   3.33713E-02   5.53943E+04  -1.26410E+04  -2.24660E+04  -4.76321E+04  -1.40909E+05
   2.85620E-02   2.67748E-03   9.31761E-01   3.62492E-03   3.33748E-02   5.53739E+04  -1.26398E+04  -2.24650E+04  -4.76242E+04  -1.40919E+05
   2.84620E-02   2.67775E-03   9.31857E-01   3.62529E-03   3.33782E-02   5.53534E+04  -1.26386E+04  -2.24640E+04  -4.76163E+04  -1.40930E+05
   2.83620E-02   2.67803E-03   9.31953E-01   3.62566E-03   3.33816E-02   5.53328E+04  -1.26375E+04  -2.24631E+04  -4.76084E+04  -1.40941E+05
   2.82620E-02   2.67831E-03   9.32049E-01   3.62604E-03   3.33851E-02   5.53122E+04  -1.26363E+04  -2.24621E+04  -4.76005E+04  -1.40951E+05
   2.81620E-02   2.67858E-03   9.32144E-01   3.62641E-03   3.33885E-02   5.52915E+04  -1.26351E+04  -2.24611E+04  -4.75926E+04  -1.40962E+05
   2.80620E-02   2.67886E-03   9.32240E-01   3.62678E-03   3.33920E-02   5.52707E+04  -1.26339E+04  -2.24601E+04  -4.75847E+04  -1.40972E+05
   2.79620E-02   2.67913E-03   9.32336E-01   3.62716E-03   3.33954E-02   5.52499E+04  -1.26328E+04  -2.24592E+04  -4.75768E+04  -1.40983E+05
   2.78620E-02   2.67941E-03   9.32432E-01   3.62753E-03   3.33988E-02   5.52290E+04  -1.26316E+04  -2.24582E+04  -4.75689E+04  -1.40994E+05
   2.77620E-02   2.67968E-03   9.32528E-01   3.62790E-03   3.34023E-02   5.52080E+04  -1.26304E+04  -2.24572E+04  -4.75610E+04  -1.41004E+05
   2.76620E-02   2.67996E-03   9.32624E-01   3.62828E-03   3.34057E-02   5.51870E+04  -1.26293E+04  -2.24563E+04  -4.75531E+04  -1.41015E+05
   2.75620E-02   2.68023E-03   9.32720E-01   3.62865E-03   3.34091E-02   5.51658E+04  -1.26281E+04  -2.24553E+04  -4.75452E+04  -1.41025E+05
   2.74620E-02   2.68051E-03   9.32816E-01   3.62902E-03   3.34126E-02   5.51447E+04  -1.26269E+04  -2.24543E+04  -4.75373E+04  -1.41036E+05
   2.73620E-02   2.68079E-03   9.32912E-01   3.62940E-03   3.34160E-02   5.51234E+04  -1.26257E+04  -2.24533E+04  -4.75294E+04  -1.41047E+05
   2.72620E-02   2.68106E-03   9.33008E-01   3.62977E-03   3.34194E-02   5.51021E+04  -1.26246E+04  -2.24524E+04  -4.75215E+04  -1.41057E+05
   2.71620E-02   2.68134E-03   9.33104E-01   3.63014E-03   3.34229E-02   5.50807E+04  -1.26234E+04  -2.24514E+04  -4.75136E+04  -1.41068E+05
   2.70620E-02   2.68161E-03   9.33200E-01   3.63052E-03   3.34263E-02   5.50592E+04  -1.26222E+04  -2.24504E+04  -4.75057E+04  -1.41078E+05
   2.69620E-02   2.68189E-03   9.33295E-01   3.63089E-03   3.34297E-02   5.50377E+04  -1.26211E+04  -2.24495E+04  -4.74978E+04  -1.41089E+05
   2.68620E-02   2.68216E-03   9.33391E-01   3.63126E-03   3.34332E-02   5.50161E+04  -1.26199E+04  -2.24485E+04  -4.74899E+04  -1.41100E+05
   2.67620E-02   2.68244E-03   9.33487E-01   3.63164E-03   3.34366E-02   5.49944E+04  -1.26188E+04  -2.24475E+04  -4.74821E+04  -1.41110E+05
   2.66620E-02   2.68272E-03   9.33583E-01   3.63201E-03   3.34401E-02   5.49726E+04  -1.26176E+04  -2.24466E+04  -4.74742E+04  -1.41121E+05
   2.65620E-02   2.68299E-03   9.33679E-01   3.63238E-03   3.34435E-02   5.49508E+04  -1.26164E+04  -2.24456E+04  -4.74663E+04  -1.41131E+05
   2.64620E-02   2.68327E-03   9.33775E-01   3.63275E-03   3.34469E-02   5.49288E+04  -1.26153E+04  -2.24446E+04  -4.74584E+04  -1.41142E+05
   2.63620E-02   2.68354E-03   9.33871E-01   3.63313E-03   3.34504E-02   5.49068E+04  -1.26141E+04  -2.24437E+04  -4.74505E+04  -1.41152E+05
   2.62620E-02   2.68382E-03   9.33967E-01   3.63350E-03   3.34538E-02   5.48848E+04  -1.26129E+04  -2.24427E+04  -4.74427E+04  -1.41163E+05
   2.61620E-02   2.68409E-03   9.34063E-01   3.63387E-03   3.34572E-02   5.48626E+04  -1.26118E+04  -2.24417E+04  -4.74348E+04  -1.41174E+05
   2.60620E-02   2.68437E-03   9.34159E-01   3.63425E-03   3.34607E-02   5.48404E+04  -1.26106E+04  -2.24408E+04  -4.74269E+04  -1.41184E+05
   2.59620E-02   2.68464E-03   9.34255E-01   3.63462E-03   3.34641E-02   5.48181E+04  -1.26095E+04  -2.24398E+04  -4.74191E+04  -1.41195E+05
   2.58620E-02   2.68492E-03   9.34351E-01   3.63499E-03   3.34675E-02   5.47957E+04  -1.26083E+04  -2.24388E+04  -4.74112E+04  -1.41205E+05
   2.57620E-02   2.68520E-03   9.34446E-01   3.63537E-03   3.34710E-02   5.47732E+04  -1.26072E+04  -2.24379E+04  -4.74033E+04  -1.41216E+05
   2.56620E-02   2.68547E-03   9.34542E-01   3.63574E-03   3.34744E-02   5.47507E+04  -1.26060E+04  -2.24369E+04  -4.73955E+04  -1.41226E+05
   2.55620E-02   2.68575E-03   9.34638E-01   3.63611E-03   3.34778E-02   5.47281E+04  -1.26048E+04  -2.24359E+04  -4.73876E+04  -1.41237E+05
   2.54620E-02   2.68602E-03   9.34734E-01   3.63649E-03   3.34813E-02   5.47053E+04  -1.26037E+04  -2.24350E+04  -4.73798E+04  -1.41247E+05
   2.53620E-02   2.68630E-03   9.34830E-01   3.63686E-03   3.34847E-02   5.46825E+04  -1.26025E+04  -2.24340E+04  -4.73719E+04  -1.41258E+05
   2.52620E-02   2.68657E-03   9.34926E-01   3.63723E-03   3.34882E-02   5.46597E+04  -1.26014E+04  -2.24331E+04  -4.73640E+04  -1.41269E+05
   2.51620E-02   2.68685E-03   9.35022E-01   3.63761E-03   3.34916E-02   5.46367E+04  -1.26002E+04  -2.24321E+04  -4.73562E+04  -1.41279E+05
   2.50620E-02   2.68713E-03   9.35118E-01   3.63798E-03   3.34950E-02   5.46137E+04  -1.25991E+04  -2.24311E+04  -4.73483E+04  -1.41290E+05
   2.49620E-02   2.68740E-03   9.35214E-01   3.63835E-03   3.34985E-02   5.45905E+04  -1.25979E+04  -2.24302E+04  -4.73405E+04  -1.41300E+05
   2.48620E-02   2.68768E-03   9.35310E-01   3.63872E-03   3.35019E-02   5.45673E+04  -1.25968E+04  -2.24292E+04  -4.73326E+04  -1.41311E+05
   2.47620E-02   2.68795E-03   9.35406E-01   3.63910E-03   3.35053E-02   5.45440E+04  -1.25956E+04  -2.24282E+04  -4.73248E+04  -1.41321E+05
   2.46620E-02   2.68823E-03   9.35502E-01   3.63947E-03   3.35088E-02   5.45206E+04  -1.25945E+04  -2.24273E+04  -4.73170E+04  -1.41332E+05
   2.45620E-02   2.68850E-03   9.35597E-01   3.63984E-03   3.35122E-02   5.44971E+04  -1.25933E+04  -2.24263E+04  -4.73091E+04  -1.41342E+05
   2.44620E-02   2.68878E-03   9.35693E-01   3.64022E-03   3.35156E-02   5.44736E+04  -1.25922E+04  -2.24254E+04  -4.73013E+04  -1.41353E+05
   2.43620E-02   2.68905E-03   9.35789E-01   3.64059E-03   3.35191E-02   5.44499E+04  -1.25910E+04  -2.24244E+04  -4.72934E+04  -1.41363E+05
   2.42620E-02   2.68933E-03   9.35885E-01   3.64096E-03   3.35225E-02   5.44261E+04  -1.25899E+04  -2.24234E+04  -4.72856E+04  -1.41374E+05
   2.41620E-02   2.68961E-03   9.35981E-01   3.64134E-03   3.35259E-02   5.44023E+04  -1.25887E+04  -2.24225E+04  -4.72778E+04  -1.41384E+05
   2.40620E-02   2.68988E-03   9.36077E-01   3.64171E-03   3.35294E-02   5.43784E+04  -1.25876E+04  -2.24215E+04  -4.72699E+04  -1.41395E+05
   2.39620E-02   2.69016E-03   9.36173E-01   3.64208E-03   3.35328E-02   5.43543E+04  -1.25865E+04  -2.24206E+04  -4.72621E+04  -1.41405E+05
   2.38620E-02   2.69043E-03   9.36269E-01   3.64246E-03   3.35363E-02   5.43302E+04  -1.25853E+04  -2.24196E+04  -4.72543E+04  -1.41416E+05
   2.37620E-02   2.69071E-03   9.36365E-01   3.64283E-03   3.35397E-02   5.43060E+04  -1.25842E+04  -2.24186E+04  -4.72464E+04  -1.41426E+05
   2.36620E-02   2.69098E-03   9.36461E-01   3.64320E-03   3.35431E-02   5.42817E+04  -1.25830E+04  -2.24177E+04  -4.72386E+04  -1.41437E+05
   2.35620E-02   2.69126E-03   9.36557E-01   3.64358E-03   3.35466E-02   5.42573E+04  -1.25819E+04  -2.24167E+04  -4.72308E+04  -1.41447E+05
   2.34620E-02   2.69154E-03   9.36653E-01   3.64395E-03   3.35500E-02   5.42328E+04  -1.25807E+04  -2.24158E+04  -4.72230E+04  -1.41458E+05
   2.33620E-02   2.69181E-03   9.36748E-01   3.64432E-03   3.35534E-02   5.42082E+04  -1.25796E+04  -2.24148E+04  -4.72152E+04  -1.41469E+05
   2.32620E-02   2.69209E-03   9.36844E-01   3.64470E-03   3.35569E-02   5.41835E+04  -1.25785E+04  -2.24139E+04  -4.72073E+04  -1.41479E+05
   2.31620E-02   2.69236E-03   9.36940E-01   3.64507E-03   3.35603E-02   5.41587E+04  -1.25773E+04  -2.24129E+04  -4.71995E+04  -1.41490E+05
   2.30620E-02   2.69264E-03   9.37036E-01   3.64544E-03   3.35637E-02   5.41338E+04  -1.25762E+04  -2.24119E+04  -4.71917E+04  -1.41500E+05
   2.29620E-02   2.69291E-03   9.37132E-01   3.64581E-03   3.35672E-02   5.41088E+04  -1.25751E+04  -2.24110E+04  -4.71839E+04  -1.41511E+05
   2.28620E-02   2.69319E-03   9.37228E-01   3.64619E-03   3.35706E-02   5.40837E+04  -1.25739E+04  -2.24100E+04  -4.71761E+04  -1.41521E+05
   2.27620E-02   2.69346E-03   9.37324E-01   3.64656E-03   3.35740E-02   5.40585E+04  -1.25728E+04  -2.24091E+04  -4.71683E+04  -1.41532E+05
   2.26620E-02   2.69374E-03   9.37420E-01   3.64693E-03   3.35775E-02   5.40332E+04  -1.25717E+04  -2.24081E+04  -4.71605E+04  -1.41542E+05
   2.25620E-02   2.69402E-03   9.37516E-01   3.64731E-03   3.35809E-02   5.40078E+04  -1.25705E+04  -2.24072E+04  -4.71527E+04  -1.41553E+05
   2.24620E-02   2.69429E-03   9.37612E-01   3.64768E-03   3.35843E-02   5.39822E+04  -1.25694E+04  -2.24062E+04  -4.71449E+04  -1.41563E+05
   2.23620E-02   2.69457E-03   9.37708E-01   3.64805E-03   3.35878E-02   5.39566E+04  -1.25683E+04  -2.24053E+04  -4.71371E+04  -1.41573E+05
   2.22620E-02   2.69484E-03   9.37803E-01   3.64843E-03   3.35912E-02   5.39309E+04  -1.25671E+04  -2.24043E+04  -4.71293E+04  -1.41584E+05
   2.21620E-02   2.69512E-03   9.37899E-01   3.64880E-03   3.35947E-02   5.39050E+04  -1.25660E+04  -2.24033E+04  -4.71215E+04  -1.41594E+05
   2.20620E-02   2.69539E-03   9.37995E-01   3.64917E-03   3.35981E-02   5.38791E+04  -1.25649E+04  -2.24024E+04  -4.71137E+04  -1.41605E+05
   2.19620E-02   2.69567E-03   9.38091E-01   3.64955E-03   3.36015E-02   5.38530E+04  -1.25637E+04  -2.24014E+04  -4.71059E+04  -1.41615E+05
   2.18620E-02   2.69595E-03   9.38187E-01   3.64992E-03   3.36050E-02   5.38269E+04  -1.25626E+04  -2.24005E+04  -4.70981E+04  -1.41626E+05
   2.17620E-02   2.69622E-03   9.38283E-01   3.65029E-03   3.36084E-02   5.38006E+04  -1.25615E+04  -2.23995E+04  -4.70903E+04  -1.41636E+05
   2.16620E-02   2.69650E-03   9.38379E-01   3.65067E-03   3.36118E-02   5.37742E+04  -1.25603E+04  -2.23986E+04  -4.70825E+04  -1.41647E+05
   2.15620E-02   2.69677E-03   9.38475E-01   3.65104E-03   3.36153E-02   5.37477E+04  -1.25592E+04  -2.23976E+04  -4.70747E+04  -1.41657E+05
   2.14620E-02   2.69705E-03   9.38571E-01   3.65141E-03   3.36187E-02   5.37210E+04  -1.25581E+04  -2.23967E+04  -4.70669E+04  -1.41668E+05
   2.13620E-02   2.69732E-03   9.38667E-01   3.65179E-03   3.36221E-02   5.36943E+04  -1.25570E+04  -2.23957E+04  -4.70591E+04  -1.41678E+05
   2.12620E-02   2.69760E-03   9.38763E-01   3.65216E-03   3.36256E-02   5.36674E+04  -1.25558E+04  -2.23948E+04  -4.70513E+04  -1.41689E+05
   2.11620E-02   2.69787E-03   9.38859E-01   3.65253E-03   3.36290E-02   5.36404E+04  -1.25547E+04  -2.23938E+04  -4.70436E+04  -1.41699E+05
   2.10620E-02   2.69815E-03   9.38954E-01   3.65290E-03   3.36324E-02   5.36133E+04  -1.25536E+04  -2.23929E+04  -4.70358E+04  -1.41710E+05
   2.09620E-02   2.69843E-03   9.39050E-01   3.65328E-03   3.36359E-02   5.35861E+04  -1.25525E+04  -2.23919E+04  -4.70280E+04  -1.41720E+05
   2.08620E-02   2.69870E-03   9.39146E-01   3.65365E-03   3.36393E-02   5.35588E+04  -1.25514E+04  -2.23910E+04  -4.70202E+04  -1.41731E+05
   2.07620E-02   2.69898E-03   9.39242E-01   3.65402E-03   3.36428E-02   5.35313E+04  -1.25502E+04  -2.23900E+04  -4.70125E+04  -1.41741E+05
   2.06620E-02   2.69925E-03   9.39338E-01   3.65440E-03   3.36462E-02   5.35037E+04  -1.25491E+04  -2.23891E+04  -4.70047E+04  -1.41752E+05
   2.05620E-02   2.69953E-03   9.39434E-01   3.65477E-03   3.36496E-02   5.34760E+04  -1.25480E+04  -2.23881E+04  -4.69969E+04  -1.41762E+05
   2.04620E-02   2.69980E-03   9.39530E-01   3.65514E-03   3.36531E-02   5.34481E+04  -1.25469E+04  -2.23872E+04  -4.69892E+04  -1.41772E+05
   2.03620E-02   2.70008E-03   9.39626E-01   3.65552E-03   3.36565E-02   5.34202E+04  -1.25458E+04  -2.23862E+04  -4.69814E+04  -1.41783E+05
   2.02620E-02   2.70036E-03   9.39722E-01   3.65589E-03   3.36599E-02   5.33921E+04  -1.25446E+04  -2.23853E+04  -4.69736E+04  -1.41793E+05
   2.01620E-02   2.70063E-03   9.39818E-01   3.65626E-03   3.36634E-02   5.33638E+04  -1.25435E+04  -2.23843E+04  -4.69659E+04  -1.41804E+05
   2.00620E-02   2.70091E-03   9.39914E-01   3.65664E-03   3.36668E-02   5.33355E+04  -1.25424E+04  -2.23834E+04  -4.69581E+04  -1.41814E+05
   1.99620E-02   2.70118E-03   9.40010E-01   3.65701E-03   3.36702E-02   5.33070E+04  -1.25413E+04  -2.23824E+04  -4.69503E+04  -1.41825E+05
   1.98620E-02   2.70146E-03   9.40105E-01   3.65738E-03   3.36737E-02   5.32783E+04  -1.25402E+04  -2.23815E+04  -4.69426E+04  -1.41835E+05
   1.97620E-02   2.70173E-03   9.40201E-01   3.65776E-03   3.36771E-02   5.32495E+04  -1.25391E+04  -2.23805E+04  -4.69348E+04  -1.41846E+05
   1.96620E-02   2.70201E-03   9.40297E-01   3.65813E-03   3.36805E-02   5.32206E+04  -1.25380E+04  -2.23796E+04  -4.69271E+04  -1.41856E+05
   1.95620E-02   2.70228E-03   9.40393E-01   3.65850E-03   3.36840E-02   5.31916E+04  -1.25368E+04  -2.23786E+04  -4.69193E+04  -1.41866E+05
   1.94620E-02   2.70256E-03   9.40489E-01   3.65888E-03   3.36874E-02   5.31624E+04  -1.25357E+04  -2.23777E+04  -4.69116E+04  -1.41877E+05
   1.93620E-02   2.70284E-03   9.40585E-01   3.65925E-03   3.36909E-02   5.31331E+04  -1.25346E+04  -2.23768E+04  -4.69038E+04  -1.41887E+05
   1.92620E-02   2.70311E-03   9.40681E-01   3.65962E-03   3.36943E-02   5.31036E+04  -1.25335E+04  -2.23758E+04  -4.68961E+04  -1.41898E+05
   1.91620E-02   2.70339E-03   9.40777E-01   3.65999E-03   3.36977E-02   5.30740E+04  -1.25324E+04  -2.23749E+04  -4.68883E+04  -1.41908E+05
   1.90620E-02   2.70366E-03   9.40873E-01   3.66037E-03   3.37012E-02   5.30442E+04  -1.25313E+04  -2.23739E+04  -4.68806E+04  -1.41919E+05
   1.89620E-02   2.70394E-03   9.40969E-01   3.66074E-03   3.37046E-02   5.30143E+04  -1.25302E+04  -2.23730E+04  -4.68728E+04  -1.41929E+05
   1.88620E-02   2.70421E-03   9.41065E-01   3.66111E-03   3.37080E-02   5.29842E+04  -1.25291E+04  -2.23720E+04  -4.68651E+04  -1.41939E+05
   1.87620E-02   2.70449E-03   9.41161E-01   3.66149E-03   3.37115E-02   5.29540E+04  -1.25280E+04  -2.23711E+04  -4.68574E+04  -1.41950E+05
   1.86620E-02   2.70477E-03   9.41256E-01   3.66186E-03   3.37149E-02   5.29236E+04  -1.25269E+04  -2.23701E+04  -4.68496E+04  -1.41960E+05
   1.85620E-02   2.70504E-03   9.41352E-01   3.66223E-03   3.37183E-02   5.28931E+04  -1.25258E+04  -2.23692E+04  -4.68419E+04  -1.41971E+05
   1.84620E-02   2.70532E-03   9.41448E-01   3.66261E-03   3.37218E-02   5.28624E+04  -1.25247E+04  -2.23683E+04  -4.68342E+04  -1.41981E+05
   1.83620E-02   2.70559E-03   9.41544E-01   3.66298E-03   3.37252E-02   5.28316E+04  -1.25236E+04  -2.23673E+04  -4.68264E+04  -1.41991E+05
   1.82620E-02   2.70587E-03   9.41640E-01   3.66335E-03   3.37286E-02   5.28006E+04  -1.25225E+04  -2.23664E+04  -4.68187E+04  -1.42002E+05
   1.81620E-02   2.70614E-03   9.41736E-01   3.66373E-03   3.37321E-02   5.27694E+04  -1.25213E+04  -2.23654E+04  -4.68110E+04  -1.42012E+05
   1.80620E-02   2.70642E-03   9.41832E-01   3.66410E-03   3.37355E-02   5.27381E+04  -1.25202E+04  -2.23645E+04  -4.68032E+04  -1.42023E+05
   1.79620E-02   2.70669E-03   9.41928E-01   3.66447E-03   3.37390E-02   5.27066E+04  -1.25191E+04  -2.23635E+04  -4.67955E+04  -1.42033E+05
   1.78620E-02   2.70697E-03   9.42024E-01   3.66485E-03   3.37424E-02   5.26750E+04  -1.25180E+04  -2.23626E+04  -4.67878E+04  -1.42043E+05
   1.77620E-02   2.70725E-03   9.42120E-01   3.66522E-03   3.37458E-02   5.26431E+04  -1.25169E+04  -2.23617E+04  -4.67801E+04  -1.42054E+05
   1.76620E-02   2.70752E-03   9.42216E-01   3.66559E-03   3.37493E-02   5.26111E+04  -1.25158E+04  -2.23607E+04  -4.67724E+04  -1.42064E+05
   1.75620E-02   2.70780E-03   9.42312E-01   3.66596E-03   3.37527E-02   5.25790E+04  -1.25147E+04  -2.23598E+04  -4.67646E+04  -1.42075E+05
   1.74620E-02   2.70807E-03   9.42407E-01   3.66634E-03   3.37561E-02   5.25466E+04  -1.25137E+04  -2.23588E+04  -4.67569E+04  -1.42085E+05
   1.73620E-02   2.70835E-03   9.42503E-01   3.66671E-03   3.37596E-02   5.25141E+04  -1.25126E+04  -2.23579E+04  -4.67492E+04  -1.42095E+05
   1.72620E-02   2.70862E-03   9.42599E-01   3.66708E-03   3.37630E-02   5.24814E+04  -1.25115E+04  -2.23570E+04  -4.67415E+04  -1.42106E+05
   1.71620E-02   2.70890E-03   9.42695E-01   3.66746E-03   3.37664E-02   5.24486E+04  -1.25104E+04  -2.23560E+04  -4.67338E+04  -1.42116E+05
   1.70620E-02   2.70918E-03   9.42791E-01   3.66783E-03   3.37699E-02   5.24155E+04  -1.25093E+04  -2.23551E+04  -4.67261E+04  -1.42127E+05
   1.69620E-02   2.70945E-03   9.42887E-01   3.66820E-03   3.37733E-02   5.23823E+04  -1.25082E+04  -2.23541E+04  -4.67184E+04  -1.42137E+05
   1.68620E-02   2.70973E-03   9.42983E-01   3.66858E-03   3.37767E-02   5.23488E+04  -1.25071E+04  -2.23532E+04  -4.67107E+04  -1.42147E+05
   1.67620E-02   2.71000E-03   9.43079E-01   3.66895E-03   3.37802E-02   5.23152E+04  -1.25060E+04  -2.23523E+04  -4.67030E+04  -1.42158E+05
   1.66620E-02   2.71028E-03   9.43175E-01   3.66932E-03   3.37836E-02   5.22814E+04  -1.25049E+04  -2.23513E+04  -4.66953E+04  -1.42168E+05
   1.65620E-02   2.71055E-03   9.43271E-01   3.66970E-03   3.37870E-02   5.22474E+04  -1.25038E+04  -2.23504E+04  -4.66876E+04  -1.42179E+05
   1.64620E-02   2.71083E-03   9.43367E-01   3.67007E-03   3.37905E-02   5.22132E+04  -1.25027E+04  -2.23495E+04  -4.66799E+04  -1.42189E+05
   1.63620E-02   2.71110E-03   9.43463E-01   3.67044E-03   3.37939E-02   5.21788E+04  -1.25016E+04  -2.23485E+04  -4.66722E+04  -1.42199E+05
   1.62620E-02   2.71138E-03   9.43558E-01   3.67082E-03   3.37974E-02   5.21442E+04  -1.25005E+04  -2.23476E+04  -4.66645E+04  -1.42210E+05
   1.61620E-02   2.71166E-03   9.43654E-01   3.67119E-03   3.38008E-02   5.21094E+04  -1.24995E+04  -2.23466E+04  -4.66568E+04  -1.42220E+05
   1.60620E-02   2.71193E-03   9.43750E-01   3.67156E-03   3.38042E-02   5.20744E+04  -1.24984E+04  -2.23457E+04  -4.66491E+04  -1.42230E+05
   1.59620E-02   2.71221E-03   9.43846E-01   3.67194E-03   3.38077E-02   5.20392E+04  -1.24973E+04  -2.23448E+04  -4.66414E+04  -1.42241E+05
   1.58620E-02   2.71248E-03   9.43942E-01   3.67231E-03   3.38111E-02   5.20037E+04  -1.24962E+04  -2.23438E+04  -4.66337E+04  -1.42251E+05
   1.57620E-02   2.71276E-03   9.44038E-01   3.67268E-03   3.38145E-02   5.19681E+04  -1.24951E+04  -2.23429E+04  -4.66260E+04  -1.42261E+05
   1.56620E-02   2.71303E-03   9.44134E-01   3.67305E-03   3.38180E-02   5.19322E+04  -1.24940E+04  -2.23420E+04  -4.66184E+04  -1.42272E+05
   1.55620E-02   2.71331E-03   9.44230E-01   3.67343E-03   3.38214E-02   5.18961E+04  -1.24929E+04  -2.23410E+04  -4.66107E+04  -1.42282E+05
   1.54620E-02   2.71358E-03   9.44326E-01   3.67380E-03   3.38248E-02   5.18598E+04  -1.24919E+04  -2.23401E+04  -4.66030E+04  -1.42293E+05
   1.53620E-02   2.71386E-03   9.44422E-01   3.67417E-03   3.38283E-02   5.18233E+04  -1.24908E+04  -2.23392E+04  -4.65953E+04  -1.42303E+05
   1.52620E-02   2.71414E-03   9.44518E-01   3.67455E-03   3.38317E-02   5.17866E+04  -1.24897E+04  -2.23382E+04  -4.65876E+04  -1.42313E+05
   1.51620E-02   2.71441E-03   9.44614E-01   3.67492E-03   3.38351E-02   5.17496E+04  -1.24886E+04  -2.23373E+04  -4.65800E+04  -1.42324E+05
   1.50620E-02   2.71469E-03   9.44709E-01   3.67529E-03   3.38386E-02   5.17123E+04  -1.24875E+04  -2.23364E+04  -4.65723E+04  -1.42334E+05
   1.49620E-02   2.71496E-03   9.44805E-01   3.67567E-03   3.38420E-02   5.16749E+04  -1.24864E+04  -2.23354E+04  -4.65646E+04  -1.42344E+05
   1.48620E-02   2.71524E-03   9.44901E-01   3.67604E-03   3.38455E-02   5.16372E+04  -1.24854E+04  -2.23345E+04  -4.65569E+04  -1.42355E+05
   1.47620E-02   2.71551E-03   9.44997E-01   3.67641E-03   3.38489E-02   5.15993E+04  -1.24843E+04  -2.23336E+04  -4.65493E+04  -1.42365E+05
   1.46620E-02   2.71579E-03   9.45093E-01   3.67679E-03   3.38523E-02   5.15611E+04  -1.24832E+04  -2.23326E+04  -4.65416E+04  -1.42375E+05
   1.45620E-02   2.71607E-03   9.45189E-01   3.67716E-03   3.38558E-02   5.15226E+04  -1.24821E+04  -2.23317E+04  -4.65340E+04  -1.42386E+05
   1.44620E-02   2.71634E-03   9.45285E-01   3.67753E-03   3.38592E-02   5.14839E+04  -1.24811E+04  -2.23308E+04  -4.65263E+04  -1.42396E+05
   1.43620E-02   2.71662E-03   9.45381E-01   3.67791E-03   3.38626E-02   5.14450E+04  -1.24800E+04  -2.23298E+04  -4.65186E+04  -1.42406E+05
   1.42620E-02   2.71689E-03   9.45477E-01   3.67828E-03   3.38661E-02   5.14058E+04  -1.24789E+04  -2.23289E+04  -4.65110E+04  -1.42417E+05
   1.41620E-02   2.71717E-03   9.45573E-01   3.67865E-03   3.38695E-02   5.13663E+04  -1.24778E+04  -2.23280E+04  -4.65033E+04  -1.42427E+05
   1.40620E-02   2.71744E-03   9.45669E-01   3.67903E-03   3.38729E-02   5.13265E+04  -1.24768E+04  -2.23270E+04  -4.64957E+04  -1.42437E+05
   1.39620E-02   2.71772E-03   9.45764E-01   3.67940E-03   3.38764E-02   5.12865E+04  -1.24757E+04  -2.23261E+04  -4.64880E+04  -1.42448E+05
   1.38620E-02   2.71799E-03   9.45860E-01   3.67977E-03   3.38798E-02   5.12462E+04  -1.24746E+04  -2.23252E+04  -4.64803E+04  -1.42458E+05
   1.37620E-02   2.71827E-03   9.45956E-01   3.68014E-03   3.38832E-02   5.12057E+04  -1.24735E+04  -2.23243E+04  -4.64727E+04  -1.42468E+05
   1.36620E-02   2.71855E-03   9.46052E-01   3.68052E-03   3.38867E-02   5.11648E+04  -1.24725E+04  -2.23233E+04  -4.64651E+04  -1.42479E+05
   1.35620E-02   2.71882E-03   9.46148E-01   3.68089E-03   3.38901E-02   5.11237E+04  -1.24714E+04  -2.23224E+04  -4.64574E+04  -1.42489E+05
   1.34620E-02   2.71910E-03   9.46244E-01   3.68126E-03   3.38936E-02   5.10822E+04  -1.24703E+04  -2.23215E+04  -4.64498E+04  -1.42499E+05
   1.33620E-02   2.71937E-03   9.46340E-01   3.68164E-03   3.38970E-02   5.10405E+04  -1.24693E+04  -2.23205E+04  -4.64421E+04  -1.42510E+05
   1.32620E-02   2.71965E-03   9.46436E-01   3.68201E-03   3.39004E-02   5.09984E+04  -1.24682E+04  -2.23196E+04  -4.64345E+04  -1.42520E+05
   1.31620E-02   2.71992E-03   9.46532E-01   3.68238E-03   3.39039E-02   5.09561E+04  -1.24671E+04  -2.23187E+04  -4.64268E+04  -1.42530E+05
   1.30620E-02   2.72020E-03   9.46628E-01   3.68276E-03   3.39073E-02   5.09134E+04  -1.24661E+04  -2.23178E+04  -4.64192E+04  -1.42541E+05
   1.29620E-02   2.72048E-03   9.46724E-01   3.68313E-03   3.39107E-02   5.08705E+04  -1.24650E+04  -2.23168E+04  -4.64116E+04  -1.42551E+05
   1.28620E-02   2.72075E-03   9.46820E-01   3.68350E-03   3.39142E-02   5.08272E+04  -1.24639E+04  -2.23159E+04  -4.64039E+04  -1.42561E+05
   1.27620E-02   2.72103E-03   9.46915E-01   3.68388E-03   3.39176E-02   5.07836E+04  -1.24629E+04  -2.23150E+04  -4.63963E+04  -1.42571E+05
   1.26620E-02   2.72130E-03   9.47011E-01   3.68425E-03   3.39210E-02   5.07396E+04  -1.24618E+04  -2.23141E+04  -4.63887E+04  -1.42582E+05
   1.25620E-02   2.72158E-03   9.47107E-01   3.68462E-03   3.39245E-02   5.06953E+04  -1.24607E+04  -2.23131E+04  -4.63810E+04  -1.42592E+05
   1.24620E-02   2.72185E-03   9.47203E-01   3.68500E-03   3.39279E-02   5.06507E+04  -1.24597E+04  -2.23122E+04  -4.63734E+04  -1.42602E+05
   1.23620E-02   2.72213E-03   9.47299E-01   3.68537E-03   3.39313E-02   5.06057E+04  -1.24586E+04  -2.23113E+04  -4.63658E+04  -1.42613E+05
   1.22620E-02   2.72240E-03   9.47395E-01   3.68574E-03   3.39348E-02   5.05604E+04  -1.24575E+04  -2.23104E+04  -4.63582E+04  -1.42623E+05
   1.21620E-02   2.72268E-03   9.47491E-01   3.68611E-03   3.39382E-02   5.05147E+04  -1.24565E+04  -2.23094E+04  -4.63505E+04  -1.42633E+05
   1.20620E-02   2.72296E-03   9.47587E-01   3.68649E-03   3.39417E-02   5.04687E+04  -1.24554E+04  -2.23085E+04  -4.63429E+04  -1.42644E+05
   1.19620E-02   2.72323E-03   9.47683E-01   3.68686E-03   3.39451E-02   5.04223E+04  -1.24544E+04  -2.23076E+04  -4.63353E+04  -1.42654E+05
   1.18620E-02   2.72351E-03   9.47779E-01   3.68723E-03   3.39485E-02   5.03755E+04  -1.24533E+04  -2.23067E+04  -4.63277E+04  -1.42664E+05
   1.17620E-02   2.72378E-03   9.47875E-01   3.68761E-03   3.39520E-02   5.03283E+04  -1.24523E+04  -2.23057E+04  -4.63201E+04  -1.42674E+05
   1.16620E-02   2.72406E-03   9.47971E-01   3.68798E-03   3.39554E-02   5.02807E+04  -1.24512E+04  -2.23048E+04  -4.63124E+04  -1.42685E+05
   1.15620E-02   2.72433E-03   9.48066E-01   3.68835E-03   3.39588E-02   5.02328E+04  -1.24501E+04  -2.23039E+04  -4.63048E+04  -1.42695E+05
   1.14620E-02   2.72461E-03   9.48162E-01   3.68873E-03   3.39623E-02   5.01844E+04  -1.24491E+04  -2.23030E+04  -4.62972E+04  -1.42705E+05
   1.13620E-02   2.72489E-03   9.48258E-01   3.68910E-03   3.39657E-02   5.01356E+04  -1.24480E+04  -2.23020E+04  -4.62896E+04  -1.42716E+05
   1.12620E-02   2.72516E-03   9.48354E-01   3.68947E-03   3.39691E-02   5.00865E+04  -1.24470E+04  -2.23011E+04  -4.62820E+04  -1.42726E+05
   1.11620E-02   2.72544E-03   9.48450E-01   3.68985E-03   3.39726E-02   5.00368E+04  -1.24459E+04  -2.23002E+04  -4.62744E+04  -1.42736E+05
   1.10620E-02   2.72571E-03   9.48546E-01   3.69022E-03   3.39760E-02   4.99868E+04  -1.24449E+04  -2.22993E+04  -4.62668E+04  -1.42746E+05
   1.09620E-02   2.72599E-03   9.48642E-01   3.69059E-03   3.39794E-02   4.99363E+04  -1.24438E+04  -2.22984E+04  -4.62592E+04  -1.42757E+05
   1.08620E-02   2.72626E-03   9.48738E-01   3.69097E-03   3.39829E-02   4.98854E+04  -1.24428E+04  -2.22974E+04  -4.62516E+04  -1.42767E+05
   1.07620E-02   2.72654E-03   9.48834E-01   3.69134E-03   3.39863E-02   4.98340E+04  -1.24417E+04  -2.22965E+04  -4.62440E+04  -1.42777E+05
   1.06620E-02   2.72681E-03   9.48930E-01   3.69171E-03   3.39898E-02   4.97821E+04  -1.24407E+04  -2.22956E+04  -4.62364E+04  -1.42787E+05
   1.05620E-02   2.72709E-03   9.49026E-01   3.69209E-03   3.39932E-02   4.97298E+04  -1.24396E+04  -2.22947E+04  -4.62288E+04  -1.42798E+05
   1.04620E-02   2.72737E-03   9.49122E-01   3.69246E-03   3.39966E-02   4.96770E+04  -1.24386E+04  -2.22938E+04  -4.62212E+04  -1.42808E+05
   1.03620E-02   2.72764E-03   9.49217E-01   3.69283E-03   3.40001E-02   4.96237E+04  -1.24375E+04  -2.22928E+04  -4.62136E+04  -1.42818E+05
   1.02620E-02   2.72792E-03   9.49313E-01   3.69320E-03   3.40035E-02   4.95699E+04  -1.24365E+04  -2.22919E+04  -4.62060E+04  -1.42828E+05
   1.01620E-02   2.72819E-03   9.49409E-01   3.69358E-03   3.40069E-02   4.95155E+04  -1.24354E+04  -2.22910E+04  -4.61984E+04  -1.42839E+05
   1.00620E-02   2.72847E-03   9.49505E-01   3.69395E-03   3.40104E-02   4.94607E+04  -1.24344E+04  -2.22901E+04  -4.61909E+04  -1.42849E+05
   9.96201E-03   2.72874E-03   9.49601E-01   3.69432E-03   3.40138E-02   4.94053E+04  -1.24333E+04  -2.22892E+04  -4.61833E+04  -1.42859E+05
   9.86201E-03   2.72902E-03   9.49697E-01   3.69470E-03   3.40172E-02   4.93494E+04  -1.24323E+04  -2.22882E+04  -4.61757E+04  -1.42869E+05
   9.76201E-03   2.72930E-03   9.49793E-01   3.69507E-03   3.40207E-02   4.92929E+04  -1.24312E+04  -2.22873E+04  -4.61681E+04  -1.42880E+05
   9.66201E-03   2.72957E-03   9.49889E-01   3.69544E-03   3.40241E-02   4.92359E+04  -1.24302E+04  -2.22864E+04  -4.61605E+04  -1.42890E+05
   9.56201E-03   2.72985E-03   9.49985E-01   3.69582E-03   3.40275E-02   4.91783E+04  -1.24291E+04  -2.22855E+04  -4.61529E+04  -1.42900E+05
   9.46201E-03   2.73012E-03   9.50081E-01   3.69619E-03   3.40310E-02   4.91201E+04  -1.24281E+04  -2.22846E+04  -4.61454E+04  -1.42910E+05
   9.36201E-03   2.73040E-03   9.50177E-01   3.69656E-03   3.40344E-02   4.90613E+04  -1.24271E+04  -2.22837E+04  -4.61378E+04  -1.42921E+05
   9.26201E-03   2.73067E-03   9.50273E-01   3.69694E-03   3.40378E-02   4.90019E+04  -1.24260E+04  -2.22827E+04  -4.61302E+04  -1.42931E+05
   9.16201E-03   2.73095E-03   9.50368E-01   3.69731E-03   3.40413E-02   4.89418E+04  -1.24250E+04  -2.22818E+04  -4.61227E+04  -1.42941E+05
   9.06201E-03   2.73122E-03   9.50464E-01   3.69768E-03   3.40447E-02   4.88811E+04  -1.24239E+04  -2.22809E+04  -4.61151E+04  -1.42951E+05
   8.96201E-03   2.73150E-03   9.50560E-01   3.69806E-03   3.40482E-02   4.88198E+04  -1.24229E+04  -2.22800E+04  -4.61075E+04  -1.42962E+05
   8.86201E-03   2.73178E-03   9.50656E-01   3.69843E-03   3.40516E-02   4.87578E+04  -1.24219E+04  -2.22791E+04  -4.61000E+04  -1.42972E+05
   8.76201E-03   2.73205E-03   9.50752E-01   3.69880E-03   3.40550E-02   4.86951E+04  -1.24208E+04  -2.22782E+04  -4.60924E+04  -1.42982E+05
   8.66201E-03   2.73233E-03   9.50848E-01   3.69918E-03   3.40585E-02   4.86317E+04  -1.24198E+04  -2.22772E+04  -4.60848E+04  -1.42992E+05
   8.56201E-03   2.73260E-03   9.50944E-01   3.69955E-03   3.40619E-02   4.85676E+04  -1.24188E+04  -2.22763E+04  -4.60773E+04  -1.43003E+05
   8.46201E-03   2.73288E-03   9.51040E-01   3.69992E-03   3.40653E-02   4.85027E+04  -1.24177E+04  -2.22754E+04  -4.60697E+04  -1.43013E+05
   8.36201E-03   2.73315E-03   9.51136E-01   3.70029E-03   3.40688E-02   4.84371E+04  -1.24167E+04  -2.22745E+04  -4.60621E+04  -1.43023E+05
   8.26201E-03   2.73343E-03   9.51232E-01   3.70067E-03   3.40722E-02   4.83707E+04  -1.24157E+04  -2.22736E+04  -4.60546E+04  -1.43033E+05
   8.16201E-03   2.73371E-03   9.51328E-01   3.70104E-03   3.40756E-02   4.83036E+04  -1.24146E+04  -2.22727E+04  -4.60470E+04  -1.43043E+05
   8.06201E-03   2.73398E-03   9.51424E-01   3.70141E-03   3.40791E-02   4.82356E+04  -1.24136E+04  -2.22718E+04  -4.60395E+04  -1.43054E+05
   7.96201E-03   2.73426E-03   9.51519E-01   3.70179E-03   3.40825E-02   4.81668E+04  -1.24126E+04  -2.22708E+04  -4.60319E+04  -1.43064E+05
   7.86201E-03   2.73453E-03   9.51615E-01   3.70216E-03   3.40859E-02   4.80971E+04  -1.24115E+04  -2.22699E+04  -4.60244E+04  -1.43074E+05
   7.76201E-03   2.73481E-03   9.51711E-01   3.70253E-03   3.40894E-02   4.80266E+04  -1.24105E+04  -2.22690E+04  -4.60168E+04  -1.43084E+05
   7.66201E-03   2.73508E-03   9.51807E-01   3.70291E-03   3.40928E-02   4.79552E+04  -1.24095E+04  -2.22681E+04  -4.60093E+04  -1.43094E+05
   7.56201E-03   2.73536E-03   9.51903E-01   3.70328E-03   3.40963E-02   4.78828E+04  -1.24084E+04  -2.22672E+04  -4.60018E+04  -1.43105E+05
   7.46201E-03   2.73563E-03   9.51999E-01   3.70365E-03   3.40997E-02   4.78096E+04  -1.24074E+04  -2.22663E+04  -4.59942E+04  -1.43115E+05
   7.36201E-03   2.73591E-03   9.52095E-01   3.70403E-03   3.41031E-02   4.77353E+04  -1.24064E+04  -2.22654E+04  -4.59867E+04  -1.43125E+05
   7.26201E-03   2.73619E-03   9.52191E-01   3.70440E-03   3.41066E-02   4.76601E+04  -1.24053E+04  -2.22645E+04  -4.59791E+04  -1.43135E+05
   7.16201E-03   2.73646E-03   9.52287E-01   3.70477E-03   3.41100E-02   4.75838E+04  -1.24043E+04  -2.22636E+04  -4.59716E+04  -1.43145E+05
   7.06201E-03   2.73674E-03   9.52383E-01   3.70515E-03   3.41134E-02   4.75065E+04  -1.24033E+04  -2.22626E+04  -4.59641E+04  -1.43156E+05
   6.96201E-03   2.73701E-03   9.52479E-01   3.70552E-03   3.41169E-02   4.74281E+04  -1.24023E+04  -2.22617E+04  -4.59565E+04  -1.43166E+05
   6.86201E-03   2.73729E-03   9.52575E-01   3.70589E-03   3.41203E-02   4.73486E+04  -1.24012E+04  -2.22608E+04  -4.59490E+04  -1.43176E+05
   6.76201E-03   2.73756E-03   9.52670E-01   3.70627E-03   3.41237E-02   4.72680E+04  -1.24002E+04  -2.22599E+04  -4.59415E+04  -1.43186E+05
   6.66201E-03   2.73784E-03   9.52766E-01   3.70664E-03   3.41272E-02   4.71861E+04  -1.23992E+04  -2.22590E+04  -4.59339E+04  -1.43196E+05
   6.56201E-03   2.73812E-03   9.52862E-01   3.70701E-03   3.41306E-02   4.71031E+04  -1.23982E+04  -2.22581E+04  -4.59264E+04  -1.43207E+05
   6.46201E-03   2.73839E-03   9.52958E-01   3.70738E-03   3.41340E-02   4.70188E+04  -1.23971E+04  -2.22572E+04  -4.59189E+04  -1.43217E+05
   6.36201E-03   2.73867E-03   9.53054E-01   3.70776E-03   3.41375E-02   4.69332E+04  -1.23961E+04  -2.22563E+04  -4.59114E+04  -1.43227E+05
   6.26201E-03   2.73894E-03   9.53150E-01   3.70813E-03   3.41409E-02   4.68463E+04  -1.23951E+04  -2.22554E+04  -4.59038E+04  -1.43237E+05
   6.16201E-03   2.73922E-03   9.53246E-01   3.70850E-03   3.41444E-02   4.67580E+04  -1.23941E+04  -2.22545E+04  -4.58963E+04  -1.43247E+05
   6.06201E-03   2.73949E-03   9.53342E-01   3.70888E-03   3.41478E-02   4.66683E+04  -1.23931E+04  -2.22536E+04  -4.58888E+04  -1.43258E+05
   5.96201E-03   2.73977E-03   9.53438E-01   3.70925E-03   3.41512E-02   4.65771E+04  -1.23920E+04  -2.22526E+04  -4.58813E+04  -1.43268E+05
   5.86201E-03   2.74004E-03   9.53534E-01   3.70962E-03   3.41547E-02   4.64844E+04  -1.23910E+04  -2.22517E+04  -4.58738E+04  -1.43278E+05
   5.76201E-03   2.74032E-03   9.53630E-01   3.71000E-03   3.41581E-02   4.63902E+04  -1.23900E+04  -2.22508E+04  -4.58663E+04  -1.43288E+05
   5.66201E-03   2.74060E-03   9.53725E-01   3.71037E-03   3.41615E-02   4.62943E+04  -1.23890E+04  -2.22499E+04  -4.58587E+04  -1.43298E+05
   5.56201E-03   2.74087E-03   9.53821E-01   3.71074E-03   3.41650E-02   4.61967E+04  -1.23880E+04  -2.22490E+04  -4.58512E+04  -1.43308E+05
   5.46201E-03   2.74115E-03   9.53917E-01   3.71112E-03   3.41684E-02   4.60974E+04  -1.23870E+04  -2.22481E+04  -4.58437E+04  -1.43319E+05
   5.36201E-03   2.74142E-03   9.54013E-01   3.71149E-03   3.41718E-02   4.59963E+04  -1.23859E+04  -2.22472E+04  -4.58362E+04  -1.43329E+05
   5.26201E-03   2.74170E-03   9.54109E-01   3.71186E-03   3.41753E-02   4.58933E+04  -1.23849E+04  -2.22463E+04  -4.58287E+04  -1.43339E+05
   5.16201E-03   2.74197E-03   9.54205E-01   3.71224E-03   3.41787E-02   4.57884E+04  -1.23839E+04  -2.22454E+04  -4.58212E+04  -1.43349E+05
   5.06201E-03   2.74225E-03   9.54301E-01   3.71261E-03   3.41821E-02   4.56814E+04  -1.23829E+04  -2.22445E+04  -4.58137E+04  -1.43359E+05
   4.96201E-03   2.74253E-03   9.54397E-01   3.71298E-03   3.41856E-02   4.55724E+04  -1.23819E+04  -2.22436E+04  -4.58062E+04  -1.43369E+05
   4.86201E-03   2.74280E-03   9.54493E-01   3.71335E-03   3.41890E-02   4.54611E+04  -1.23809E+04  -2.22427E+04  -4.57987E+04  -1.43380E+05
   4.76201E-03   2.74308E-03   9.54589E-01   3.71373E-03   3.41925E-02   4.53476E+04  -1.23799E+04  -2.22418E+04  -4.57912E+04  -1.43390E+05
   4.66201E-03   2.74335E-03   9.54685E-01   3.71410E-03   3.41959E-02   4.52317E+04  -1.23789E+04  -2.22409E+04  -4.57837E+04  -1.43400E+05
   4.56201E-03   2.74363E-03   9.54781E-01   3.71447E-03   3.41993E-02   4.51133E+04  -1.23778E+04  -2.22400E+04  -4.57762E+04  -1.43410E+05
   4.46201E-03   2.74390E-03   9.54876E-01   3.71485E-03   3.42028E-02   4.49923E+04  -1.23768E+04  -2.22391E+04  -4.57687E+04  -1.43420E+05
   4.36201E-03   2.74418E-03   9.54972E-01   3.71522E-03   3.42062E-02   4.48686E+04  -1.23758E+04  -2.22382E+04  -4.57613E+04  -1.43430E+05
   4.26201E-03   2.74445E-03   9.55068E-01   3.71559E-03   3.42096E-02   4.47421E+04  -1.23748E+04  -2.22373E+04  -4.57538E+04  -1.43440E+05
   4.16201E-03   2.74473E-03   9.55164E-01   3.71597E-03   3.42131E-02   4.46126E+04  -1.23738E+04  -2.22364E+04  -4.57463E+04  -1.43451E+05
   4.06201E-03   2.74501E-03   9.55260E-01   3.71634E-03   3.42165E-02   4.44800E+04  -1.23728E+04  -2.22355E+04  -4.57388E+04  -1.43461E+05
   3.96201E-03   2.74528E-03   9.55356E-01   3.71671E-03   3.42199E-02   4.43442E+04  -1.23718E+04  -2.22346E+04  -4.57313E+04  -1.43471E+05
   3.86201E-03   2.74556E-03   9.55452E-01   3.71709E-03   3.42234E-02   4.42049E+04  -1.23708E+04  -2.22337E+04  -4.57238E+04  -1.43481E+05
   3.76201E-03   2.74583E-03   9.55548E-01   3.71746E-03   3.42268E-02   4.40620E+04  -1.23698E+04  -2.22328E+04  -4.57164E+04  -1.43491E+05
   3.66201E-03   2.74611E-03   9.55644E-01   3.71783E-03   3.42302E-02   4.39153E+04  -1.23688E+04  -2.22319E+04  -4.57089E+04  -1.43501E+05
   3.56201E-03   2.74638E-03   9.55740E-01   3.71821E-03   3.42337E-02   4.37645E+04  -1.23678E+04  -2.22310E+04  -4.57014E+04  -1.43511E+05
   3.46201E-03   2.74666E-03   9.55836E-01   3.71858E-03   3.42371E-02   4.36095E+04  -1.23668E+04  -2.22301E+04  -4.56939E+04  -1.43522E+05
   3.36201E-03   2.74694E-03   9.55932E-01   3.71895E-03   3.42405E-02   4.34501E+04  -1.23658E+04  -2.22292E+04  -4.56865E+04  -1.43532E+05
   3.26201E-03   2.74721E-03   9.56027E-01   3.71933E-03   3.42440E-02   4.32858E+04  -1.23648E+04  -2.22283E+04  -4.56790E+04  -1.43542E+05
   3.16201E-03   2.74749E-03   9.56123E-01   3.71970E-03   3.42474E-02   4.31165E+04  -1.23638E+04  -2.22274E+04  -4.56715E+04  -1.43552E+05
   3.06201E-03   2.74776E-03   9.56219E-01   3.72007E-03   3.42509E-02   4.29418E+04  -1.23628E+04  -2.22265E+04  -4.56640E+04  -1.43562E+05
   2.96201E-03   2.74804E-03   9.56315E-01   3.72044E-03   3.42543E-02   4.27613E+04  -1.23618E+04  -2.22256E+04  -4.56566E+04  -1.43572E+05
   2.86201E-03   2.74831E-03   9.56411E-01   3.72082E-03   3.42577E-02   4.25747E+04  -1.23608E+04  -2.22247E+04  -4.56491E+04  -1.43582E+05
   2.76201E-03   2.74859E-03   9.56507E-01   3.72119E-03   3.42612E-02   4.23815E+04  -1.23598E+04  -2.22238E+04  -4.56417E+04  -1.43592E+05
   2.66201E-03   2.74886E-03   9.56603E-01   3.72156E-03   3.42646E-02   4.21812E+04  -1.23588E+04  -2.22229E+04  -4.56342E+04  -1.43602E+05
   2.56201E-03   2.74914E-03   9.56699E-01   3.72194E-03   3.42680E-02   4.19734E+04  -1.23578E+04  -2.22220E+04  -4.56267E+04  -1.43613E+05
   2.46201E-03   2.74942E-03   9.56795E-01   3.72231E-03   3.42715E-02   4.17573E+04  -1.23568E+04  -2.22211E+04  -4.56193E+04  -1.43623E+05
   2.36201E-03   2.74969E-03   9.56891E-01   3.72268E-03   3.42749E-02   4.15323E+04  -1.23558E+04  -2.22202E+04  -4.56118E+04  -1.43633E+05
   2.26201E-03   2.74997E-03   9.56987E-01   3.72306E-03   3.42783E-02   4.12976E+04  -1.23548E+04  -2.22193E+04  -4.56044E+04  -1.43643E+05
   2.16201E-03   2.75024E-03   9.57083E-01   3.72343E-03   3.42818E-02   4.10525E+04  -1.23538E+04  -2.22184E+04  -4.55969E+04  -1.43653E+05
   2.06201E-03   2.75052E-03   9.57178E-01   3.72380E-03   3.42852E-02   4.07957E+04  -1.23528E+04  -2.22175E+04  -4.55895E+04  -1.43663E+05
   1.96201E-03   2.75079E-03   9.57274E-01   3.72418E-03   3.42886E-02   4.05263E+04  -1.23518E+04  -2.22166E+04  -4.55820E+04  -1.43673E+05
   1.86201E-03   2.75107E-03   9.57370E-01   3.72455E-03   3.42921E-02   4.02429E+04  -1.23508E+04  -2.22157E+04  -4.55746E+04  -1.43683E+05
   1.76201E-03   2.75134E-03   9.57466E-01   3.72492E-03   3.42955E-02   3.99438E+04  -1.23498E+04  -2.22148E+04  -4.55671E+04  -1.43693E+05
   1.66201E-03   2.75162E-03   9.57562E-01   3.72530E-03   3.42990E-02   3.96275E+04  -1.23488E+04  -2.22139E+04  -4.55597E+04  -1.43704E+05
   1.56201E-03   2.75190E-03   9.57658E-01   3.72567E-03   3.43024E-02   3.92915E+04  -1.23479E+04  -2.22130E+04  -4.55522E+04  -1.43714E+05
   1.46201E-03   2.75217E-03   9.57754E-01   3.72604E-03   3.43058E-02   3.89334E+04  -1.23469E+04  -2.22121E+04  -4.55448E+04  -1.43724E+05
   1.36201E-03   2.75245E-03   9.57850E-01   3.72642E-03   3.43093E-02   3.85501E+04  -1.23459E+04  -2.22112E+04  -4.55374E+04  -1.43734E+05
   1.26201E-03   2.75272E-03   9.57946E-01   3.72679E-03   3.43127E-02   3.81376E+04  -1.23449E+04  -2.22103E+04  -4.55299E+04  -1.43744E+05
   1.16201E-03   2.75300E-03   9.58042E-01   3.72716E-03   3.43161E-02   3.76912E+04  -1.23439E+04  -2.22094E+04  -4.55225E+04  -1.43754E+05
   1.06201E-03   2.75327E-03   9.58138E-01   3.72753E-03   3.43196E-02   3.72047E+04  -1.23429E+04  -2.22085E+04  -4.55150E+04  -1.43764E+05
   9.62012E-04   2.75355E-03   9.58234E-01   3.72791E-03   3.43230E-02   3.66703E+04  -1.23419E+04  -2.22076E+04  -4.55076E+04  -1.43774E+05
   8.62012E-04   2.75383E-03   9.58329E-01   3.72828E-03   3.43264E-02   3.60773E+04  -1.23409E+04  -2.22067E+04  -4.55002E+04  -1.43784E+05
   7.62012E-04   2.75410E-03   9.58425E-01   3.72865E-03   3.43299E-02   3.54112E+04  -1.23400E+04  -2.22059E+04  -4.54928E+04  -1.43794E+05
   6.62012E-04   2.75438E-03   9.58521E-01   3.72903E-03   3.43333E-02   3.46516E+04  -1.23390E+04  -2.22050E+04  -4.54853E+04  -1.43804E+05
   5.62012E-04   2.75465E-03   9.58617E-01   3.72940E-03   3.43367E-02   3.37676E+04  -1.23380E+04  -2.22041E+04  -4.54779E+04  -1.43814E+05
   4.62012E-04   2.75493E-03   9.58713E-01   3.72977E-03   3.43402E-02   3.27102E+04  -1.23370E+04  -2.22032E+04  -4.54705E+04  -1.43825E+05
   3.62012E-04   2.75520E-03   9.58809E-01   3.73015E-03   3.43436E-02   3.13942E+04  -1.23360E+04  -2.22023E+04  -4.54631E+04  -1.43835E+05
   2.62012E-04   2.75548E-03   9.58905E-01   3.73052E-03   3.43471E-02   2.96504E+04  -1.23350E+04  -2.22014E+04  -4.54556E+04  -1.43845E+05
   1.62012E-04   2.75575E-03   9.59001E-01   3.73089E-03   3.43505E-02   2.70583E+04  -1.23341E+04  -2.22005E+04  -4.54482E+04  -1.43855E+05
   6.20121E-05   2.75603E-03   9.59097E-01   3.73127E-03   3.43539E-02   2.18814E+04  -1.23331E+04  -2.21996E+04  -4.54408E+04  -1.43865E+05
   1.00000E-06   2.75620E-03   9.59155E-01   3.73149E-03   3.43560E-02  -3.61867E+02  -1.23325E+04  -2.21991E+04  -4.54363E+04  -1.43871E+05

 Phase Region for:
     FCC_A1#2                      
 col-1=X(C), col-2=X(CU), col-3=X(FE), col-4=X(MN), col-5=X(SI), col-6=MU(C), col-7=MU(CU), col-8=MU(FE), col-9=MU(MN), col-10=MU(SI),
   9.72763E-03   9.88742E-01   1.39318E-05   1.51656E-03   4.80197E-12   2.15838E+05  -2.54226E+04  -3.52891E+04  -5.85290E+04  -1.56957E+05
   9.82763E-03   9.88634E-01   1.40300E-05   1.52447E-03   4.82408E-12   2.15867E+05  -2.54229E+04  -3.52894E+04  -5.85292E+04  -1.56957E+05
   9.92763E-03   9.88526E-01   1.41289E-05   1.53242E-03   4.84629E-12   2.15896E+05  -2.54232E+04  -3.52897E+04  -5.85295E+04  -1.56957E+05
   9.99900E-03   9.88449E-01   1.41999E-05   1.53812E-03   4.86221E-12   2.15916E+05  -2.54234E+04  -3.52899E+04  -5.85297E+04  -1.56957E+05

 Phase Region for:
     FCC_A1#2                      
 col-1=X(C), col-2=X(CU), col-3=X(FE), col-4=X(MN), col-5=X(SI), col-6=MU(C), col-7=MU(CU), col-8=MU(FE), col-9=MU(MN), col-10=MU(SI),
   9.72763E-03   9.88742E-01   1.39318E-05   1.51656E-03   4.80197E-12   2.15838E+05  -2.54226E+04  -3.52891E+04  -5.85290E+04  -1.56957E+05
   9.62763E-03   9.88850E-01   1.38343E-05   1.50869E-03   4.77997E-12   2.15808E+05  -2.54223E+04  -3.52888E+04  -5.85287E+04  -1.56956E+05
   9.52763E-03   9.88958E-01   1.37374E-05   1.50087E-03   4.75807E-12   2.15777E+05  -2.54220E+04  -3.52885E+04  -5.85284E+04  -1.56956E+05
   9.42763E-03   9.89066E-01   1.36413E-05   1.49308E-03   4.73628E-12   2.15746E+05  -2.54217E+04  -3.52882E+04  -5.85281E+04  -1.56956E+05
   9.32763E-03   9.89173E-01   1.35459E-05   1.48534E-03   4.71459E-12   2.15714E+05  -2.54214E+04  -3.52879E+04  -5.85278E+04  -1.56955E+05
   9.22763E-03   9.89281E-01   1.34511E-05   1.47764E-03   4.69301E-12   2.15681E+05  -2.54211E+04  -3.52876E+04  -5.85275E+04  -1.56955E+05
   9.12763E-03   9.89389E-01   1.33571E-05   1.46997E-03   4.67152E-12   2.15648E+05  -2.54208E+04  -3.52873E+04  -5.85271E+04  -1.56955E+05
   9.02763E-03   9.89497E-01   1.32637E-05   1.46235E-03   4.65014E-12   2.15614E+05  -2.54205E+04  -3.52870E+04  -5.85268E+04  -1.56955E+05
   8.92763E-03   9.89604E-01   1.31709E-05   1.45477E-03   4.62887E-12   2.15580E+05  -2.54202E+04  -3.52867E+04  -5.85265E+04  -1.56954E+05
   8.82763E-03   9.89712E-01   1.30789E-05   1.44722E-03   4.60769E-12   2.15545E+05  -2.54198E+04  -3.52864E+04  -5.85262E+04  -1.56954E+05
   8.72763E-03   9.89820E-01   1.29874E-05   1.43972E-03   4.58662E-12   2.15509E+05  -2.54195E+04  -3.52861E+04  -5.85259E+04  -1.56954E+05
   8.62763E-03   9.89927E-01   1.28967E-05   1.43225E-03   4.56564E-12   2.15472E+05  -2.54192E+04  -3.52858E+04  -5.85256E+04  -1.56953E+05
   8.52763E-03   9.90035E-01   1.28066E-05   1.42483E-03   4.54477E-12   2.15435E+05  -2.54189E+04  -3.52854E+04  -5.85252E+04  -1.56953E+05
   8.42763E-03   9.90142E-01   1.27171E-05   1.41744E-03   4.52399E-12   2.15397E+05  -2.54186E+04  -3.52851E+04  -5.85249E+04  -1.56953E+05
   8.32763E-03   9.90250E-01   1.26283E-05   1.41009E-03   4.50332E-12   2.15358E+05  -2.54182E+04  -3.52848E+04  -5.85246E+04  -1.56952E+05
   8.22763E-03   9.90357E-01   1.25401E-05   1.40278E-03   4.48274E-12   2.15318E+05  -2.54179E+04  -3.52844E+04  -5.85243E+04  -1.56952E+05
   8.12763E-03   9.90464E-01   1.24525E-05   1.39551E-03   4.46226E-12   2.15278E+05  -2.54176E+04  -3.52841E+04  -5.85239E+04  -1.56952E+05
   8.02763E-03   9.90572E-01   1.23655E-05   1.38827E-03   4.44188E-12   2.15236E+05  -2.54172E+04  -3.52838E+04  -5.85236E+04  -1.56951E+05
   7.92763E-03   9.90679E-01   1.22792E-05   1.38108E-03   4.42159E-12   2.15194E+05  -2.54169E+04  -3.52834E+04  -5.85232E+04  -1.56951E+05
   7.82763E-03   9.90786E-01   1.21935E-05   1.37392E-03   4.40140E-12   2.15151E+05  -2.54165E+04  -3.52831E+04  -5.85229E+04  -1.56951E+05
   7.72763E-03   9.90893E-01   1.21084E-05   1.36680E-03   4.38131E-12   2.15107E+05  -2.54162E+04  -3.52827E+04  -5.85226E+04  -1.56950E+05
   7.62763E-03   9.91001E-01   1.20239E-05   1.35971E-03   4.36131E-12   2.15062E+05  -2.54159E+04  -3.52824E+04  -5.85222E+04  -1.56950E+05
   7.52763E-03   9.91108E-01   1.19400E-05   1.35266E-03   4.34141E-12   2.15016E+05  -2.54155E+04  -3.52820E+04  -5.85219E+04  -1.56950E+05
   7.42763E-03   9.91215E-01   1.18567E-05   1.34565E-03   4.32160E-12   2.14970E+05  -2.54151E+04  -3.52817E+04  -5.85215E+04  -1.56949E+05
   7.32763E-03   9.91322E-01   1.17740E-05   1.33868E-03   4.30189E-12   2.14922E+05  -2.54148E+04  -3.52813E+04  -5.85212E+04  -1.56949E+05
   7.22763E-03   9.91429E-01   1.16919E-05   1.33174E-03   4.28227E-12   2.14873E+05  -2.54144E+04  -3.52810E+04  -5.85208E+04  -1.56949E+05
   7.12763E-03   9.91536E-01   1.16104E-05   1.32484E-03   4.26274E-12   2.14823E+05  -2.54141E+04  -3.52806E+04  -5.85204E+04  -1.56948E+05
   7.02763E-03   9.91643E-01   1.15294E-05   1.31798E-03   4.24330E-12   2.14772E+05  -2.54137E+04  -3.52803E+04  -5.85201E+04  -1.56948E+05
   6.92763E-03   9.91750E-01   1.14490E-05   1.31115E-03   4.22396E-12   2.14720E+05  -2.54133E+04  -3.52799E+04  -5.85197E+04  -1.56947E+05
   6.82763E-03   9.91857E-01   1.13692E-05   1.30435E-03   4.20471E-12   2.14667E+05  -2.54130E+04  -3.52795E+04  -5.85193E+04  -1.56947E+05
   6.72763E-03   9.91963E-01   1.12900E-05   1.29760E-03   4.18555E-12   2.14613E+05  -2.54126E+04  -3.52792E+04  -5.85190E+04  -1.56947E+05
   6.62763E-03   9.92070E-01   1.12113E-05   1.29087E-03   4.16648E-12   2.14557E+05  -2.54122E+04  -3.52788E+04  -5.85186E+04  -1.56946E+05
   6.52763E-03   9.92177E-01   1.11332E-05   1.28419E-03   4.14750E-12   2.14501E+05  -2.54119E+04  -3.52784E+04  -5.85182E+04  -1.56946E+05
   6.42763E-03   9.92284E-01   1.10557E-05   1.27753E-03   4.12861E-12   2.14442E+05  -2.54115E+04  -3.52780E+04  -5.85178E+04  -1.56946E+05
   6.32763E-03   9.92390E-01   1.09787E-05   1.27092E-03   4.10981E-12   2.14383E+05  -2.54111E+04  -3.52776E+04  -5.85175E+04  -1.56945E+05
   6.22763E-03   9.92497E-01   1.09022E-05   1.26433E-03   4.09110E-12   2.14322E+05  -2.54107E+04  -3.52773E+04  -5.85171E+04  -1.56945E+05
   6.12763E-03   9.92604E-01   1.08263E-05   1.25778E-03   4.07248E-12   2.14260E+05  -2.54103E+04  -3.52769E+04  -5.85167E+04  -1.56944E+05
   6.02763E-03   9.92710E-01   1.07509E-05   1.25127E-03   4.05395E-12   2.14197E+05  -2.54099E+04  -3.52765E+04  -5.85163E+04  -1.56944E+05
   5.92763E-03   9.92817E-01   1.06761E-05   1.24479E-03   4.03550E-12   2.14132E+05  -2.54096E+04  -3.52761E+04  -5.85159E+04  -1.56944E+05
   5.82763E-03   9.92923E-01   1.06018E-05   1.23834E-03   4.01714E-12   2.14065E+05  -2.54092E+04  -3.52757E+04  -5.85155E+04  -1.56943E+05
   5.72763E-03   9.93030E-01   1.05280E-05   1.23193E-03   3.99887E-12   2.13997E+05  -2.54088E+04  -3.52753E+04  -5.85151E+04  -1.56943E+05
   5.62763E-03   9.93136E-01   1.04548E-05   1.22555E-03   3.98068E-12   2.13927E+05  -2.54084E+04  -3.52749E+04  -5.85147E+04  -1.56942E+05
   5.52763E-03   9.93243E-01   1.03820E-05   1.21921E-03   3.96258E-12   2.13855E+05  -2.54080E+04  -3.52745E+04  -5.85143E+04  -1.56942E+05
   5.42763E-03   9.93349E-01   1.03098E-05   1.21289E-03   3.94457E-12   2.13782E+05  -2.54076E+04  -3.52741E+04  -5.85139E+04  -1.56942E+05
   5.32763E-03   9.93456E-01   1.02381E-05   1.20661E-03   3.92664E-12   2.13707E+05  -2.54071E+04  -3.52737E+04  -5.85135E+04  -1.56941E+05
   5.22763E-03   9.93562E-01   1.01669E-05   1.20037E-03   3.90880E-12   2.13629E+05  -2.54067E+04  -3.52733E+04  -5.85131E+04  -1.56941E+05
   5.12763E-03   9.93668E-01   1.00962E-05   1.19415E-03   3.89104E-12   2.13550E+05  -2.54063E+04  -3.52729E+04  -5.85127E+04  -1.56940E+05
   5.02763E-03   9.93774E-01   1.00260E-05   1.18797E-03   3.87336E-12   2.13469E+05  -2.54059E+04  -3.52725E+04  -5.85123E+04  -1.56940E+05
   4.92763E-03   9.93881E-01   9.95634E-06   1.18182E-03   3.85577E-12   2.13386E+05  -2.54055E+04  -3.52720E+04  -5.85118E+04  -1.56940E+05
   4.82763E-03   9.93987E-01   9.88715E-06   1.17570E-03   3.83826E-12   2.13300E+05  -2.54051E+04  -3.52716E+04  -5.85114E+04  -1.56939E+05
   4.72763E-03   9.94093E-01   9.81844E-06   1.16962E-03   3.82083E-12   2.13212E+05  -2.54047E+04  -3.52712E+04  -5.85110E+04  -1.56939E+05
   4.62763E-03   9.94199E-01   9.75022E-06   1.16356E-03   3.80348E-12   2.13122E+05  -2.54042E+04  -3.52708E+04  -5.85106E+04  -1.56938E+05
   4.52763E-03   9.94305E-01   9.68249E-06   1.15754E-03   3.78622E-12   2.13029E+05  -2.54038E+04  -3.52704E+04  -5.85101E+04  -1.56938E+05
   4.42763E-03   9.94411E-01   9.61524E-06   1.15155E-03   3.76904E-12   2.12934E+05  -2.54034E+04  -3.52699E+04  -5.85097E+04  -1.56937E+05
   4.32763E-03   9.94517E-01   9.54846E-06   1.14559E-03   3.75193E-12   2.12835E+05  -2.54029E+04  -3.52695E+04  -5.85093E+04  -1.56937E+05
   4.22763E-03   9.94623E-01   9.48215E-06   1.13966E-03   3.73491E-12   2.12734E+05  -2.54025E+04  -3.52691E+04  -5.85088E+04  -1.56937E+05
   4.12763E-03   9.94729E-01   9.41632E-06   1.13377E-03   3.71797E-12   2.12630E+05  -2.54021E+04  -3.52686E+04  -5.85084E+04  -1.56936E+05
   4.02763E-03   9.94835E-01   9.35095E-06   1.12790E-03   3.70111E-12   2.12523E+05  -2.54016E+04  -3.52682E+04  -5.85080E+04  -1.56936E+05
   3.92763E-03   9.94941E-01   9.28605E-06   1.12206E-03   3.68433E-12   2.12412E+05  -2.54012E+04  -3.52677E+04  -5.85075E+04  -1.56935E+05
   3.82763E-03   9.95047E-01   9.22160E-06   1.11626E-03   3.66763E-12   2.12298E+05  -2.54007E+04  -3.52673E+04  -5.85071E+04  -1.56935E+05
   3.72763E-03   9.95153E-01   9.15761E-06   1.11048E-03   3.65100E-12   2.12180E+05  -2.54003E+04  -3.52668E+04  -5.85066E+04  -1.56934E+05
   3.62763E-03   9.95259E-01   9.09408E-06   1.10474E-03   3.63445E-12   2.12058E+05  -2.53998E+04  -3.52664E+04  -5.85062E+04  -1.56934E+05
   3.52763E-03   9.95364E-01   9.03099E-06   1.09902E-03   3.61799E-12   2.11932E+05  -2.53994E+04  -3.52659E+04  -5.85057E+04  -1.56934E+05
   3.42763E-03   9.95470E-01   8.96835E-06   1.09334E-03   3.60159E-12   2.11802E+05  -2.53989E+04  -3.52655E+04  -5.85053E+04  -1.56933E+05
   3.32763E-03   9.95576E-01   8.90615E-06   1.08768E-03   3.58528E-12   2.11667E+05  -2.53985E+04  -3.52650E+04  -5.85048E+04  -1.56933E+05
   3.22763E-03   9.95681E-01   8.84440E-06   1.08206E-03   3.56904E-12   2.11527E+05  -2.53980E+04  -3.52646E+04  -5.85043E+04  -1.56932E+05
   3.12763E-03   9.95787E-01   8.78308E-06   1.07646E-03   3.55288E-12   2.11382E+05  -2.53976E+04  -3.52641E+04  -5.85039E+04  -1.56932E+05
   3.02763E-03   9.95893E-01   8.72219E-06   1.07090E-03   3.53680E-12   2.11232E+05  -2.53971E+04  -3.52636E+04  -5.85034E+04  -1.56931E+05
   2.92763E-03   9.95998E-01   8.66174E-06   1.06536E-03   3.52079E-12   2.11076E+05  -2.53966E+04  -3.52632E+04  -5.85029E+04  -1.56931E+05
   2.82763E-03   9.96104E-01   8.60171E-06   1.05985E-03   3.50485E-12   2.10913E+05  -2.53962E+04  -3.52627E+04  -5.85025E+04  -1.56930E+05
   2.72763E-03   9.96209E-01   8.54211E-06   1.05437E-03   3.48899E-12   2.10744E+05  -2.53957E+04  -3.52622E+04  -5.85020E+04  -1.56930E+05
   2.62763E-03   9.96315E-01   8.48293E-06   1.04892E-03   3.47320E-12   2.10567E+05  -2.53952E+04  -3.52618E+04  -5.85015E+04  -1.56929E+05
   2.52763E-03   9.96420E-01   8.42416E-06   1.04350E-03   3.45749E-12   2.10382E+05  -2.53947E+04  -3.52613E+04  -5.85010E+04  -1.56929E+05
   2.42763E-03   9.96526E-01   8.36582E-06   1.03810E-03   3.44185E-12   2.10190E+05  -2.53943E+04  -3.52608E+04  -5.85006E+04  -1.56928E+05
   2.32763E-03   9.96631E-01   8.30788E-06   1.03273E-03   3.42629E-12   2.09987E+05  -2.53938E+04  -3.52603E+04  -5.85001E+04  -1.56928E+05
   2.22763E-03   9.96737E-01   8.25035E-06   1.02740E-03   3.41080E-12   2.09775E+05  -2.53933E+04  -3.52598E+04  -5.84996E+04  -1.56927E+05
   2.12763E-03   9.96842E-01   8.19323E-06   1.02209E-03   3.39538E-12   2.09552E+05  -2.53928E+04  -3.52594E+04  -5.84991E+04  -1.56927E+05
   2.02763E-03   9.96947E-01   8.13652E-06   1.01680E-03   3.38003E-12   2.09317E+05  -2.53923E+04  -3.52589E+04  -5.84986E+04  -1.56927E+05
   1.92763E-03   9.97053E-01   8.08020E-06   1.01155E-03   3.36475E-12   2.09069E+05  -2.53918E+04  -3.52584E+04  -5.84981E+04  -1.56926E+05
   1.82763E-03   9.97158E-01   8.02428E-06   1.00632E-03   3.34955E-12   2.08807E+05  -2.53913E+04  -3.52579E+04  -5.84976E+04  -1.56926E+05
   1.72763E-03   9.97263E-01   7.96876E-06   1.00112E-03   3.33441E-12   2.08528E+05  -2.53908E+04  -3.52574E+04  -5.84971E+04  -1.56925E+05
   1.62763E-03   9.97369E-01   7.91363E-06   9.95948E-04   3.31935E-12   2.08231E+05  -2.53903E+04  -3.52569E+04  -5.84966E+04  -1.56925E+05
   1.52763E-03   9.97474E-01   7.85888E-06   9.90802E-04   3.30436E-12   2.07914E+05  -2.53898E+04  -3.52564E+04  -5.84961E+04  -1.56924E+05
   1.42763E-03   9.97579E-01   7.80453E-06   9.85683E-04   3.28943E-12   2.07574E+05  -2.53893E+04  -3.52559E+04  -5.84956E+04  -1.56924E+05
   1.32763E-03   9.97684E-01   7.75056E-06   9.80591E-04   3.27458E-12   2.07207E+05  -2.53888E+04  -3.52554E+04  -5.84951E+04  -1.56923E+05
   1.22763E-03   9.97789E-01   7.69696E-06   9.75525E-04   3.25980E-12   2.06809E+05  -2.53883E+04  -3.52549E+04  -5.84946E+04  -1.56923E+05
   1.12763E-03   9.97894E-01   7.64375E-06   9.70486E-04   3.24508E-12   2.06376E+05  -2.53878E+04  -3.52544E+04  -5.84941E+04  -1.56922E+05
   1.02763E-03   9.97999E-01   7.59091E-06   9.65473E-04   3.23043E-12   2.05900E+05  -2.53873E+04  -3.52538E+04  -5.84935E+04  -1.56922E+05
   9.27626E-04   9.98104E-01   7.53844E-06   9.60487E-04   3.21586E-12   2.05372E+05  -2.53868E+04  -3.52533E+04  -5.84930E+04  -1.56921E+05
   8.27626E-04   9.98209E-01   7.48635E-06   9.55527E-04   3.20134E-12   2.04782E+05  -2.53863E+04  -3.52528E+04  -5.84925E+04  -1.56921E+05
   7.27626E-04   9.98314E-01   7.43462E-06   9.50593E-04   3.18690E-12   2.04113E+05  -2.53857E+04  -3.52523E+04  -5.84920E+04  -1.56920E+05
   6.27626E-04   9.98419E-01   7.38325E-06   9.45685E-04   3.17252E-12   2.03340E+05  -2.53852E+04  -3.52518E+04  -5.84914E+04  -1.56920E+05
   5.27626E-04   9.98524E-01   7.33225E-06   9.40802E-04   3.15821E-12   2.02429E+05  -2.53847E+04  -3.52512E+04  -5.84909E+04  -1.56919E+05
   4.27626E-04   9.98629E-01   7.28161E-06   9.35946E-04   3.14396E-12   2.01321E+05  -2.53842E+04  -3.52507E+04  -5.84904E+04  -1.56919E+05
   3.27626E-04   9.98734E-01   7.23132E-06   9.31116E-04   3.12977E-12   1.99910E+05  -2.53836E+04  -3.52502E+04  -5.84898E+04  -1.56918E+05
   2.27626E-04   9.98839E-01   7.18139E-06   9.26312E-04   3.11565E-12   1.97972E+05  -2.53831E+04  -3.52497E+04  -5.84893E+04  -1.56918E+05
   1.27626E-04   9.98944E-01   7.13181E-06   9.21535E-04   3.10157E-12   1.94878E+05  -2.53826E+04  -3.52491E+04  -5.84887E+04  -1.56917E+05
   2.76265E-05   9.99048E-01   7.08257E-06   9.16793E-04   3.08750E-12   1.86655E+05  -2.53820E+04  -3.52486E+04  -5.84881E+04  -1.56917E+05
   1.00000E-06   9.99076E-01   7.06952E-06   9.15567E-04   3.08359E-12   1.68777E+05  -2.53819E+04  -3.52484E+04  -5.84877E+04  -1.56917E+05
