
 Phase Region for:
     FCC_A1#1                      
 col-1=X(C), col-2=X(CU), col-3=X(FE), col-4=X(MN), col-5=X(SI), col-6=MU(C), col-7=MU(CU), col-8=MU(FE), col-9=MU(MN), col-10=MU(SI),
   9.72763E-03   2.72939E-03   9.49826E-01   3.69520E-03   3.40219E-02   5.98433E+03  -2.22210E+04  -1.98155E+04  -6.17681E+04  -1.40883E+05
   1.07276E-02   2.72663E-03   9.48867E-01   3.69147E-03   3.39875E-02   6.59020E+03  -2.21515E+04  -1.98256E+04  -6.18195E+04  -1.40782E+05
   1.17276E-02   2.72388E-03   9.47908E-01   3.68774E-03   3.39531E-02   7.14919E+03  -2.20823E+04  -1.98359E+04  -6.18710E+04  -1.40681E+05
   1.27276E-02   2.72112E-03   9.46948E-01   3.68400E-03   3.39188E-02   7.66901E+03  -2.20134E+04  -1.98462E+04  -6.19227E+04  -1.40580E+05
   1.37276E-02   2.71837E-03   9.45989E-01   3.68027E-03   3.38844E-02   8.15563E+03  -2.19447E+04  -1.98566E+04  -6.19746E+04  -1.40479E+05
   1.47276E-02   2.71561E-03   9.45030E-01   3.67654E-03   3.38501E-02   8.61373E+03  -2.18763E+04  -1.98671E+04  -6.20266E+04  -1.40378E+05
   1.57276E-02   2.71285E-03   9.44071E-01   3.67281E-03   3.38157E-02   9.04710E+03  -2.18082E+04  -1.98777E+04  -6.20788E+04  -1.40277E+05
   1.67276E-02   2.71010E-03   9.43112E-01   3.66908E-03   3.37814E-02   9.45879E+03  -2.17403E+04  -1.98884E+04  -6.21311E+04  -1.40176E+05
   1.77276E-02   2.70734E-03   9.42153E-01   3.66535E-03   3.37470E-02   9.85135E+03  -2.16727E+04  -1.98992E+04  -6.21837E+04  -1.40074E+05
   1.87276E-02   2.70458E-03   9.41194E-01   3.66162E-03   3.37126E-02   1.02269E+04  -2.16053E+04  -1.99101E+04  -6.22363E+04  -1.39973E+05
   1.97276E-02   2.70183E-03   9.40234E-01   3.65788E-03   3.36783E-02   1.05872E+04  -2.15382E+04  -1.99210E+04  -6.22892E+04  -1.39872E+05
   2.07276E-02   2.69907E-03   9.39275E-01   3.65415E-03   3.36439E-02   1.09338E+04  -2.14714E+04  -1.99321E+04  -6.23422E+04  -1.39770E+05
   2.17276E-02   2.69632E-03   9.38316E-01   3.65042E-03   3.36096E-02   1.12681E+04  -2.14049E+04  -1.99433E+04  -6.23954E+04  -1.39669E+05
   2.27276E-02   2.69356E-03   9.37357E-01   3.64669E-03   3.35752E-02   1.15910E+04  -2.13386E+04  -1.99546E+04  -6.24488E+04  -1.39567E+05
   2.37276E-02   2.69080E-03   9.36398E-01   3.64296E-03   3.35409E-02   1.19037E+04  -2.12726E+04  -1.99659E+04  -6.25023E+04  -1.39466E+05
   2.47276E-02   2.68805E-03   9.35439E-01   3.63923E-03   3.35065E-02   1.22070E+04  -2.12069E+04  -1.99774E+04  -6.25560E+04  -1.39364E+05
   2.57276E-02   2.68529E-03   9.34479E-01   3.63549E-03   3.34722E-02   1.25016E+04  -2.11415E+04  -1.99890E+04  -6.26098E+04  -1.39262E+05
   2.67276E-02   2.68253E-03   9.33520E-01   3.63176E-03   3.34378E-02   1.27883E+04  -2.10764E+04  -2.00006E+04  -6.26639E+04  -1.39161E+05
   2.77276E-02   2.67978E-03   9.32561E-01   3.62803E-03   3.34034E-02   1.30675E+04  -2.10115E+04  -2.00124E+04  -6.27181E+04  -1.39059E+05
   2.87276E-02   2.67702E-03   9.31602E-01   3.62430E-03   3.33691E-02   1.33399E+04  -2.09470E+04  -2.00243E+04  -6.27725E+04  -1.38957E+05
   2.97276E-02   2.67427E-03   9.30643E-01   3.62057E-03   3.33347E-02   1.36060E+04  -2.08827E+04  -2.00363E+04  -6.28270E+04  -1.38855E+05
   3.07276E-02   2.67151E-03   9.29684E-01   3.61684E-03   3.33004E-02   1.38661E+04  -2.08188E+04  -2.00483E+04  -6.28818E+04  -1.38753E+05
   3.17276E-02   2.66875E-03   9.28724E-01   3.61311E-03   3.32660E-02   1.41207E+04  -2.07551E+04  -2.00605E+04  -6.29367E+04  -1.38651E+05
   3.27276E-02   2.66600E-03   9.27765E-01   3.60937E-03   3.32317E-02   1.43701E+04  -2.06917E+04  -2.00728E+04  -6.29918E+04  -1.38549E+05
   3.37276E-02   2.66324E-03   9.26806E-01   3.60564E-03   3.31973E-02   1.46146E+04  -2.06287E+04  -2.00852E+04  -6.30471E+04  -1.38447E+05
   3.47276E-02   2.66049E-03   9.25847E-01   3.60191E-03   3.31630E-02   1.48545E+04  -2.05659E+04  -2.00977E+04  -6.31025E+04  -1.38345E+05
   3.57276E-02   2.65773E-03   9.24888E-01   3.59818E-03   3.31286E-02   1.50902E+04  -2.05034E+04  -2.01103E+04  -6.31581E+04  -1.38242E+05
   3.67276E-02   2.65497E-03   9.23929E-01   3.59445E-03   3.30942E-02   1.53218E+04  -2.04413E+04  -2.01230E+04  -6.32139E+04  -1.38140E+05
   3.77276E-02   2.65222E-03   9.22970E-01   3.59072E-03   3.30599E-02   1.55496E+04  -2.03794E+04  -2.01358E+04  -6.32699E+04  -1.38038E+05
   3.87276E-02   2.64946E-03   9.22010E-01   3.58699E-03   3.30255E-02   1.57738E+04  -2.03179E+04  -2.01487E+04  -6.33261E+04  -1.37935E+05
   3.97276E-02   2.64670E-03   9.21051E-01   3.58325E-03   3.29912E-02   1.59945E+04  -2.02567E+04  -2.01617E+04  -6.33824E+04  -1.37833E+05
   4.07276E-02   2.64395E-03   9.20092E-01   3.57952E-03   3.29568E-02   1.62120E+04  -2.01958E+04  -2.01749E+04  -6.34390E+04  -1.37730E+05
   4.17276E-02   2.64119E-03   9.19133E-01   3.57579E-03   3.29225E-02   1.64265E+04  -2.01352E+04  -2.01881E+04  -6.34957E+04  -1.37628E+05
   4.27276E-02   2.63844E-03   9.18174E-01   3.57206E-03   3.28881E-02   1.66380E+04  -2.00750E+04  -2.02014E+04  -6.35526E+04  -1.37525E+05
   4.37276E-02   2.63568E-03   9.17215E-01   3.56833E-03   3.28537E-02   1.68467E+04  -2.00150E+04  -2.02149E+04  -6.36096E+04  -1.37422E+05
   4.47276E-02   2.63292E-03   9.16255E-01   3.56460E-03   3.28194E-02   1.70528E+04  -1.99554E+04  -2.02285E+04  -6.36669E+04  -1.37320E+05
   4.57276E-02   2.63017E-03   9.15296E-01   3.56086E-03   3.27850E-02   1.72564E+04  -1.98962E+04  -2.02422E+04  -6.37244E+04  -1.37217E+05
   4.67276E-02   2.62741E-03   9.14337E-01   3.55713E-03   3.27507E-02   1.74576E+04  -1.98372E+04  -2.02559E+04  -6.37820E+04  -1.37114E+05
   4.77276E-02   2.62465E-03   9.13378E-01   3.55340E-03   3.27163E-02   1.76565E+04  -1.97786E+04  -2.02699E+04  -6.38398E+04  -1.37011E+05
   4.87276E-02   2.62190E-03   9.12419E-01   3.54967E-03   3.26820E-02   1.78532E+04  -1.97204E+04  -2.02839E+04  -6.38979E+04  -1.36908E+05
   4.97276E-02   2.61914E-03   9.11460E-01   3.54594E-03   3.26476E-02   1.80478E+04  -1.96624E+04  -2.02980E+04  -6.39561E+04  -1.36806E+05
   5.07276E-02   2.61639E-03   9.10501E-01   3.54221E-03   3.26133E-02   1.82404E+04  -1.96048E+04  -2.03122E+04  -6.40145E+04  -1.36703E+05
   5.17276E-02   2.61363E-03   9.09541E-01   3.53848E-03   3.25789E-02   1.84311E+04  -1.95476E+04  -2.03266E+04  -6.40731E+04  -1.36600E+05
   5.27276E-02   2.61087E-03   9.08582E-01   3.53474E-03   3.25445E-02   1.86200E+04  -1.94907E+04  -2.03411E+04  -6.41319E+04  -1.36496E+05
   5.37276E-02   2.60812E-03   9.07623E-01   3.53101E-03   3.25102E-02   1.88071E+04  -1.94342E+04  -2.03557E+04  -6.41908E+04  -1.36393E+05
   5.47276E-02   2.60536E-03   9.06664E-01   3.52728E-03   3.24758E-02   1.89925E+04  -1.93780E+04  -2.03704E+04  -6.42500E+04  -1.36290E+05
   5.57276E-02   2.60260E-03   9.05705E-01   3.52355E-03   3.24415E-02   1.91759E+04  -1.93221E+04  -2.03852E+04  -6.43089E+04  -1.36187E+05
   5.67276E-02   2.59985E-03   9.04746E-01   3.51982E-03   3.24071E-02   1.93580E+04  -1.92666E+04  -2.04001E+04  -6.43683E+04  -1.36084E+05
   5.77276E-02   2.59709E-03   9.03786E-01   3.51609E-03   3.23728E-02   1.95386E+04  -1.92115E+04  -2.04152E+04  -6.44278E+04  -1.35980E+05
   5.87276E-02   2.59434E-03   9.02827E-01   3.51236E-03   3.23384E-02   1.97178E+04  -1.91567E+04  -2.04304E+04  -6.44876E+04  -1.35877E+05
   5.97276E-02   2.59158E-03   9.01868E-01   3.50862E-03   3.23040E-02   1.98955E+04  -1.91023E+04  -2.04457E+04  -6.45474E+04  -1.35774E+05
   6.07276E-02   2.58882E-03   9.00909E-01   3.50489E-03   3.22697E-02   2.00718E+04  -1.90483E+04  -2.04611E+04  -6.46074E+04  -1.35670E+05
   6.17276E-02   2.58607E-03   8.99950E-01   3.50116E-03   3.22353E-02   2.02469E+04  -1.89946E+04  -2.04766E+04  -6.46675E+04  -1.35567E+05
   6.27276E-02   2.58331E-03   8.98991E-01   3.49743E-03   3.22010E-02   2.04206E+04  -1.89413E+04  -2.04923E+04  -6.47278E+04  -1.35463E+05
   6.37276E-02   2.58056E-03   8.98031E-01   3.49370E-03   3.21666E-02   2.05931E+04  -1.88883E+04  -2.05080E+04  -6.47882E+04  -1.35359E+05
   6.47276E-02   2.57780E-03   8.97072E-01   3.48997E-03   3.21323E-02   2.07644E+04  -1.88358E+04  -2.05239E+04  -6.48487E+04  -1.35256E+05
   6.57276E-02   2.57504E-03   8.96113E-01   3.48624E-03   3.20979E-02   2.09345E+04  -1.87836E+04  -2.05399E+04  -6.49093E+04  -1.35152E+05
   6.67276E-02   2.57229E-03   8.95154E-01   3.48250E-03   3.20636E-02   2.11035E+04  -1.87318E+04  -2.05560E+04  -6.49701E+04  -1.35048E+05
   6.77276E-02   2.56953E-03   8.94195E-01   3.47877E-03   3.20292E-02   2.12714E+04  -1.86803E+04  -2.05723E+04  -6.50309E+04  -1.34944E+05
   6.87276E-02   2.56677E-03   8.93236E-01   3.47504E-03   3.19948E-02   2.14382E+04  -1.86293E+04  -2.05886E+04  -6.50918E+04  -1.34841E+05
   6.97276E-02   2.56402E-03   8.92277E-01   3.47131E-03   3.19605E-02   2.16040E+04  -1.85786E+04  -2.06051E+04  -6.51528E+04  -1.34737E+05
   7.07276E-02   2.56126E-03   8.91317E-01   3.46758E-03   3.19261E-02   2.17687E+04  -1.85283E+04  -2.06217E+04  -6.52138E+04  -1.34633E+05
   7.17276E-02   2.55851E-03   8.90358E-01   3.46385E-03   3.18918E-02   2.19324E+04  -1.84784E+04  -2.06385E+04  -6.52750E+04  -1.34529E+05
   7.27276E-02   2.55575E-03   8.89399E-01   3.46011E-03   3.18574E-02   2.20952E+04  -1.84288E+04  -2.06553E+04  -6.53361E+04  -1.34425E+05
   7.37276E-02   2.55299E-03   8.88440E-01   3.45638E-03   3.18231E-02   2.22570E+04  -1.83797E+04  -2.06723E+04  -6.53973E+04  -1.34321E+05
   7.47276E-02   2.55024E-03   8.87481E-01   3.45265E-03   3.17887E-02   2.24179E+04  -1.83309E+04  -2.06893E+04  -6.54586E+04  -1.34216E+05
   7.57276E-02   2.54748E-03   8.86522E-01   3.44892E-03   3.17544E-02   2.25779E+04  -1.82826E+04  -2.07065E+04  -6.55199E+04  -1.34112E+05
   7.67276E-02   2.54472E-03   8.85562E-01   3.44519E-03   3.17200E-02   2.27370E+04  -1.82346E+04  -2.07239E+04  -6.55811E+04  -1.34008E+05
   7.77276E-02   2.54197E-03   8.84603E-01   3.44146E-03   3.16856E-02   2.28953E+04  -1.81870E+04  -2.07413E+04  -6.56424E+04  -1.33904E+05
   7.87276E-02   2.53921E-03   8.83644E-01   3.43773E-03   3.16513E-02   2.30526E+04  -1.81398E+04  -2.07589E+04  -6.57037E+04  -1.33799E+05
   7.97276E-02   2.53646E-03   8.82685E-01   3.43399E-03   3.16169E-02   2.32091E+04  -1.80930E+04  -2.07765E+04  -6.57650E+04  -1.33695E+05
   8.07276E-02   2.53370E-03   8.81726E-01   3.43026E-03   3.15826E-02   2.33649E+04  -1.80466E+04  -2.07943E+04  -6.58262E+04  -1.33590E+05
   8.17276E-02   2.53094E-03   8.80767E-01   3.42653E-03   3.15482E-02   2.35197E+04  -1.80005E+04  -2.08123E+04  -6.58874E+04  -1.33485E+05
   8.27276E-02   2.52819E-03   8.79808E-01   3.42280E-03   3.15139E-02   2.36738E+04  -1.79549E+04  -2.08303E+04  -6.59485E+04  -1.33381E+05
   8.37276E-02   2.52543E-03   8.78848E-01   3.41907E-03   3.14795E-02   2.38271E+04  -1.79097E+04  -2.08485E+04  -6.60096E+04  -1.33276E+05
   8.47276E-02   2.52267E-03   8.77889E-01   3.41534E-03   3.14451E-02   2.39796E+04  -1.78648E+04  -2.08667E+04  -6.60705E+04  -1.33171E+05
   8.57276E-02   2.51992E-03   8.76930E-01   3.41161E-03   3.14108E-02   2.41314E+04  -1.78204E+04  -2.08851E+04  -6.61314E+04  -1.33066E+05
   8.67276E-02   2.51716E-03   8.75971E-01   3.40787E-03   3.13764E-02   2.42824E+04  -1.77764E+04  -2.09036E+04  -6.61922E+04  -1.32961E+05
   8.77276E-02   2.51441E-03   8.75012E-01   3.40414E-03   3.13421E-02   2.44327E+04  -1.77327E+04  -2.09222E+04  -6.62529E+04  -1.32856E+05
   8.87276E-02   2.51165E-03   8.74053E-01   3.40041E-03   3.13077E-02   2.45822E+04  -1.76895E+04  -2.09410E+04  -6.63134E+04  -1.32751E+05
   8.97276E-02   2.50889E-03   8.73093E-01   3.39668E-03   3.12734E-02   2.47309E+04  -1.76466E+04  -2.09598E+04  -6.63738E+04  -1.32646E+05
   9.07276E-02   2.50614E-03   8.72134E-01   3.39295E-03   3.12390E-02   2.48790E+04  -1.76041E+04  -2.09788E+04  -6.64340E+04  -1.32541E+05
   9.17276E-02   2.50338E-03   8.71175E-01   3.38922E-03   3.12047E-02   2.50264E+04  -1.75621E+04  -2.09979E+04  -6.64941E+04  -1.32435E+05
   9.27276E-02   2.50063E-03   8.70216E-01   3.38548E-03   3.11703E-02   2.51730E+04  -1.75204E+04  -2.10171E+04  -6.65539E+04  -1.32330E+05
   9.37276E-02   2.49787E-03   8.69257E-01   3.38175E-03   3.11359E-02   2.53189E+04  -1.74792E+04  -2.10364E+04  -6.66136E+04  -1.32224E+05
   9.47276E-02   2.49511E-03   8.68298E-01   3.37802E-03   3.11016E-02   2.54642E+04  -1.74383E+04  -2.10558E+04  -6.66730E+04  -1.32118E+05
   9.57276E-02   2.49236E-03   8.67338E-01   3.37429E-03   3.10672E-02   2.56087E+04  -1.73978E+04  -2.10754E+04  -6.67322E+04  -1.32013E+05
   9.67276E-02   2.48960E-03   8.66379E-01   3.37056E-03   3.10329E-02   2.57526E+04  -1.73577E+04  -2.10950E+04  -6.67912E+04  -1.31907E+05
   9.77276E-02   2.48684E-03   8.65420E-01   3.36683E-03   3.09985E-02   2.58958E+04  -1.73180E+04  -2.11148E+04  -6.68499E+04  -1.31801E+05
   9.87276E-02   2.48409E-03   8.64461E-01   3.36310E-03   3.09642E-02   2.60383E+04  -1.72787E+04  -2.11346E+04  -6.69084E+04  -1.31695E+05
   9.97276E-02   2.48133E-03   8.63502E-01   3.35936E-03   3.09298E-02   2.61801E+04  -1.72399E+04  -2.11546E+04  -6.69665E+04  -1.31588E+05
   1.00728E-01   2.47858E-03   8.62543E-01   3.35563E-03   3.08955E-02   2.63212E+04  -1.72013E+04  -2.11747E+04  -6.70244E+04  -1.31482E+05
   1.01728E-01   2.47582E-03   8.61584E-01   3.35190E-03   3.08611E-02   2.64617E+04  -1.71632E+04  -2.11949E+04  -6.70819E+04  -1.31376E+05
   1.02728E-01   2.47306E-03   8.60624E-01   3.34817E-03   3.08267E-02   2.66016E+04  -1.71255E+04  -2.12152E+04  -6.71391E+04  -1.31269E+05
   1.03728E-01   2.47031E-03   8.59665E-01   3.34444E-03   3.07924E-02   2.67408E+04  -1.70882E+04  -2.12356E+04  -6.71959E+04  -1.31162E+05
   1.04728E-01   2.46755E-03   8.58706E-01   3.34071E-03   3.07580E-02   2.68793E+04  -1.70512E+04  -2.12561E+04  -6.72524E+04  -1.31055E+05
   1.05728E-01   2.46479E-03   8.57747E-01   3.33698E-03   3.07237E-02   2.70171E+04  -1.70147E+04  -2.12768E+04  -6.73085E+04  -1.30948E+05
   1.06728E-01   2.46204E-03   8.56788E-01   3.33324E-03   3.06893E-02   2.71544E+04  -1.69785E+04  -2.12975E+04  -6.73641E+04  -1.30841E+05
   1.07728E-01   2.45928E-03   8.55829E-01   3.32951E-03   3.06550E-02   2.72909E+04  -1.69427E+04  -2.13183E+04  -6.74194E+04  -1.30734E+05
   1.08728E-01   2.45653E-03   8.54869E-01   3.32578E-03   3.06206E-02   2.74269E+04  -1.69073E+04  -2.13393E+04  -6.74743E+04  -1.30627E+05
   1.09728E-01   2.45377E-03   8.53910E-01   3.32205E-03   3.05862E-02   2.75622E+04  -1.68723E+04  -2.13603E+04  -6.75286E+04  -1.30519E+05
   1.10728E-01   2.45101E-03   8.52951E-01   3.31832E-03   3.05519E-02   2.76968E+04  -1.68377E+04  -2.13814E+04  -6.75826E+04  -1.30411E+05
   1.11728E-01   2.44826E-03   8.51992E-01   3.31459E-03   3.05175E-02   2.78308E+04  -1.68034E+04  -2.14027E+04  -6.76360E+04  -1.30303E+05
   1.12728E-01   2.44550E-03   8.51033E-01   3.31085E-03   3.04832E-02   2.79642E+04  -1.67695E+04  -2.14240E+04  -6.76890E+04  -1.30195E+05
   1.13728E-01   2.44275E-03   8.50074E-01   3.30712E-03   3.04488E-02   2.80969E+04  -1.67360E+04  -2.14455E+04  -6.77414E+04  -1.30087E+05
   1.14728E-01   2.43999E-03   8.49115E-01   3.30339E-03   3.04145E-02   2.82290E+04  -1.67029E+04  -2.14670E+04  -6.77933E+04  -1.29978E+05
   1.15728E-01   2.43723E-03   8.48155E-01   3.29966E-03   3.03801E-02   2.83605E+04  -1.66702E+04  -2.14886E+04  -6.78447E+04  -1.29870E+05
   1.16728E-01   2.43448E-03   8.47196E-01   3.29593E-03   3.03458E-02   2.84914E+04  -1.66378E+04  -2.15104E+04  -6.78955E+04  -1.29761E+05
   1.17728E-01   2.43172E-03   8.46237E-01   3.29220E-03   3.03114E-02   2.86216E+04  -1.66058E+04  -2.15322E+04  -6.79458E+04  -1.29652E+05
   1.18728E-01   2.42896E-03   8.45278E-01   3.28847E-03   3.02770E-02   2.87512E+04  -1.65741E+04  -2.15541E+04  -6.79954E+04  -1.29543E+05
   1.19728E-01   2.42621E-03   8.44319E-01   3.28473E-03   3.02427E-02   2.88802E+04  -1.65428E+04  -2.15761E+04  -6.80444E+04  -1.29433E+05
   1.20728E-01   2.42345E-03   8.43360E-01   3.28100E-03   3.02083E-02   2.90085E+04  -1.65119E+04  -2.15983E+04  -6.80928E+04  -1.29324E+05
   1.21728E-01   2.42070E-03   8.42400E-01   3.27727E-03   3.01740E-02   2.91363E+04  -1.64814E+04  -2.16205E+04  -6.81406E+04  -1.29214E+05
   1.22728E-01   2.41794E-03   8.41441E-01   3.27354E-03   3.01396E-02   2.92634E+04  -1.64512E+04  -2.16428E+04  -6.81877E+04  -1.29104E+05
   1.23728E-01   2.41518E-03   8.40482E-01   3.26981E-03   3.01053E-02   2.93899E+04  -1.64214E+04  -2.16652E+04  -6.82341E+04  -1.28994E+05
   1.24728E-01   2.41243E-03   8.39523E-01   3.26608E-03   3.00709E-02   2.95158E+04  -1.63919E+04  -2.16876E+04  -6.82799E+04  -1.28883E+05
   1.25728E-01   2.40967E-03   8.38564E-01   3.26235E-03   3.00365E-02   2.96411E+04  -1.63628E+04  -2.17102E+04  -6.83249E+04  -1.28772E+05
   1.26728E-01   2.40691E-03   8.37605E-01   3.25861E-03   3.00022E-02   2.97658E+04  -1.63340E+04  -2.17329E+04  -6.83692E+04  -1.28662E+05
   1.27728E-01   2.40416E-03   8.36645E-01   3.25488E-03   2.99678E-02   2.98898E+04  -1.63056E+04  -2.17556E+04  -6.84128E+04  -1.28550E+05
   1.28728E-01   2.40140E-03   8.35686E-01   3.25115E-03   2.99335E-02   3.00133E+04  -1.62775E+04  -2.17785E+04  -6.84556E+04  -1.28439E+05
   1.29728E-01   2.39865E-03   8.34727E-01   3.24742E-03   2.98991E-02   3.01361E+04  -1.62497E+04  -2.18014E+04  -6.84976E+04  -1.28327E+05
   1.30728E-01   2.39589E-03   8.33768E-01   3.24369E-03   2.98648E-02   3.02584E+04  -1.62223E+04  -2.18244E+04  -6.85388E+04  -1.28215E+05
   1.31728E-01   2.39313E-03   8.32809E-01   3.23996E-03   2.98304E-02   3.03800E+04  -1.61953E+04  -2.18475E+04  -6.85792E+04  -1.28103E+05
   1.32728E-01   2.39038E-03   8.31850E-01   3.23622E-03   2.97961E-02   3.05011E+04  -1.61686E+04  -2.18707E+04  -6.86188E+04  -1.27990E+05
   1.33728E-01   2.38762E-03   8.30891E-01   3.23249E-03   2.97617E-02   3.06215E+04  -1.61422E+04  -2.18940E+04  -6.86575E+04  -1.27878E+05
   1.34728E-01   2.38486E-03   8.29931E-01   3.22876E-03   2.97273E-02   3.07414E+04  -1.61161E+04  -2.19173E+04  -6.86953E+04  -1.27764E+05
   1.35728E-01   2.38211E-03   8.28972E-01   3.22503E-03   2.96930E-02   3.08607E+04  -1.60904E+04  -2.19407E+04  -6.87323E+04  -1.27651E+05
   1.36728E-01   2.37935E-03   8.28013E-01   3.22130E-03   2.96586E-02   3.09793E+04  -1.60650E+04  -2.19643E+04  -6.87684E+04  -1.27537E+05
   1.37728E-01   2.37660E-03   8.27054E-01   3.21757E-03   2.96243E-02   3.10974E+04  -1.60399E+04  -2.19879E+04  -6.88035E+04  -1.27423E+05
   1.38728E-01   2.37384E-03   8.26095E-01   3.21384E-03   2.95899E-02   3.12149E+04  -1.60151E+04  -2.20115E+04  -6.88377E+04  -1.27309E+05
   1.39728E-01   2.37108E-03   8.25136E-01   3.21010E-03   2.95556E-02   3.13318E+04  -1.59907E+04  -2.20353E+04  -6.88709E+04  -1.27194E+05
   1.40728E-01   2.36833E-03   8.24176E-01   3.20637E-03   2.95212E-02   3.14481E+04  -1.59665E+04  -2.20591E+04  -6.89031E+04  -1.27079E+05
   1.41728E-01   2.36557E-03   8.23217E-01   3.20264E-03   2.94869E-02   3.15638E+04  -1.59427E+04  -2.20830E+04  -6.89344E+04  -1.26964E+05
   1.42728E-01   2.36282E-03   8.22258E-01   3.19891E-03   2.94525E-02   3.16789E+04  -1.59191E+04  -2.21070E+04  -6.89645E+04  -1.26848E+05
   1.43728E-01   2.36006E-03   8.21299E-01   3.19518E-03   2.94181E-02   3.17934E+04  -1.58959E+04  -2.21311E+04  -6.89937E+04  -1.26732E+05
   1.44728E-01   2.35730E-03   8.20340E-01   3.19145E-03   2.93838E-02   3.19073E+04  -1.58729E+04  -2.21552E+04  -6.90217E+04  -1.26616E+05
   1.45728E-01   2.35455E-03   8.19381E-01   3.18772E-03   2.93494E-02   3.20206E+04  -1.58503E+04  -2.21795E+04  -6.90486E+04  -1.26499E+05
   1.46728E-01   2.35179E-03   8.18422E-01   3.18398E-03   2.93151E-02   3.21333E+04  -1.58279E+04  -2.22037E+04  -6.90743E+04  -1.26382E+05
   1.47728E-01   2.34903E-03   8.17462E-01   3.18025E-03   2.92807E-02   3.22454E+04  -1.58058E+04  -2.22281E+04  -6.90989E+04  -1.26264E+05
   1.48728E-01   2.34628E-03   8.16503E-01   3.17652E-03   2.92464E-02   3.23569E+04  -1.57839E+04  -2.22525E+04  -6.91223E+04  -1.26147E+05
   1.49728E-01   2.34352E-03   8.15544E-01   3.17279E-03   2.92120E-02   3.24677E+04  -1.57624E+04  -2.22770E+04  -6.91444E+04  -1.26028E+05
   1.50728E-01   2.34077E-03   8.14585E-01   3.16906E-03   2.91776E-02   3.25780E+04  -1.57410E+04  -2.23016E+04  -6.91653E+04  -1.25909E+05
   1.51728E-01   2.33801E-03   8.13626E-01   3.16533E-03   2.91433E-02   3.26876E+04  -1.57200E+04  -2.23262E+04  -6.91848E+04  -1.25790E+05
   1.52728E-01   2.33525E-03   8.12667E-01   3.16159E-03   2.91089E-02   3.27965E+04  -1.56991E+04  -2.23508E+04  -6.92030E+04  -1.25671E+05
   1.53728E-01   2.33250E-03   8.11707E-01   3.15786E-03   2.90746E-02   3.29048E+04  -1.56785E+04  -2.23756E+04  -6.92197E+04  -1.25550E+05
   1.54728E-01   2.32974E-03   8.10748E-01   3.15413E-03   2.90402E-02   3.30124E+04  -1.56581E+04  -2.24004E+04  -6.92350E+04  -1.25430E+05
   1.55728E-01   2.32698E-03   8.09789E-01   3.15040E-03   2.90059E-02   3.31194E+04  -1.56379E+04  -2.24252E+04  -6.92487E+04  -1.25309E+05
   1.56728E-01   2.32423E-03   8.08830E-01   3.14667E-03   2.89715E-02   3.32256E+04  -1.56179E+04  -2.24500E+04  -6.92609E+04  -1.25187E+05
   1.57728E-01   2.32147E-03   8.07871E-01   3.14294E-03   2.89372E-02   3.33311E+04  -1.55981E+04  -2.24750E+04  -6.92714E+04  -1.25065E+05
   1.58728E-01   2.31872E-03   8.06912E-01   3.13921E-03   2.89028E-02   3.34358E+04  -1.55784E+04  -2.24999E+04  -6.92802E+04  -1.24942E+05
   1.59728E-01   2.31596E-03   8.05952E-01   3.13547E-03   2.88684E-02   3.35397E+04  -1.55589E+04  -2.25249E+04  -6.92872E+04  -1.24819E+05
   1.60728E-01   2.31320E-03   8.04993E-01   3.13174E-03   2.88341E-02   3.36429E+04  -1.55394E+04  -2.25499E+04  -6.92923E+04  -1.24695E+05
   1.61728E-01   2.31045E-03   8.04034E-01   3.12801E-03   2.87997E-02   3.37452E+04  -1.55201E+04  -2.25749E+04  -6.92954E+04  -1.24571E+05
   1.62728E-01   2.30769E-03   8.03075E-01   3.12428E-03   2.87654E-02   3.38466E+04  -1.55009E+04  -2.25999E+04  -6.92964E+04  -1.24446E+05
   1.63728E-01   2.30494E-03   8.02116E-01   3.12055E-03   2.87310E-02   3.39470E+04  -1.54817E+04  -2.26249E+04  -6.92952E+04  -1.24320E+05
   1.64728E-01   2.30218E-03   8.01157E-01   3.11682E-03   2.86967E-02   3.40465E+04  -1.54625E+04  -2.26498E+04  -6.92917E+04  -1.24193E+05
   1.65728E-01   2.29942E-03   8.00198E-01   3.11309E-03   2.86623E-02   3.41449E+04  -1.54433E+04  -2.26748E+04  -6.92856E+04  -1.24066E+05
   1.66728E-01   2.29667E-03   7.99238E-01   3.10935E-03   2.86280E-02   3.42422E+04  -1.54241E+04  -2.26997E+04  -6.92769E+04  -1.23938E+05
   1.67728E-01   2.29391E-03   7.98279E-01   3.10562E-03   2.85936E-02   3.43383E+04  -1.54047E+04  -2.27245E+04  -6.92654E+04  -1.23809E+05
   1.68728E-01   2.29115E-03   7.97320E-01   3.10189E-03   2.85592E-02   3.44331E+04  -1.53852E+04  -2.27493E+04  -6.92509E+04  -1.23679E+05
   1.69728E-01   2.28840E-03   7.96361E-01   3.09816E-03   2.85249E-02   3.45265E+04  -1.53655E+04  -2.27739E+04  -6.92331E+04  -1.23549E+05
   1.70728E-01   2.28564E-03   7.95402E-01   3.09443E-03   2.84905E-02   3.46185E+04  -1.53455E+04  -2.27984E+04  -6.92118E+04  -1.23417E+05
   1.71728E-01   2.28289E-03   7.94443E-01   3.09070E-03   2.84562E-02   3.47089E+04  -1.53252E+04  -2.28228E+04  -6.91868E+04  -1.23284E+05
   1.72728E-01   2.28013E-03   7.93483E-01   3.08696E-03   2.84218E-02   3.47975E+04  -1.53045E+04  -2.28470E+04  -6.91576E+04  -1.23150E+05
   1.73728E-01   2.27737E-03   7.92524E-01   3.08323E-03   2.83875E-02   3.48843E+04  -1.52833E+04  -2.28710E+04  -6.91241E+04  -1.23015E+05
   1.74728E-01   2.27462E-03   7.91565E-01   3.07950E-03   2.83531E-02   3.49690E+04  -1.52615E+04  -2.28947E+04  -6.90858E+04  -1.22878E+05
   1.75728E-01   2.27186E-03   7.90606E-01   3.07577E-03   2.83187E-02   3.50515E+04  -1.52390E+04  -2.29182E+04  -6.90423E+04  -1.22740E+05
   1.76728E-01   2.26910E-03   7.89647E-01   3.07204E-03   2.82844E-02   3.51315E+04  -1.52157E+04  -2.29413E+04  -6.89932E+04  -1.22601E+05
   1.77728E-01   2.26635E-03   7.88688E-01   3.06831E-03   2.82500E-02   3.52088E+04  -1.51915E+04  -2.29640E+04  -6.89379E+04  -1.22459E+05
   1.78728E-01   2.26359E-03   7.87729E-01   3.06458E-03   2.82157E-02   3.52180E+04  -1.51377E+04  -2.29730E+04  -6.87557E+04  -1.22289E+05
   1.79728E-01   2.26084E-03   7.86769E-01   3.06084E-03   2.81813E-02   3.51765E+04  -1.50614E+04  -2.29718E+04  -6.84774E+04  -1.22095E+05
   1.80728E-01   2.25808E-03   7.85810E-01   3.05711E-03   2.81470E-02   3.51489E+04  -1.49903E+04  -2.29735E+04  -6.82211E+04  -1.21906E+05
   1.81728E-01   2.25532E-03   7.84851E-01   3.05338E-03   2.81126E-02   3.51340E+04  -1.49243E+04  -2.29778E+04  -6.79853E+04  -1.21721E+05
   1.82728E-01   2.25257E-03   7.83892E-01   3.04965E-03   2.80783E-02   3.51311E+04  -1.48631E+04  -2.29846E+04  -6.77685E+04  -1.21540E+05
   1.83728E-01   2.24981E-03   7.82933E-01   3.04592E-03   2.80439E-02   3.51392E+04  -1.48063E+04  -2.29938E+04  -6.75695E+04  -1.21362E+05
   1.84728E-01   2.24705E-03   7.81974E-01   3.04219E-03   2.80095E-02   3.51577E+04  -1.47539E+04  -2.30053E+04  -6.73871E+04  -1.21187E+05
   1.85728E-01   2.24430E-03   7.81014E-01   3.03846E-03   2.79752E-02   3.51859E+04  -1.47056E+04  -2.30189E+04  -6.72203E+04  -1.21016E+05
   1.86728E-01   2.24154E-03   7.80055E-01   3.03472E-03   2.79408E-02   3.52232E+04  -1.46612E+04  -2.30345E+04  -6.70682E+04  -1.20848E+05
   1.87728E-01   2.23879E-03   7.79096E-01   3.03099E-03   2.79065E-02   3.52689E+04  -1.46206E+04  -2.30521E+04  -6.69297E+04  -1.20682E+05
   1.88728E-01   2.23603E-03   7.78137E-01   3.02726E-03   2.78721E-02   3.53226E+04  -1.45836E+04  -2.30715E+04  -6.68042E+04  -1.20520E+05
   1.89728E-01   2.23327E-03   7.77178E-01   3.02353E-03   2.78378E-02   3.53838E+04  -1.45500E+04  -2.30927E+04  -6.66908E+04  -1.20359E+05
   1.90728E-01   2.23052E-03   7.76219E-01   3.01980E-03   2.78034E-02   3.54521E+04  -1.45199E+04  -2.31155E+04  -6.65890E+04  -1.20201E+05
   1.91728E-01   2.22776E-03   7.75259E-01   3.01607E-03   2.77691E-02   3.55270E+04  -1.44930E+04  -2.31400E+04  -6.64980E+04  -1.20046E+05
   1.92728E-01   2.22501E-03   7.74300E-01   3.01233E-03   2.77347E-02   3.56081E+04  -1.44692E+04  -2.31660E+04  -6.64172E+04  -1.19892E+05
   1.93728E-01   2.22225E-03   7.73341E-01   3.00860E-03   2.77003E-02   3.56952E+04  -1.44485E+04  -2.31935E+04  -6.63462E+04  -1.19741E+05
   1.94728E-01   2.21949E-03   7.72382E-01   3.00487E-03   2.76660E-02   3.57879E+04  -1.44307E+04  -2.32224E+04  -6.62844E+04  -1.19592E+05
   1.95728E-01   2.21674E-03   7.71423E-01   3.00114E-03   2.76316E-02   3.58858E+04  -1.44158E+04  -2.32528E+04  -6.62314E+04  -1.19444E+05
   1.96728E-01   2.21398E-03   7.70464E-01   2.99741E-03   2.75973E-02   3.59888E+04  -1.44037E+04  -2.32844E+04  -6.61867E+04  -1.19299E+05
   1.97728E-01   2.21122E-03   7.69505E-01   2.99368E-03   2.75629E-02   3.60966E+04  -1.43943E+04  -2.33173E+04  -6.61499E+04  -1.19155E+05
   1.98728E-01   2.20847E-03   7.68545E-01   2.98995E-03   2.75286E-02   3.62089E+04  -1.43876E+04  -2.33515E+04  -6.61207E+04  -1.19013E+05
   1.99728E-01   2.20571E-03   7.67586E-01   2.98621E-03   2.74942E-02   3.63255E+04  -1.43834E+04  -2.33869E+04  -6.60986E+04  -1.18872E+05
   2.00728E-01   2.20296E-03   7.66627E-01   2.98248E-03   2.74598E-02   3.64461E+04  -1.43818E+04  -2.34234E+04  -6.60835E+04  -1.18733E+05
   2.01728E-01   2.20020E-03   7.65668E-01   2.97875E-03   2.74255E-02   3.65707E+04  -1.43827E+04  -2.34611E+04  -6.60749E+04  -1.18596E+05
   2.02728E-01   2.19744E-03   7.64709E-01   2.97502E-03   2.73911E-02   3.66990E+04  -1.43861E+04  -2.34998E+04  -6.60727E+04  -1.18460E+05
   2.03728E-01   2.19469E-03   7.63750E-01   2.97129E-03   2.73568E-02   3.68308E+04  -1.43918E+04  -2.35397E+04  -6.60764E+04  -1.18325E+05
   2.04728E-01   2.19193E-03   7.62790E-01   2.96756E-03   2.73224E-02   3.69660E+04  -1.43999E+04  -2.35806E+04  -6.60859E+04  -1.18192E+05
   2.05728E-01   2.18917E-03   7.61831E-01   2.96383E-03   2.72881E-02   3.71044E+04  -1.44103E+04  -2.36225E+04  -6.61010E+04  -1.18060E+05
   2.06728E-01   2.18642E-03   7.60872E-01   2.96009E-03   2.72537E-02   3.72460E+04  -1.44230E+04  -2.36654E+04  -6.61214E+04  -1.17930E+05
   2.07728E-01   2.18366E-03   7.59913E-01   2.95636E-03   2.72194E-02   3.73904E+04  -1.44380E+04  -2.37092E+04  -6.61469E+04  -1.17800E+05
   2.08728E-01   2.18091E-03   7.58954E-01   2.95263E-03   2.71850E-02   3.75377E+04  -1.44552E+04  -2.37541E+04  -6.61773E+04  -1.17672E+05
   2.09728E-01   2.17815E-03   7.57995E-01   2.94890E-03   2.71506E-02   3.76878E+04  -1.44745E+04  -2.37998E+04  -6.62125E+04  -1.17545E+05
   2.10728E-01   2.17539E-03   7.57036E-01   2.94517E-03   2.71163E-02   3.78404E+04  -1.44961E+04  -2.38464E+04  -6.62522E+04  -1.17419E+05
   2.11728E-01   2.17264E-03   7.56076E-01   2.94144E-03   2.70819E-02   3.79955E+04  -1.45198E+04  -2.38940E+04  -6.62964E+04  -1.17295E+05
   2.12728E-01   2.16988E-03   7.55117E-01   2.93770E-03   2.70476E-02   3.81530E+04  -1.45456E+04  -2.39424E+04  -6.63447E+04  -1.17171E+05
   2.13728E-01   2.16713E-03   7.54158E-01   2.93397E-03   2.70132E-02   3.83128E+04  -1.45735E+04  -2.39916E+04  -6.63972E+04  -1.17049E+05
   2.14728E-01   2.16437E-03   7.53199E-01   2.93024E-03   2.69789E-02   3.84749E+04  -1.46035E+04  -2.40417E+04  -6.64537E+04  -1.16927E+05
   2.15728E-01   2.16161E-03   7.52240E-01   2.92651E-03   2.69445E-02   3.86390E+04  -1.46356E+04  -2.40927E+04  -6.65139E+04  -1.16807E+05
   2.16728E-01   2.15886E-03   7.51281E-01   2.92278E-03   2.69101E-02   3.88053E+04  -1.46697E+04  -2.41444E+04  -6.65779E+04  -1.16687E+05
   2.17728E-01   2.15610E-03   7.50321E-01   2.91905E-03   2.68758E-02   3.89734E+04  -1.47058E+04  -2.41969E+04  -6.66455E+04  -1.16569E+05
   2.18728E-01   2.15334E-03   7.49362E-01   2.91532E-03   2.68414E-02   3.91435E+04  -1.47440E+04  -2.42503E+04  -6.67166E+04  -1.16451E+05
   2.19728E-01   2.15059E-03   7.48403E-01   2.91158E-03   2.68071E-02   3.93155E+04  -1.47842E+04  -2.43044E+04  -6.67910E+04  -1.16335E+05
   2.20728E-01   2.14783E-03   7.47444E-01   2.90785E-03   2.67727E-02   3.94892E+04  -1.48264E+04  -2.43592E+04  -6.68687E+04  -1.16219E+05
   2.21728E-01   2.14508E-03   7.46485E-01   2.90412E-03   2.67384E-02   3.96646E+04  -1.48706E+04  -2.44149E+04  -6.69496E+04  -1.16104E+05
   2.22728E-01   2.14232E-03   7.45526E-01   2.90039E-03   2.67040E-02   3.98417E+04  -1.49167E+04  -2.44712E+04  -6.70336E+04  -1.15991E+05
   2.23728E-01   2.13956E-03   7.44566E-01   2.89666E-03   2.66697E-02   4.00203E+04  -1.49648E+04  -2.45283E+04  -6.71206E+04  -1.15878E+05
   2.24728E-01   2.13681E-03   7.43607E-01   2.89293E-03   2.66353E-02   4.02005E+04  -1.50149E+04  -2.45861E+04  -6.72105E+04  -1.15766E+05
   2.25728E-01   2.13405E-03   7.42648E-01   2.88920E-03   2.66009E-02   4.03822E+04  -1.50670E+04  -2.46447E+04  -6.73033E+04  -1.15654E+05
   2.26728E-01   2.13129E-03   7.41689E-01   2.88546E-03   2.65666E-02   4.05654E+04  -1.51210E+04  -2.47039E+04  -6.73988E+04  -1.15544E+05
   2.27728E-01   2.12854E-03   7.40730E-01   2.88173E-03   2.65322E-02   4.07499E+04  -1.51769E+04  -2.47639E+04  -6.74971E+04  -1.15435E+05
   2.28728E-01   2.12578E-03   7.39771E-01   2.87800E-03   2.64979E-02   4.09358E+04  -1.52348E+04  -2.48245E+04  -6.75980E+04  -1.15326E+05
   2.29728E-01   2.12303E-03   7.38812E-01   2.87427E-03   2.64635E-02   4.11230E+04  -1.52946E+04  -2.48859E+04  -6.77014E+04  -1.15218E+05
   2.30728E-01   2.12027E-03   7.37852E-01   2.87054E-03   2.64292E-02   4.13115E+04  -1.53564E+04  -2.49479E+04  -6.78074E+04  -1.15111E+05
   2.31728E-01   2.11751E-03   7.36893E-01   2.86681E-03   2.63948E-02   4.15012E+04  -1.54201E+04  -2.50106E+04  -6.79158E+04  -1.15005E+05
   2.32728E-01   2.11476E-03   7.35934E-01   2.86307E-03   2.63605E-02   4.16922E+04  -1.54857E+04  -2.50740E+04  -6.80266E+04  -1.14899E+05
   2.33728E-01   2.11200E-03   7.34975E-01   2.85934E-03   2.63261E-02   4.18843E+04  -1.55533E+04  -2.51380E+04  -6.81397E+04  -1.14794E+05
   2.34728E-01   2.10924E-03   7.34016E-01   2.85561E-03   2.62917E-02   4.20775E+04  -1.56227E+04  -2.52027E+04  -6.82551E+04  -1.14691E+05
   2.35728E-01   2.10649E-03   7.33057E-01   2.85188E-03   2.62574E-02   4.22718E+04  -1.56941E+04  -2.52680E+04  -6.83728E+04  -1.14587E+05
   2.36728E-01   2.10373E-03   7.32097E-01   2.84815E-03   2.62230E-02   4.24672E+04  -1.57675E+04  -2.53340E+04  -6.84927E+04  -1.14485E+05
   2.37728E-01   2.10098E-03   7.31138E-01   2.84442E-03   2.61887E-02   4.26637E+04  -1.58427E+04  -2.54007E+04  -6.86147E+04  -1.14383E+05
   2.38728E-01   2.09822E-03   7.30179E-01   2.84069E-03   2.61543E-02   4.28611E+04  -1.59199E+04  -2.54680E+04  -6.87388E+04  -1.14282E+05
   2.39728E-01   2.09546E-03   7.29220E-01   2.83695E-03   2.61200E-02   4.30596E+04  -1.59990E+04  -2.55359E+04  -6.88650E+04  -1.14182E+05
   2.40728E-01   2.09271E-03   7.28261E-01   2.83322E-03   2.60856E-02   4.32590E+04  -1.60801E+04  -2.56045E+04  -6.89932E+04  -1.14083E+05
   2.41728E-01   2.08995E-03   7.27302E-01   2.82949E-03   2.60512E-02   4.34593E+04  -1.61631E+04  -2.56737E+04  -6.91234E+04  -1.13984E+05
   2.42728E-01   2.08720E-03   7.26343E-01   2.82576E-03   2.60169E-02   4.36606E+04  -1.62480E+04  -2.57435E+04  -6.92556E+04  -1.13886E+05
   2.43728E-01   2.08444E-03   7.25383E-01   2.82203E-03   2.59825E-02   4.38627E+04  -1.63348E+04  -2.58139E+04  -6.93897E+04  -1.13789E+05
   2.44728E-01   2.08168E-03   7.24424E-01   2.81830E-03   2.59482E-02   4.40658E+04  -1.64236E+04  -2.58850E+04  -6.95256E+04  -1.13692E+05
   2.45728E-01   2.07893E-03   7.23465E-01   2.81457E-03   2.59138E-02   4.42696E+04  -1.65144E+04  -2.59567E+04  -6.96634E+04  -1.13596E+05
   2.46728E-01   2.07617E-03   7.22506E-01   2.81083E-03   2.58795E-02   4.44743E+04  -1.66071E+04  -2.60290E+04  -6.98031E+04  -1.13501E+05
   2.47728E-01   2.07341E-03   7.21547E-01   2.80710E-03   2.58451E-02   4.46798E+04  -1.67017E+04  -2.61020E+04  -6.99445E+04  -1.13406E+05
   2.48728E-01   2.07066E-03   7.20588E-01   2.80337E-03   2.58108E-02   4.48861E+04  -1.67983E+04  -2.61755E+04  -7.00877E+04  -1.13313E+05
   2.49728E-01   2.06790E-03   7.19628E-01   2.79964E-03   2.57764E-02   4.50932E+04  -1.68969E+04  -2.62497E+04  -7.02327E+04  -1.13219E+05
   2.50728E-01   2.06515E-03   7.18669E-01   2.79591E-03   2.57420E-02   4.53011E+04  -1.69975E+04  -2.63244E+04  -7.03793E+04  -1.13127E+05
   2.51728E-01   2.06239E-03   7.17710E-01   2.79218E-03   2.57077E-02   4.55096E+04  -1.71000E+04  -2.63998E+04  -7.05277E+04  -1.13035E+05
   2.52728E-01   2.05963E-03   7.16751E-01   2.78844E-03   2.56733E-02   4.57189E+04  -1.72045E+04  -2.64758E+04  -7.06777E+04  -1.12944E+05
   2.53728E-01   2.05688E-03   7.15792E-01   2.78471E-03   2.56390E-02   4.59289E+04  -1.73109E+04  -2.65524E+04  -7.08293E+04  -1.12854E+05
   2.54728E-01   2.05412E-03   7.14833E-01   2.78098E-03   2.56046E-02   4.61396E+04  -1.74194E+04  -2.66295E+04  -7.09826E+04  -1.12764E+05
   2.55728E-01   2.05136E-03   7.13873E-01   2.77725E-03   2.55703E-02   4.63510E+04  -1.75299E+04  -2.67073E+04  -7.11375E+04  -1.12675E+05
   2.56728E-01   2.04861E-03   7.12914E-01   2.77352E-03   2.55359E-02   4.65630E+04  -1.76423E+04  -2.67857E+04  -7.12940E+04  -1.12587E+05
   2.57728E-01   2.04585E-03   7.11955E-01   2.76979E-03   2.55016E-02   4.67758E+04  -1.77568E+04  -2.68647E+04  -7.14520E+04  -1.12499E+05
   2.58728E-01   2.04310E-03   7.10996E-01   2.76606E-03   2.54672E-02   4.69891E+04  -1.78733E+04  -2.69443E+04  -7.16115E+04  -1.12412E+05
   2.59728E-01   2.04034E-03   7.10037E-01   2.76232E-03   2.54328E-02   4.72031E+04  -1.79918E+04  -2.70245E+04  -7.17726E+04  -1.12326E+05
   2.60728E-01   2.03758E-03   7.09078E-01   2.75859E-03   2.53985E-02   4.74177E+04  -1.81124E+04  -2.71053E+04  -7.19352E+04  -1.12241E+05
   2.61728E-01   2.03483E-03   7.08119E-01   2.75486E-03   2.53641E-02   4.76328E+04  -1.82350E+04  -2.71867E+04  -7.20993E+04  -1.12156E+05
   2.62728E-01   2.03207E-03   7.07159E-01   2.75113E-03   2.53298E-02   4.78486E+04  -1.83596E+04  -2.72686E+04  -7.22649E+04  -1.12071E+05
   2.63728E-01   2.02931E-03   7.06200E-01   2.74740E-03   2.52954E-02   4.80650E+04  -1.84863E+04  -2.73512E+04  -7.24319E+04  -1.11988E+05
   2.64728E-01   2.02656E-03   7.05241E-01   2.74367E-03   2.52611E-02   4.82820E+04  -1.86151E+04  -2.74344E+04  -7.26004E+04  -1.11905E+05
   2.65728E-01   2.02380E-03   7.04282E-01   2.73994E-03   2.52267E-02   4.84995E+04  -1.87459E+04  -2.75182E+04  -7.27703E+04  -1.11823E+05
   2.66728E-01   2.02105E-03   7.03323E-01   2.73620E-03   2.51923E-02   4.87175E+04  -1.88788E+04  -2.76025E+04  -7.29416E+04  -1.11741E+05
   2.67728E-01   2.01829E-03   7.02364E-01   2.73247E-03   2.51580E-02   4.89362E+04  -1.90138E+04  -2.76875E+04  -7.31143E+04  -1.11660E+05
   2.68728E-01   2.01553E-03   7.01404E-01   2.72874E-03   2.51236E-02   4.91553E+04  -1.91509E+04  -2.77730E+04  -7.32884E+04  -1.11580E+05
   2.69728E-01   2.01278E-03   7.00445E-01   2.72501E-03   2.50893E-02   4.93750E+04  -1.92902E+04  -2.78592E+04  -7.34639E+04  -1.11500E+05
   2.70728E-01   2.01002E-03   6.99486E-01   2.72128E-03   2.50549E-02   4.95952E+04  -1.94315E+04  -2.79459E+04  -7.36408E+04  -1.11422E+05
   2.71728E-01   2.00727E-03   6.98527E-01   2.71755E-03   2.50206E-02   4.98159E+04  -1.95750E+04  -2.80333E+04  -7.38190E+04  -1.11343E+05
   2.72728E-01   2.00451E-03   6.97568E-01   2.71382E-03   2.49862E-02   5.00371E+04  -1.97206E+04  -2.81212E+04  -7.39986E+04  -1.11266E+05
   2.73728E-01   2.00175E-03   6.96609E-01   2.71008E-03   2.49519E-02   5.02588E+04  -1.98683E+04  -2.82097E+04  -7.41795E+04  -1.11189E+05
   2.74728E-01   1.99900E-03   6.95650E-01   2.70635E-03   2.49175E-02   5.04810E+04  -2.00182E+04  -2.82988E+04  -7.43617E+04  -1.11113E+05
   2.75728E-01   1.99624E-03   6.94690E-01   2.70262E-03   2.48831E-02   5.07037E+04  -2.01703E+04  -2.83886E+04  -7.45453E+04  -1.11037E+05
   2.76728E-01   1.99348E-03   6.93731E-01   2.69889E-03   2.48488E-02   5.09269E+04  -2.03245E+04  -2.84789E+04  -7.47301E+04  -1.10962E+05
   2.77728E-01   1.99073E-03   6.92772E-01   2.69516E-03   2.48144E-02   5.11505E+04  -2.04810E+04  -2.85698E+04  -7.49163E+04  -1.10888E+05
   2.78728E-01   1.98797E-03   6.91813E-01   2.69143E-03   2.47801E-02   5.13746E+04  -2.06396E+04  -2.86613E+04  -7.51037E+04  -1.10815E+05
   2.79728E-01   1.98522E-03   6.90854E-01   2.68769E-03   2.47457E-02   5.15992E+04  -2.08004E+04  -2.87534E+04  -7.52925E+04  -1.10742E+05
   2.80728E-01   1.98246E-03   6.89895E-01   2.68396E-03   2.47114E-02   5.18242E+04  -2.09635E+04  -2.88461E+04  -7.54825E+04  -1.10670E+05
   2.81728E-01   1.97970E-03   6.88935E-01   2.68023E-03   2.46770E-02   5.20496E+04  -2.11288E+04  -2.89394E+04  -7.56738E+04  -1.10598E+05
   2.82728E-01   1.97695E-03   6.87976E-01   2.67650E-03   2.46426E-02   5.22755E+04  -2.12963E+04  -2.90333E+04  -7.58663E+04  -1.10527E+05
   2.83728E-01   1.97419E-03   6.87017E-01   2.67277E-03   2.46083E-02   5.25018E+04  -2.14661E+04  -2.91278E+04  -7.60601E+04  -1.10457E+05
   2.84728E-01   1.97143E-03   6.86058E-01   2.66904E-03   2.45739E-02   5.27286E+04  -2.16382E+04  -2.92229E+04  -7.62551E+04  -1.10388E+05
   2.85728E-01   1.96868E-03   6.85099E-01   2.66531E-03   2.45396E-02   5.29557E+04  -2.18125E+04  -2.93186E+04  -7.64514E+04  -1.10319E+05
   2.86728E-01   1.96592E-03   6.84140E-01   2.66157E-03   2.45052E-02   5.31833E+04  -2.19892E+04  -2.94150E+04  -7.66490E+04  -1.10251E+05
   2.87728E-01   1.96317E-03   6.83180E-01   2.65784E-03   2.44709E-02   5.34113E+04  -2.21681E+04  -2.95119E+04  -7.68477E+04  -1.10183E+05
   2.88728E-01   1.96041E-03   6.82221E-01   2.65411E-03   2.44365E-02   5.36398E+04  -2.23493E+04  -2.96094E+04  -7.70477E+04  -1.10117E+05
   2.89728E-01   1.95765E-03   6.81262E-01   2.65038E-03   2.44022E-02   5.38686E+04  -2.25329E+04  -2.97075E+04  -7.72489E+04  -1.10051E+05
   2.90728E-01   1.95490E-03   6.80303E-01   2.64665E-03   2.43678E-02   5.40978E+04  -2.27188E+04  -2.98063E+04  -7.74513E+04  -1.09985E+05
   2.91728E-01   1.95214E-03   6.79344E-01   2.64292E-03   2.43334E-02   5.43274E+04  -2.29071E+04  -2.99056E+04  -7.76549E+04  -1.09921E+05
   2.92728E-01   1.94939E-03   6.78385E-01   2.63919E-03   2.42991E-02   5.45574E+04  -2.30977E+04  -3.00056E+04  -7.78598E+04  -1.09857E+05
   2.93728E-01   1.94663E-03   6.77426E-01   2.63545E-03   2.42647E-02   5.47878E+04  -2.32907E+04  -3.01061E+04  -7.80658E+04  -1.09793E+05
   2.94728E-01   1.94387E-03   6.76466E-01   2.63172E-03   2.42304E-02   5.50186E+04  -2.34861E+04  -3.02073E+04  -7.82730E+04  -1.09731E+05
   2.95728E-01   1.94112E-03   6.75507E-01   2.62799E-03   2.41960E-02   5.52497E+04  -2.36839E+04  -3.03091E+04  -7.84814E+04  -1.09669E+05
   2.96728E-01   1.93836E-03   6.74548E-01   2.62426E-03   2.41617E-02   5.54812E+04  -2.38841E+04  -3.04115E+04  -7.86910E+04  -1.09608E+05
   2.97728E-01   1.93560E-03   6.73589E-01   2.62053E-03   2.41273E-02   5.57131E+04  -2.40867E+04  -3.05145E+04  -7.89018E+04  -1.09547E+05
   2.98728E-01   1.93285E-03   6.72630E-01   2.61680E-03   2.40930E-02   5.59454E+04  -2.42918E+04  -3.06181E+04  -7.91138E+04  -1.09488E+05
   2.99728E-01   1.93009E-03   6.71671E-01   2.61306E-03   2.40586E-02   5.61780E+04  -2.44993E+04  -3.07224E+04  -7.93269E+04  -1.09429E+05
   2.99990E-01   1.92937E-03   6.71419E-01   2.61209E-03   2.40496E-02   5.62391E+04  -2.45542E+04  -3.07498E+04  -7.93830E+04  -1.09413E+05

 Phase Region for:
     FCC_A1#1                      
 col-1=X(C), col-2=X(CU), col-3=X(FE), col-4=X(MN), col-5=X(SI), col-6=MU(C), col-7=MU(CU), col-8=MU(FE), col-9=MU(MN), col-10=MU(SI),
   9.72763E-03   2.72939E-03   9.49826E-01   3.69520E-03   3.40219E-02   5.98433E+03  -2.22210E+04  -1.98155E+04  -6.17681E+04  -1.40883E+05
   8.72763E-03   2.73215E-03   9.50785E-01   3.69893E-03   3.40562E-02   5.32137E+03  -2.22907E+04  -1.98055E+04  -6.17169E+04  -1.40983E+05
   7.72763E-03   2.73490E-03   9.51744E-01   3.70266E-03   3.40906E-02   4.58735E+03  -2.23606E+04  -1.97955E+04  -6.16659E+04  -1.41084E+05
   6.72763E-03   2.73766E-03   9.52703E-01   3.70639E-03   3.41249E-02   3.76248E+03  -2.24308E+04  -1.97856E+04  -6.16150E+04  -1.41185E+05
   5.72763E-03   2.74041E-03   9.53663E-01   3.71012E-03   3.41593E-02   2.81737E+03  -2.25013E+04  -1.97759E+04  -6.15642E+04  -1.41285E+05
   4.72763E-03   2.74317E-03   9.54622E-01   3.71386E-03   3.41936E-02   1.70558E+03  -2.25720E+04  -1.97662E+04  -6.15137E+04  -1.41386E+05
   3.72763E-03   2.74593E-03   9.55581E-01   3.71759E-03   3.42280E-02   3.47275E+02  -2.26429E+04  -1.97566E+04  -6.14633E+04  -1.41486E+05
   2.72763E-03   2.74868E-03   9.56540E-01   3.72132E-03   3.42623E-02  -1.41321E+03  -2.27141E+04  -1.97471E+04  -6.14132E+04  -1.41587E+05
   1.72763E-03   2.75144E-03   9.57499E-01   3.72505E-03   3.42967E-02  -3.95156E+03  -2.27855E+04  -1.97377E+04  -6.13631E+04  -1.41687E+05
   7.27626E-04   2.75420E-03   9.58458E-01   3.72878E-03   3.43311E-02  -8.68866E+03  -2.28571E+04  -1.97284E+04  -6.13131E+04  -1.41787E+05
   1.00000E-05   2.75617E-03   9.59147E-01   3.73146E-03   3.43557E-02  -3.18478E+04  -2.29087E+04  -1.97217E+04  -6.12774E+04  -1.41859E+05

 Phase Region for:
     FCC_A1#2                      
 col-1=X(C), col-2=X(CU), col-3=X(FE), col-4=X(MN), col-5=X(SI), col-6=MU(C), col-7=MU(CU), col-8=MU(FE), col-9=MU(MN), col-10=MU(SI),
   9.72763E-03   9.89548E-01   1.55457E-04   5.69098E-04   4.95623E-11   2.16055E+05  -2.54203E+04  -2.22707E+04  -6.38450E+04  -1.44358E+05
   1.07276E-02   9.88506E-01   1.66761E-04   5.99702E-04   5.18913E-11   2.16335E+05  -2.54232E+04  -2.22736E+04  -6.38480E+04  -1.44361E+05
   1.17276E-02   9.87461E-01   1.78907E-04   6.31977E-04   5.43350E-11   2.16567E+05  -2.54258E+04  -2.22763E+04  -6.38506E+04  -1.44363E+05
   1.27276E-02   9.86414E-01   1.91959E-04   6.66016E-04   5.68997E-11   2.16758E+05  -2.54282E+04  -2.22787E+04  -6.38530E+04  -1.44366E+05
   1.37276E-02   9.85364E-01   2.05986E-04   7.01916E-04   5.95918E-11   2.16915E+05  -2.54303E+04  -2.22808E+04  -6.38552E+04  -1.44368E+05
   1.47276E-02   9.84312E-01   2.21063E-04   7.39781E-04   6.24181E-11   2.17042E+05  -2.54321E+04  -2.22826E+04  -6.38570E+04  -1.44370E+05
   1.57276E-02   9.83255E-01   2.37272E-04   7.79719E-04   6.53860E-11   2.17142E+05  -2.54337E+04  -2.22842E+04  -6.38586E+04  -1.44371E+05
   1.67276E-02   9.82196E-01   2.54698E-04   8.21845E-04   6.85032E-11   2.17219E+05  -2.54349E+04  -2.22855E+04  -6.38599E+04  -1.44372E+05
   1.77276E-02   9.81133E-01   2.73438E-04   8.66280E-04   7.17780E-11   2.17275E+05  -2.54359E+04  -2.22864E+04  -6.38609E+04  -1.44373E+05
   1.87276E-02   9.80066E-01   2.93592E-04   9.13151E-04   7.52192E-11   2.17311E+05  -2.54366E+04  -2.22871E+04  -6.38616E+04  -1.44374E+05
   1.97276E-02   9.78995E-01   3.15271E-04   9.62595E-04   7.88362E-11   2.17331E+05  -2.54370E+04  -2.22875E+04  -6.38620E+04  -1.44374E+05
   2.07276E-02   9.77919E-01   3.38594E-04   1.01475E-03   8.26388E-11   2.17335E+05  -2.54370E+04  -2.22876E+04  -6.38620E+04  -1.44375E+05
   2.17276E-02   9.76839E-01   3.63690E-04   1.06978E-03   8.66379E-11   2.17325E+05  -2.54368E+04  -2.22874E+04  -6.38618E+04  -1.44374E+05
   2.27276E-02   9.75754E-01   3.90698E-04   1.12782E-03   9.08448E-11   2.17301E+05  -2.54363E+04  -2.22868E+04  -6.38613E+04  -1.44374E+05
   2.37276E-02   9.74664E-01   4.19770E-04   1.18906E-03   9.52717E-11   2.17264E+05  -2.54354E+04  -2.22860E+04  -6.38604E+04  -1.44373E+05
   2.47276E-02   9.73568E-01   4.51070E-04   1.25367E-03   9.99317E-11   2.17216E+05  -2.54342E+04  -2.22847E+04  -6.38592E+04  -1.44372E+05
   2.57276E-02   9.72466E-01   4.84774E-04   1.32184E-03   1.04839E-10   2.17156E+05  -2.54326E+04  -2.22832E+04  -6.38576E+04  -1.44370E+05
   2.67276E-02   9.71358E-01   5.21074E-04   1.39376E-03   1.10008E-10   2.17086E+05  -2.54308E+04  -2.22813E+04  -6.38557E+04  -1.44368E+05
   2.77276E-02   9.70243E-01   5.60179E-04   1.46965E-03   1.15456E-10   2.17005E+05  -2.54285E+04  -2.22790E+04  -6.38534E+04  -1.44366E+05
   2.87276E-02   9.69120E-01   6.02315E-04   1.54972E-03   1.21199E-10   2.16915E+05  -2.54259E+04  -2.22764E+04  -6.38508E+04  -1.44363E+05
   2.97276E-02   9.67990E-01   6.47727E-04   1.63420E-03   1.27257E-10   2.16815E+05  -2.54229E+04  -2.22733E+04  -6.38477E+04  -1.44360E+05
   3.07276E-02   9.66852E-01   6.96683E-04   1.72335E-03   1.33651E-10   2.16705E+05  -2.54195E+04  -2.22699E+04  -6.38443E+04  -1.44357E+05
   3.17276E-02   9.65705E-01   7.49472E-04   1.81743E-03   1.40401E-10   2.16587E+05  -2.54156E+04  -2.22661E+04  -6.38405E+04  -1.44353E+05
   3.27276E-02   9.64549E-01   8.06409E-04   1.91670E-03   1.47532E-10   2.16460E+05  -2.54114E+04  -2.22618E+04  -6.38362E+04  -1.44349E+05
   3.37276E-02   9.63383E-01   8.67837E-04   2.02146E-03   1.55070E-10   2.16324E+05  -2.54067E+04  -2.22571E+04  -6.38315E+04  -1.44344E+05
   3.47276E-02   9.62206E-01   9.34132E-04   2.13202E-03   1.63043E-10   2.16179E+05  -2.54016E+04  -2.22520E+04  -6.38263E+04  -1.44339E+05
   3.57276E-02   9.61018E-01   1.00570E-03   2.24869E-03   1.71482E-10   2.16026E+05  -2.53960E+04  -2.22464E+04  -6.38207E+04  -1.44334E+05
   3.67276E-02   9.59818E-01   1.08299E-03   2.37183E-03   1.80420E-10   2.15864E+05  -2.53899E+04  -2.22402E+04  -6.38146E+04  -1.44327E+05
   3.77276E-02   9.58604E-01   1.16648E-03   2.50179E-03   1.89895E-10   2.15693E+05  -2.53833E+04  -2.22336E+04  -6.38079E+04  -1.44321E+05
   3.87276E-02   9.57377E-01   1.25671E-03   2.63896E-03   1.99946E-10   2.15513E+05  -2.53762E+04  -2.22264E+04  -6.38007E+04  -1.44314E+05
   3.97276E-02   9.56134E-01   1.35425E-03   2.78374E-03   2.10618E-10   2.15325E+05  -2.53684E+04  -2.22187E+04  -6.37930E+04  -1.44306E+05
   4.07276E-02   9.54876E-01   1.45975E-03   2.93656E-03   2.21961E-10   2.15127E+05  -2.53601E+04  -2.22104E+04  -6.37846E+04  -1.44298E+05
   4.17276E-02   9.53601E-01   1.57391E-03   3.09787E-03   2.34029E-10   2.14919E+05  -2.53512E+04  -2.22014E+04  -6.37757E+04  -1.44289E+05
   4.27276E-02   9.52307E-01   1.69749E-03   3.26816E-03   2.46881E-10   2.14702E+05  -2.53417E+04  -2.21918E+04  -6.37661E+04  -1.44279E+05
   4.37276E-02   9.50993E-01   1.83135E-03   3.44793E-03   2.60586E-10   2.14475E+05  -2.53314E+04  -2.21815E+04  -6.37557E+04  -1.44269E+05
   4.47276E-02   9.49658E-01   1.97641E-03   3.63772E-03   2.75217E-10   2.14237E+05  -2.53204E+04  -2.21705E+04  -6.37447E+04  -1.44258E+05
   4.57276E-02   9.48301E-01   2.13370E-03   3.83810E-03   2.90859E-10   2.13989E+05  -2.53086E+04  -2.21587E+04  -6.37329E+04  -1.44246E+05
   4.67276E-02   9.46918E-01   2.30436E-03   4.04968E-03   3.07606E-10   2.13730E+05  -2.52961E+04  -2.21461E+04  -6.37202E+04  -1.44234E+05
   4.77276E-02   9.45510E-01   2.48966E-03   4.27311E-03   3.25564E-10   2.13458E+05  -2.52826E+04  -2.21326E+04  -6.37067E+04  -1.44220E+05
   4.87276E-02   9.44072E-01   2.69100E-03   4.50906E-03   3.44855E-10   2.13174E+05  -2.52682E+04  -2.21182E+04  -6.36923E+04  -1.44206E+05
   4.97276E-02   9.42604E-01   2.90994E-03   4.75826E-03   3.65614E-10   2.12877E+05  -2.52528E+04  -2.21027E+04  -6.36768E+04  -1.44191E+05
   5.07276E-02   9.41103E-01   3.14822E-03   5.02149E-03   3.87998E-10   2.12566E+05  -2.52364E+04  -2.20862E+04  -6.36603E+04  -1.44174E+05
   5.17276E-02   9.39565E-01   3.40779E-03   5.29959E-03   4.12187E-10   2.12241E+05  -2.52188E+04  -2.20686E+04  -6.36427E+04  -1.44157E+05
   5.27276E-02   9.37988E-01   3.69086E-03   5.59342E-03   4.38388E-10   2.11899E+05  -2.52000E+04  -2.20497E+04  -6.36238E+04  -1.44138E+05
   5.37276E-02   9.36369E-01   3.99989E-03   5.90395E-03   4.66842E-10   2.11541E+05  -2.51799E+04  -2.20295E+04  -6.36035E+04  -1.44118E+05
   5.47276E-02   9.34703E-01   4.33767E-03   6.23219E-03   4.97828E-10   2.11164E+05  -2.51583E+04  -2.20079E+04  -6.35819E+04  -1.44096E+05
   5.57276E-02   9.32986E-01   4.70739E-03   6.57924E-03   5.31677E-10   2.10768E+05  -2.51351E+04  -2.19847E+04  -6.35586E+04  -1.44073E+05
   5.67276E-02   9.31213E-01   5.11267E-03   6.94629E-03   5.68777E-10   2.10351E+05  -2.51103E+04  -2.19598E+04  -6.35337E+04  -1.44048E+05
   5.77276E-02   9.29380E-01   5.55768E-03   7.33463E-03   6.09593E-10   2.09911E+05  -2.50835E+04  -2.19330E+04  -6.35068E+04  -1.44021E+05
   5.87276E-02   9.27479E-01   6.04723E-03   7.74566E-03   6.54680E-10   2.09446E+05  -2.50548E+04  -2.19041E+04  -6.34780E+04  -1.43993E+05
   5.97276E-02   9.25505E-01   6.58690E-03   8.18094E-03   7.04715E-10   2.08953E+05  -2.50237E+04  -2.18730E+04  -6.34468E+04  -1.43962E+05
   6.07276E-02   9.23447E-01   7.18325E-03   8.64216E-03   7.60522E-10   2.08430E+05  -2.49902E+04  -2.18394E+04  -6.34132E+04  -1.43928E+05
   6.17276E-02   9.21297E-01   7.84399E-03   9.13124E-03   8.23126E-10   2.07873E+05  -2.49539E+04  -2.18030E+04  -6.33767E+04  -1.43892E+05
   6.27276E-02   9.19044E-01   8.57836E-03   9.65033E-03   8.93806E-10   2.07278E+05  -2.49144E+04  -2.17635E+04  -6.33371E+04  -1.43852E+05
   6.37276E-02   9.16673E-01   9.39746E-03   1.02019E-02   9.74194E-10   2.06641E+05  -2.48714E+04  -2.17204E+04  -6.32940E+04  -1.43809E+05
   6.47276E-02   9.14169E-01   1.03149E-02   1.07887E-02   1.06640E-09   2.05956E+05  -2.48244E+04  -2.16732E+04  -6.32468E+04  -1.43762E+05
   6.57276E-02   9.11511E-01   1.13476E-02   1.14141E-02   1.17319E-09   2.05216E+05  -2.47728E+04  -2.16215E+04  -6.31950E+04  -1.43711E+05
   6.67276E-02   9.08673E-01   1.25168E-02   1.20822E-02   1.29830E-09   2.04412E+05  -2.47157E+04  -2.15643E+04  -6.31378E+04  -1.43654E+05
   6.77276E-02   9.05624E-01   1.38503E-02   1.27979E-02   1.44691E-09   2.03533E+05  -2.46524E+04  -2.15008E+04  -6.30742E+04  -1.43591E+05
   6.87276E-02   9.02320E-01   1.53847E-02   1.35676E-02   1.62639E-09   2.02563E+05  -2.45814E+04  -2.14297E+04  -6.30030E+04  -1.43520E+05
   6.97276E-02   8.98702E-01   1.71706E-02   1.43996E-02   1.84772E-09   2.01483E+05  -2.45010E+04  -2.13492E+04  -6.29224E+04  -1.43439E+05
   7.07276E-02   8.94686E-01   1.92811E-02   1.53056E-02   2.12806E-09   2.00263E+05  -2.44088E+04  -2.12568E+04  -6.28300E+04  -1.43347E+05
   7.17276E-02   8.90141E-01   2.18281E-02   1.63034E-02   2.49620E-09   1.98857E+05  -2.43010E+04  -2.11488E+04  -6.27218E+04  -1.43239E+05
   7.27276E-02   8.84851E-01   2.49995E-02   1.74218E-02   3.00541E-09   1.97191E+05  -2.41713E+04  -2.10188E+04  -6.25917E+04  -1.43110E+05
   7.37276E-02   8.78398E-01   2.91583E-02   1.87161E-02   3.77038E-09   1.95119E+05  -2.40076E+04  -2.08548E+04  -6.24276E+04  -1.42946E+05
   7.47276E-02   8.69728E-01   3.52193E-02   2.03250E-02   5.11923E-09   1.92280E+05  -2.37798E+04  -2.06266E+04  -6.21992E+04  -1.42719E+05
   7.57276E-02   8.52308E-01   4.88552E-02   2.31090E-02   9.52282E-09   1.86427E+05  -2.33031E+04  -2.01490E+04  -6.17211E+04  -1.42242E+05

 Phase Region for:
     FCC_A1#2                      
 col-1=X(C), col-2=X(CU), col-3=X(FE), col-4=X(MN), col-5=X(SI), col-6=MU(C), col-7=MU(CU), col-8=MU(FE), col-9=MU(MN), col-10=MU(SI),
   9.72763E-03   9.89548E-01   1.55457E-04   5.69098E-04   4.95623E-11   2.16055E+05  -2.54203E+04  -2.22707E+04  -6.38450E+04  -1.44358E+05
   8.72763E-03   9.90587E-01   1.44934E-04   5.40079E-04   4.73424E-11   2.15716E+05  -2.54171E+04  -2.22675E+04  -6.38418E+04  -1.44355E+05
   7.72763E-03   9.91625E-01   1.35138E-04   5.12562E-04   4.52260E-11   2.15305E+05  -2.54137E+04  -2.22640E+04  -6.38383E+04  -1.44351E+05
   6.72763E-03   9.92660E-01   1.26017E-04   4.86468E-04   4.32081E-11   2.14801E+05  -2.54101E+04  -2.22603E+04  -6.38345E+04  -1.44348E+05
   5.72763E-03   9.93693E-01   1.17524E-04   4.61723E-04   4.12837E-11   2.14176E+05  -2.54062E+04  -2.22563E+04  -6.38305E+04  -1.44344E+05
   4.72763E-03   9.94725E-01   1.09615E-04   4.38257E-04   3.94483E-11   2.13384E+05  -2.54020E+04  -2.22520E+04  -6.38261E+04  -1.44340E+05
   3.72763E-03   9.95754E-01   1.02250E-04   4.16006E-04   3.76975E-11   2.12343E+05  -2.53976E+04  -2.22474E+04  -6.38215E+04  -1.44335E+05
   2.72763E-03   9.96782E-01   9.53892E-05   3.94907E-04   3.60271E-11   2.10899E+05  -2.53930E+04  -2.22426E+04  -6.38165E+04  -1.44331E+05
   1.72763E-03   9.97808E-01   8.89996E-05   3.74905E-04   3.44332E-11   2.08677E+05  -2.53881E+04  -2.22374E+04  -6.38112E+04  -1.44326E+05
   7.27626E-04   9.98833E-01   8.30512E-05   3.55965E-04   3.29115E-11   2.04254E+05  -2.53830E+04  -2.22316E+04  -6.38051E+04  -1.44321E+05
   1.00000E-05   9.99568E-01   7.90775E-05   3.43257E-04   3.18566E-11   1.81320E+05  -2.53792E+04  -2.22244E+04  -6.37961E+04  -1.44319E+05
