
 Phase Region for:
     BCC_A2                        
 col-1=X(C), col-2=X(CU), col-3=X(FE), col-4=X(MN), col-5=X(SI), col-6=MU(C), col-7=MU(CU), col-8=MU(FE), col-9=MU(MN), col-10=MU(SI),
   2.88620E-02   2.67665E-03   9.31473E-01   3.62380E-03   3.33645E-02   4.85090E+04  -2.08134E+04  -2.63459E+04  -5.62547E+04  -1.44390E+05
   9.99900E-03   2.72864E-03   9.49566E-01   3.69419E-03   3.40125E-02   4.17319E+04  -2.06412E+04  -2.61546E+04  -5.48555E+04  -1.46295E+05

 Phase Region for:
     BCC_A2                        
 col-1=X(C), col-2=X(CU), col-3=X(FE), col-4=X(MN), col-5=X(SI), col-6=MU(C), col-7=MU(CU), col-8=MU(FE), col-9=MU(MN), col-10=MU(SI),
   2.88620E-02   2.67665E-03   9.31473E-01   3.62380E-03   3.33645E-02   4.85090E+04  -2.08134E+04  -2.63459E+04  -5.62547E+04  -1.44390E+05
   2.87620E-02   2.67693E-03   9.31569E-01   3.62417E-03   3.33679E-02   4.84860E+04  -2.08124E+04  -2.63448E+04  -5.62472E+04  -1.44401E+05
   2.86620E-02   2.67720E-03   9.31665E-01   3.62455E-03   3.33713E-02   4.84629E+04  -2.08114E+04  -2.63438E+04  -5.62396E+04  -1.44411E+05
   2.85620E-02   2.67748E-03   9.31761E-01   3.62492E-03   3.33748E-02   4.84397E+04  -2.08104E+04  -2.63427E+04  -5.62320E+04  -1.44421E+05
   2.84620E-02   2.67775E-03   9.31857E-01   3.62529E-03   3.33782E-02   4.84164E+04  -2.08094E+04  -2.63417E+04  -5.62244E+04  -1.44431E+05
   2.83620E-02   2.67803E-03   9.31953E-01   3.62566E-03   3.33816E-02   4.83931E+04  -2.08084E+04  -2.63406E+04  -5.62168E+04  -1.44442E+05
   2.82620E-02   2.67831E-03   9.32049E-01   3.62604E-03   3.33851E-02   4.83697E+04  -2.08075E+04  -2.63396E+04  -5.62092E+04  -1.44452E+05
   2.81620E-02   2.67858E-03   9.32144E-01   3.62641E-03   3.33885E-02   4.83462E+04  -2.08065E+04  -2.63385E+04  -5.62017E+04  -1.44462E+05
   2.80620E-02   2.67886E-03   9.32240E-01   3.62678E-03   3.33920E-02   4.83226E+04  -2.08055E+04  -2.63375E+04  -5.61941E+04  -1.44473E+05
   2.79620E-02   2.67913E-03   9.32336E-01   3.62716E-03   3.33954E-02   4.82990E+04  -2.08045E+04  -2.63364E+04  -5.61865E+04  -1.44483E+05
   2.78620E-02   2.67941E-03   9.32432E-01   3.62753E-03   3.33988E-02   4.82753E+04  -2.08035E+04  -2.63354E+04  -5.61789E+04  -1.44493E+05
   2.77620E-02   2.67968E-03   9.32528E-01   3.62790E-03   3.34023E-02   4.82515E+04  -2.08026E+04  -2.63344E+04  -5.61714E+04  -1.44503E+05
   2.76620E-02   2.67996E-03   9.32624E-01   3.62828E-03   3.34057E-02   4.82276E+04  -2.08016E+04  -2.63333E+04  -5.61638E+04  -1.44513E+05
   2.75620E-02   2.68023E-03   9.32720E-01   3.62865E-03   3.34091E-02   4.82037E+04  -2.08006E+04  -2.63323E+04  -5.61562E+04  -1.44524E+05
   2.74620E-02   2.68051E-03   9.32816E-01   3.62902E-03   3.34126E-02   4.81797E+04  -2.07996E+04  -2.63312E+04  -5.61487E+04  -1.44534E+05
   2.73620E-02   2.68079E-03   9.32912E-01   3.62940E-03   3.34160E-02   4.81556E+04  -2.07987E+04  -2.63302E+04  -5.61411E+04  -1.44544E+05
   2.72620E-02   2.68106E-03   9.33008E-01   3.62977E-03   3.34194E-02   4.81314E+04  -2.07977E+04  -2.63291E+04  -5.61335E+04  -1.44554E+05
   2.71620E-02   2.68134E-03   9.33104E-01   3.63014E-03   3.34229E-02   4.81071E+04  -2.07967E+04  -2.63281E+04  -5.61260E+04  -1.44565E+05
   2.70620E-02   2.68161E-03   9.33200E-01   3.63052E-03   3.34263E-02   4.80828E+04  -2.07957E+04  -2.63271E+04  -5.61184E+04  -1.44575E+05
   2.69620E-02   2.68189E-03   9.33295E-01   3.63089E-03   3.34297E-02   4.80583E+04  -2.07948E+04  -2.63260E+04  -5.61109E+04  -1.44585E+05
   2.68620E-02   2.68216E-03   9.33391E-01   3.63126E-03   3.34332E-02   4.80338E+04  -2.07938E+04  -2.63250E+04  -5.61033E+04  -1.44595E+05
   2.67620E-02   2.68244E-03   9.33487E-01   3.63164E-03   3.34366E-02   4.80092E+04  -2.07928E+04  -2.63239E+04  -5.60958E+04  -1.44606E+05
   2.66620E-02   2.68272E-03   9.33583E-01   3.63201E-03   3.34401E-02   4.79846E+04  -2.07919E+04  -2.63229E+04  -5.60882E+04  -1.44616E+05
   2.65620E-02   2.68299E-03   9.33679E-01   3.63238E-03   3.34435E-02   4.79598E+04  -2.07909E+04  -2.63219E+04  -5.60807E+04  -1.44626E+05
   2.64620E-02   2.68327E-03   9.33775E-01   3.63275E-03   3.34469E-02   4.79349E+04  -2.07899E+04  -2.63208E+04  -5.60731E+04  -1.44636E+05
   2.63620E-02   2.68354E-03   9.33871E-01   3.63313E-03   3.34504E-02   4.79100E+04  -2.07889E+04  -2.63198E+04  -5.60656E+04  -1.44646E+05
   2.62620E-02   2.68382E-03   9.33967E-01   3.63350E-03   3.34538E-02   4.78850E+04  -2.07880E+04  -2.63187E+04  -5.60580E+04  -1.44657E+05
   2.61620E-02   2.68409E-03   9.34063E-01   3.63387E-03   3.34572E-02   4.78599E+04  -2.07870E+04  -2.63177E+04  -5.60505E+04  -1.44667E+05
   2.60620E-02   2.68437E-03   9.34159E-01   3.63425E-03   3.34607E-02   4.78347E+04  -2.07861E+04  -2.63167E+04  -5.60429E+04  -1.44677E+05
   2.59620E-02   2.68464E-03   9.34255E-01   3.63462E-03   3.34641E-02   4.78094E+04  -2.07851E+04  -2.63156E+04  -5.60354E+04  -1.44687E+05
   2.58620E-02   2.68492E-03   9.34351E-01   3.63499E-03   3.34675E-02   4.77841E+04  -2.07841E+04  -2.63146E+04  -5.60279E+04  -1.44698E+05
   2.57620E-02   2.68520E-03   9.34446E-01   3.63537E-03   3.34710E-02   4.77586E+04  -2.07832E+04  -2.63135E+04  -5.60203E+04  -1.44708E+05
   2.56620E-02   2.68547E-03   9.34542E-01   3.63574E-03   3.34744E-02   4.77331E+04  -2.07822E+04  -2.63125E+04  -5.60128E+04  -1.44718E+05
   2.55620E-02   2.68575E-03   9.34638E-01   3.63611E-03   3.34778E-02   4.77074E+04  -2.07812E+04  -2.63115E+04  -5.60053E+04  -1.44728E+05
   2.54620E-02   2.68602E-03   9.34734E-01   3.63649E-03   3.34813E-02   4.76817E+04  -2.07803E+04  -2.63104E+04  -5.59977E+04  -1.44738E+05
   2.53620E-02   2.68630E-03   9.34830E-01   3.63686E-03   3.34847E-02   4.76559E+04  -2.07793E+04  -2.63094E+04  -5.59902E+04  -1.44749E+05
   2.52620E-02   2.68657E-03   9.34926E-01   3.63723E-03   3.34882E-02   4.76299E+04  -2.07784E+04  -2.63084E+04  -5.59827E+04  -1.44759E+05
   2.51620E-02   2.68685E-03   9.35022E-01   3.63761E-03   3.34916E-02   4.76039E+04  -2.07774E+04  -2.63073E+04  -5.59752E+04  -1.44769E+05
   2.50620E-02   2.68713E-03   9.35118E-01   3.63798E-03   3.34950E-02   4.75778E+04  -2.07765E+04  -2.63063E+04  -5.59677E+04  -1.44779E+05
   2.49620E-02   2.68740E-03   9.35214E-01   3.63835E-03   3.34985E-02   4.75516E+04  -2.07755E+04  -2.63053E+04  -5.59601E+04  -1.44789E+05
   2.48620E-02   2.68768E-03   9.35310E-01   3.63872E-03   3.35019E-02   4.75253E+04  -2.07745E+04  -2.63042E+04  -5.59526E+04  -1.44800E+05
   2.47620E-02   2.68795E-03   9.35406E-01   3.63910E-03   3.35053E-02   4.74989E+04  -2.07736E+04  -2.63032E+04  -5.59451E+04  -1.44810E+05
   2.46620E-02   2.68823E-03   9.35502E-01   3.63947E-03   3.35088E-02   4.74725E+04  -2.07726E+04  -2.63022E+04  -5.59376E+04  -1.44820E+05
   2.45620E-02   2.68850E-03   9.35597E-01   3.63984E-03   3.35122E-02   4.74459E+04  -2.07717E+04  -2.63011E+04  -5.59301E+04  -1.44830E+05
   2.44620E-02   2.68878E-03   9.35693E-01   3.64022E-03   3.35156E-02   4.74192E+04  -2.07707E+04  -2.63001E+04  -5.59226E+04  -1.44840E+05
   2.43620E-02   2.68905E-03   9.35789E-01   3.64059E-03   3.35191E-02   4.73924E+04  -2.07698E+04  -2.62991E+04  -5.59151E+04  -1.44851E+05
   2.42620E-02   2.68933E-03   9.35885E-01   3.64096E-03   3.35225E-02   4.73655E+04  -2.07688E+04  -2.62980E+04  -5.59076E+04  -1.44861E+05
   2.41620E-02   2.68961E-03   9.35981E-01   3.64134E-03   3.35259E-02   4.73385E+04  -2.07679E+04  -2.62970E+04  -5.59000E+04  -1.44871E+05
   2.40620E-02   2.68988E-03   9.36077E-01   3.64171E-03   3.35294E-02   4.73114E+04  -2.07669E+04  -2.62960E+04  -5.58925E+04  -1.44881E+05
   2.39620E-02   2.69016E-03   9.36173E-01   3.64208E-03   3.35328E-02   4.72842E+04  -2.07660E+04  -2.62949E+04  -5.58850E+04  -1.44891E+05
   2.38620E-02   2.69043E-03   9.36269E-01   3.64246E-03   3.35363E-02   4.72569E+04  -2.07650E+04  -2.62939E+04  -5.58775E+04  -1.44901E+05
   2.37620E-02   2.69071E-03   9.36365E-01   3.64283E-03   3.35397E-02   4.72295E+04  -2.07641E+04  -2.62929E+04  -5.58701E+04  -1.44912E+05
   2.36620E-02   2.69098E-03   9.36461E-01   3.64320E-03   3.35431E-02   4.72020E+04  -2.07632E+04  -2.62919E+04  -5.58626E+04  -1.44922E+05
   2.35620E-02   2.69126E-03   9.36557E-01   3.64358E-03   3.35466E-02   4.71744E+04  -2.07622E+04  -2.62908E+04  -5.58551E+04  -1.44932E+05
   2.34620E-02   2.69154E-03   9.36653E-01   3.64395E-03   3.35500E-02   4.71467E+04  -2.07613E+04  -2.62898E+04  -5.58476E+04  -1.44942E+05
   2.33620E-02   2.69181E-03   9.36748E-01   3.64432E-03   3.35534E-02   4.71188E+04  -2.07603E+04  -2.62888E+04  -5.58401E+04  -1.44952E+05
   2.32620E-02   2.69209E-03   9.36844E-01   3.64470E-03   3.35569E-02   4.70909E+04  -2.07594E+04  -2.62877E+04  -5.58326E+04  -1.44962E+05
   2.31620E-02   2.69236E-03   9.36940E-01   3.64507E-03   3.35603E-02   4.70628E+04  -2.07584E+04  -2.62867E+04  -5.58251E+04  -1.44973E+05
   2.30620E-02   2.69264E-03   9.37036E-01   3.64544E-03   3.35637E-02   4.70346E+04  -2.07575E+04  -2.62857E+04  -5.58176E+04  -1.44983E+05
   2.29620E-02   2.69291E-03   9.37132E-01   3.64581E-03   3.35672E-02   4.70064E+04  -2.07566E+04  -2.62847E+04  -5.58101E+04  -1.44993E+05
   2.28620E-02   2.69319E-03   9.37228E-01   3.64619E-03   3.35706E-02   4.69780E+04  -2.07556E+04  -2.62836E+04  -5.58027E+04  -1.45003E+05
   2.27620E-02   2.69346E-03   9.37324E-01   3.64656E-03   3.35740E-02   4.69495E+04  -2.07547E+04  -2.62826E+04  -5.57952E+04  -1.45013E+05
   2.26620E-02   2.69374E-03   9.37420E-01   3.64693E-03   3.35775E-02   4.69208E+04  -2.07537E+04  -2.62816E+04  -5.57877E+04  -1.45023E+05
   2.25620E-02   2.69402E-03   9.37516E-01   3.64731E-03   3.35809E-02   4.68921E+04  -2.07528E+04  -2.62806E+04  -5.57802E+04  -1.45034E+05
   2.24620E-02   2.69429E-03   9.37612E-01   3.64768E-03   3.35843E-02   4.68632E+04  -2.07519E+04  -2.62795E+04  -5.57728E+04  -1.45044E+05
   2.23620E-02   2.69457E-03   9.37708E-01   3.64805E-03   3.35878E-02   4.68343E+04  -2.07509E+04  -2.62785E+04  -5.57653E+04  -1.45054E+05
   2.22620E-02   2.69484E-03   9.37803E-01   3.64843E-03   3.35912E-02   4.68052E+04  -2.07500E+04  -2.62775E+04  -5.57578E+04  -1.45064E+05
   2.21620E-02   2.69512E-03   9.37899E-01   3.64880E-03   3.35947E-02   4.67759E+04  -2.07491E+04  -2.62765E+04  -5.57504E+04  -1.45074E+05
   2.20620E-02   2.69539E-03   9.37995E-01   3.64917E-03   3.35981E-02   4.67466E+04  -2.07481E+04  -2.62754E+04  -5.57429E+04  -1.45084E+05
   2.19620E-02   2.69567E-03   9.38091E-01   3.64955E-03   3.36015E-02   4.67171E+04  -2.07472E+04  -2.62744E+04  -5.57354E+04  -1.45094E+05
   2.18620E-02   2.69595E-03   9.38187E-01   3.64992E-03   3.36050E-02   4.66875E+04  -2.07463E+04  -2.62734E+04  -5.57280E+04  -1.45105E+05
   2.17620E-02   2.69622E-03   9.38283E-01   3.65029E-03   3.36084E-02   4.66578E+04  -2.07453E+04  -2.62724E+04  -5.57205E+04  -1.45115E+05
   2.16620E-02   2.69650E-03   9.38379E-01   3.65067E-03   3.36118E-02   4.66280E+04  -2.07444E+04  -2.62714E+04  -5.57130E+04  -1.45125E+05
   2.15620E-02   2.69677E-03   9.38475E-01   3.65104E-03   3.36153E-02   4.65980E+04  -2.07435E+04  -2.62703E+04  -5.57056E+04  -1.45135E+05
   2.14620E-02   2.69705E-03   9.38571E-01   3.65141E-03   3.36187E-02   4.65679E+04  -2.07426E+04  -2.62693E+04  -5.56981E+04  -1.45145E+05
   2.13620E-02   2.69732E-03   9.38667E-01   3.65179E-03   3.36221E-02   4.65377E+04  -2.07416E+04  -2.62683E+04  -5.56907E+04  -1.45155E+05
   2.12620E-02   2.69760E-03   9.38763E-01   3.65216E-03   3.36256E-02   4.65073E+04  -2.07407E+04  -2.62673E+04  -5.56832E+04  -1.45165E+05
   2.11620E-02   2.69787E-03   9.38859E-01   3.65253E-03   3.36290E-02   4.64768E+04  -2.07398E+04  -2.62662E+04  -5.56758E+04  -1.45175E+05
   2.10620E-02   2.69815E-03   9.38954E-01   3.65290E-03   3.36324E-02   4.64462E+04  -2.07389E+04  -2.62652E+04  -5.56683E+04  -1.45186E+05
   2.09620E-02   2.69843E-03   9.39050E-01   3.65328E-03   3.36359E-02   4.64155E+04  -2.07379E+04  -2.62642E+04  -5.56609E+04  -1.45196E+05
   2.08620E-02   2.69870E-03   9.39146E-01   3.65365E-03   3.36393E-02   4.63846E+04  -2.07370E+04  -2.62632E+04  -5.56534E+04  -1.45206E+05
   2.07620E-02   2.69898E-03   9.39242E-01   3.65402E-03   3.36428E-02   4.63535E+04  -2.07361E+04  -2.62622E+04  -5.56460E+04  -1.45216E+05
   2.06620E-02   2.69925E-03   9.39338E-01   3.65440E-03   3.36462E-02   4.63224E+04  -2.07352E+04  -2.62612E+04  -5.56386E+04  -1.45226E+05
   2.05620E-02   2.69953E-03   9.39434E-01   3.65477E-03   3.36496E-02   4.62910E+04  -2.07342E+04  -2.62601E+04  -5.56311E+04  -1.45236E+05
   2.04620E-02   2.69980E-03   9.39530E-01   3.65514E-03   3.36531E-02   4.62596E+04  -2.07333E+04  -2.62591E+04  -5.56237E+04  -1.45246E+05
   2.03620E-02   2.70008E-03   9.39626E-01   3.65552E-03   3.36565E-02   4.62280E+04  -2.07324E+04  -2.62581E+04  -5.56162E+04  -1.45256E+05
   2.02620E-02   2.70036E-03   9.39722E-01   3.65589E-03   3.36599E-02   4.61962E+04  -2.07315E+04  -2.62571E+04  -5.56088E+04  -1.45267E+05
   2.01620E-02   2.70063E-03   9.39818E-01   3.65626E-03   3.36634E-02   4.61644E+04  -2.07306E+04  -2.62561E+04  -5.56014E+04  -1.45277E+05
   2.00620E-02   2.70091E-03   9.39914E-01   3.65664E-03   3.36668E-02   4.61323E+04  -2.07296E+04  -2.62551E+04  -5.55940E+04  -1.45287E+05
   1.99620E-02   2.70118E-03   9.40010E-01   3.65701E-03   3.36702E-02   4.61001E+04  -2.07287E+04  -2.62540E+04  -5.55865E+04  -1.45297E+05
   1.98620E-02   2.70146E-03   9.40105E-01   3.65738E-03   3.36737E-02   4.60678E+04  -2.07278E+04  -2.62530E+04  -5.55791E+04  -1.45307E+05
   1.97620E-02   2.70173E-03   9.40201E-01   3.65776E-03   3.36771E-02   4.60353E+04  -2.07269E+04  -2.62520E+04  -5.55717E+04  -1.45317E+05
   1.96620E-02   2.70201E-03   9.40297E-01   3.65813E-03   3.36805E-02   4.60027E+04  -2.07260E+04  -2.62510E+04  -5.55643E+04  -1.45327E+05
   1.95620E-02   2.70228E-03   9.40393E-01   3.65850E-03   3.36840E-02   4.59699E+04  -2.07251E+04  -2.62500E+04  -5.55568E+04  -1.45337E+05
   1.94620E-02   2.70256E-03   9.40489E-01   3.65888E-03   3.36874E-02   4.59369E+04  -2.07242E+04  -2.62490E+04  -5.55494E+04  -1.45347E+05
   1.93620E-02   2.70284E-03   9.40585E-01   3.65925E-03   3.36909E-02   4.59038E+04  -2.07232E+04  -2.62480E+04  -5.55420E+04  -1.45357E+05
   1.92620E-02   2.70311E-03   9.40681E-01   3.65962E-03   3.36943E-02   4.58705E+04  -2.07223E+04  -2.62469E+04  -5.55346E+04  -1.45368E+05
   1.91620E-02   2.70339E-03   9.40777E-01   3.65999E-03   3.36977E-02   4.58371E+04  -2.07214E+04  -2.62459E+04  -5.55272E+04  -1.45378E+05
   1.90620E-02   2.70366E-03   9.40873E-01   3.66037E-03   3.37012E-02   4.58035E+04  -2.07205E+04  -2.62449E+04  -5.55198E+04  -1.45388E+05
   1.89620E-02   2.70394E-03   9.40969E-01   3.66074E-03   3.37046E-02   4.57697E+04  -2.07196E+04  -2.62439E+04  -5.55124E+04  -1.45398E+05
   1.88620E-02   2.70421E-03   9.41065E-01   3.66111E-03   3.37080E-02   4.57358E+04  -2.07187E+04  -2.62429E+04  -5.55049E+04  -1.45408E+05
   1.87620E-02   2.70449E-03   9.41161E-01   3.66149E-03   3.37115E-02   4.57017E+04  -2.07178E+04  -2.62419E+04  -5.54975E+04  -1.45418E+05
   1.86620E-02   2.70477E-03   9.41256E-01   3.66186E-03   3.37149E-02   4.56674E+04  -2.07169E+04  -2.62409E+04  -5.54901E+04  -1.45428E+05
   1.85620E-02   2.70504E-03   9.41352E-01   3.66223E-03   3.37183E-02   4.56330E+04  -2.07160E+04  -2.62399E+04  -5.54827E+04  -1.45438E+05
   1.84620E-02   2.70532E-03   9.41448E-01   3.66261E-03   3.37218E-02   4.55984E+04  -2.07151E+04  -2.62388E+04  -5.54753E+04  -1.45448E+05
   1.83620E-02   2.70559E-03   9.41544E-01   3.66298E-03   3.37252E-02   4.55636E+04  -2.07142E+04  -2.62378E+04  -5.54679E+04  -1.45458E+05
   1.82620E-02   2.70587E-03   9.41640E-01   3.66335E-03   3.37286E-02   4.55286E+04  -2.07133E+04  -2.62368E+04  -5.54605E+04  -1.45468E+05
   1.81620E-02   2.70614E-03   9.41736E-01   3.66373E-03   3.37321E-02   4.54935E+04  -2.07124E+04  -2.62358E+04  -5.54531E+04  -1.45478E+05
   1.80620E-02   2.70642E-03   9.41832E-01   3.66410E-03   3.37355E-02   4.54581E+04  -2.07115E+04  -2.62348E+04  -5.54457E+04  -1.45489E+05
   1.79620E-02   2.70669E-03   9.41928E-01   3.66447E-03   3.37390E-02   4.54226E+04  -2.07106E+04  -2.62338E+04  -5.54384E+04  -1.45499E+05
   1.78620E-02   2.70697E-03   9.42024E-01   3.66485E-03   3.37424E-02   4.53869E+04  -2.07097E+04  -2.62328E+04  -5.54310E+04  -1.45509E+05
   1.77620E-02   2.70725E-03   9.42120E-01   3.66522E-03   3.37458E-02   4.53510E+04  -2.07088E+04  -2.62318E+04  -5.54236E+04  -1.45519E+05
   1.76620E-02   2.70752E-03   9.42216E-01   3.66559E-03   3.37493E-02   4.53149E+04  -2.07079E+04  -2.62308E+04  -5.54162E+04  -1.45529E+05
   1.75620E-02   2.70780E-03   9.42312E-01   3.66596E-03   3.37527E-02   4.52787E+04  -2.07070E+04  -2.62298E+04  -5.54088E+04  -1.45539E+05
   1.74620E-02   2.70807E-03   9.42407E-01   3.66634E-03   3.37561E-02   4.52422E+04  -2.07061E+04  -2.62288E+04  -5.54014E+04  -1.45549E+05
   1.73620E-02   2.70835E-03   9.42503E-01   3.66671E-03   3.37596E-02   4.52055E+04  -2.07052E+04  -2.62278E+04  -5.53940E+04  -1.45559E+05
   1.72620E-02   2.70862E-03   9.42599E-01   3.66708E-03   3.37630E-02   4.51687E+04  -2.07043E+04  -2.62267E+04  -5.53867E+04  -1.45569E+05
   1.71620E-02   2.70890E-03   9.42695E-01   3.66746E-03   3.37664E-02   4.51316E+04  -2.07034E+04  -2.62257E+04  -5.53793E+04  -1.45579E+05
   1.70620E-02   2.70918E-03   9.42791E-01   3.66783E-03   3.37699E-02   4.50944E+04  -2.07025E+04  -2.62247E+04  -5.53719E+04  -1.45589E+05
   1.69620E-02   2.70945E-03   9.42887E-01   3.66820E-03   3.37733E-02   4.50569E+04  -2.07016E+04  -2.62237E+04  -5.53645E+04  -1.45599E+05
   1.68620E-02   2.70973E-03   9.42983E-01   3.66858E-03   3.37767E-02   4.50192E+04  -2.07007E+04  -2.62227E+04  -5.53572E+04  -1.45609E+05
   1.67620E-02   2.71000E-03   9.43079E-01   3.66895E-03   3.37802E-02   4.49813E+04  -2.06998E+04  -2.62217E+04  -5.53498E+04  -1.45619E+05
   1.66620E-02   2.71028E-03   9.43175E-01   3.66932E-03   3.37836E-02   4.49432E+04  -2.06989E+04  -2.62207E+04  -5.53424E+04  -1.45629E+05
   1.65620E-02   2.71055E-03   9.43271E-01   3.66970E-03   3.37870E-02   4.49049E+04  -2.06980E+04  -2.62197E+04  -5.53351E+04  -1.45639E+05
   1.64620E-02   2.71083E-03   9.43367E-01   3.67007E-03   3.37905E-02   4.48663E+04  -2.06971E+04  -2.62187E+04  -5.53277E+04  -1.45649E+05
   1.63620E-02   2.71110E-03   9.43463E-01   3.67044E-03   3.37939E-02   4.48276E+04  -2.06963E+04  -2.62177E+04  -5.53203E+04  -1.45659E+05
   1.62620E-02   2.71138E-03   9.43558E-01   3.67082E-03   3.37974E-02   4.47886E+04  -2.06954E+04  -2.62167E+04  -5.53130E+04  -1.45670E+05
   1.61620E-02   2.71166E-03   9.43654E-01   3.67119E-03   3.38008E-02   4.47494E+04  -2.06945E+04  -2.62157E+04  -5.53056E+04  -1.45680E+05
   1.60620E-02   2.71193E-03   9.43750E-01   3.67156E-03   3.38042E-02   4.47099E+04  -2.06936E+04  -2.62147E+04  -5.52983E+04  -1.45690E+05
   1.59620E-02   2.71221E-03   9.43846E-01   3.67194E-03   3.38077E-02   4.46702E+04  -2.06927E+04  -2.62137E+04  -5.52909E+04  -1.45700E+05
   1.58620E-02   2.71248E-03   9.43942E-01   3.67231E-03   3.38111E-02   4.46303E+04  -2.06918E+04  -2.62127E+04  -5.52836E+04  -1.45710E+05
   1.57620E-02   2.71276E-03   9.44038E-01   3.67268E-03   3.38145E-02   4.45902E+04  -2.06909E+04  -2.62117E+04  -5.52762E+04  -1.45720E+05
   1.56620E-02   2.71303E-03   9.44134E-01   3.67305E-03   3.38180E-02   4.45498E+04  -2.06901E+04  -2.62107E+04  -5.52689E+04  -1.45730E+05
   1.55620E-02   2.71331E-03   9.44230E-01   3.67343E-03   3.38214E-02   4.45092E+04  -2.06892E+04  -2.62097E+04  -5.52615E+04  -1.45740E+05
   1.54620E-02   2.71358E-03   9.44326E-01   3.67380E-03   3.38248E-02   4.44683E+04  -2.06883E+04  -2.62087E+04  -5.52542E+04  -1.45750E+05
   1.53620E-02   2.71386E-03   9.44422E-01   3.67417E-03   3.38283E-02   4.44271E+04  -2.06874E+04  -2.62077E+04  -5.52468E+04  -1.45760E+05
   1.52620E-02   2.71414E-03   9.44518E-01   3.67455E-03   3.38317E-02   4.43857E+04  -2.06865E+04  -2.62067E+04  -5.52395E+04  -1.45770E+05
   1.51620E-02   2.71441E-03   9.44614E-01   3.67492E-03   3.38351E-02   4.43441E+04  -2.06856E+04  -2.62057E+04  -5.52321E+04  -1.45780E+05
   1.50620E-02   2.71469E-03   9.44709E-01   3.67529E-03   3.38386E-02   4.43022E+04  -2.06848E+04  -2.62047E+04  -5.52248E+04  -1.45790E+05
   1.49620E-02   2.71496E-03   9.44805E-01   3.67567E-03   3.38420E-02   4.42600E+04  -2.06839E+04  -2.62037E+04  -5.52175E+04  -1.45800E+05
   1.48620E-02   2.71524E-03   9.44901E-01   3.67604E-03   3.38455E-02   4.42176E+04  -2.06830E+04  -2.62027E+04  -5.52101E+04  -1.45810E+05
   1.47620E-02   2.71551E-03   9.44997E-01   3.67641E-03   3.38489E-02   4.41748E+04  -2.06821E+04  -2.62017E+04  -5.52028E+04  -1.45820E+05
   1.46620E-02   2.71579E-03   9.45093E-01   3.67679E-03   3.38523E-02   4.41319E+04  -2.06813E+04  -2.62007E+04  -5.51954E+04  -1.45830E+05
   1.45620E-02   2.71607E-03   9.45189E-01   3.67716E-03   3.38558E-02   4.40886E+04  -2.06804E+04  -2.61997E+04  -5.51881E+04  -1.45840E+05
   1.44620E-02   2.71634E-03   9.45285E-01   3.67753E-03   3.38592E-02   4.40450E+04  -2.06795E+04  -2.61987E+04  -5.51808E+04  -1.45850E+05
   1.43620E-02   2.71662E-03   9.45381E-01   3.67791E-03   3.38626E-02   4.40012E+04  -2.06786E+04  -2.61977E+04  -5.51735E+04  -1.45860E+05
   1.42620E-02   2.71689E-03   9.45477E-01   3.67828E-03   3.38661E-02   4.39571E+04  -2.06778E+04  -2.61967E+04  -5.51661E+04  -1.45870E+05
   1.41620E-02   2.71717E-03   9.45573E-01   3.67865E-03   3.38695E-02   4.39126E+04  -2.06769E+04  -2.61957E+04  -5.51588E+04  -1.45880E+05
   1.40620E-02   2.71744E-03   9.45669E-01   3.67903E-03   3.38729E-02   4.38679E+04  -2.06760E+04  -2.61947E+04  -5.51515E+04  -1.45890E+05
   1.39620E-02   2.71772E-03   9.45764E-01   3.67940E-03   3.38764E-02   4.38229E+04  -2.06751E+04  -2.61937E+04  -5.51442E+04  -1.45900E+05
   1.38620E-02   2.71799E-03   9.45860E-01   3.67977E-03   3.38798E-02   4.37775E+04  -2.06743E+04  -2.61928E+04  -5.51369E+04  -1.45910E+05
   1.37620E-02   2.71827E-03   9.45956E-01   3.68014E-03   3.38832E-02   4.37319E+04  -2.06734E+04  -2.61918E+04  -5.51295E+04  -1.45920E+05
   1.36620E-02   2.71855E-03   9.46052E-01   3.68052E-03   3.38867E-02   4.36859E+04  -2.06725E+04  -2.61908E+04  -5.51222E+04  -1.45930E+05
   1.35620E-02   2.71882E-03   9.46148E-01   3.68089E-03   3.38901E-02   4.36396E+04  -2.06717E+04  -2.61898E+04  -5.51149E+04  -1.45940E+05
   1.34620E-02   2.71910E-03   9.46244E-01   3.68126E-03   3.38936E-02   4.35930E+04  -2.06708E+04  -2.61888E+04  -5.51076E+04  -1.45950E+05
   1.33620E-02   2.71937E-03   9.46340E-01   3.68164E-03   3.38970E-02   4.35461E+04  -2.06699E+04  -2.61878E+04  -5.51003E+04  -1.45960E+05
   1.32620E-02   2.71965E-03   9.46436E-01   3.68201E-03   3.39004E-02   4.34988E+04  -2.06691E+04  -2.61868E+04  -5.50930E+04  -1.45970E+05
   1.31620E-02   2.71992E-03   9.46532E-01   3.68238E-03   3.39039E-02   4.34512E+04  -2.06682E+04  -2.61858E+04  -5.50857E+04  -1.45980E+05
   1.30620E-02   2.72020E-03   9.46628E-01   3.68276E-03   3.39073E-02   4.34032E+04  -2.06673E+04  -2.61848E+04  -5.50784E+04  -1.45990E+05
   1.29620E-02   2.72048E-03   9.46724E-01   3.68313E-03   3.39107E-02   4.33549E+04  -2.06665E+04  -2.61838E+04  -5.50711E+04  -1.46000E+05
   1.28620E-02   2.72075E-03   9.46820E-01   3.68350E-03   3.39142E-02   4.33062E+04  -2.06656E+04  -2.61828E+04  -5.50638E+04  -1.46010E+05
   1.27620E-02   2.72103E-03   9.46915E-01   3.68388E-03   3.39176E-02   4.32572E+04  -2.06648E+04  -2.61818E+04  -5.50565E+04  -1.46020E+05
   1.26620E-02   2.72130E-03   9.47011E-01   3.68425E-03   3.39210E-02   4.32077E+04  -2.06639E+04  -2.61809E+04  -5.50492E+04  -1.46030E+05
   1.25620E-02   2.72158E-03   9.47107E-01   3.68462E-03   3.39245E-02   4.31580E+04  -2.06630E+04  -2.61799E+04  -5.50419E+04  -1.46040E+05
   1.24620E-02   2.72185E-03   9.47203E-01   3.68500E-03   3.39279E-02   4.31078E+04  -2.06622E+04  -2.61789E+04  -5.50346E+04  -1.46050E+05
   1.23620E-02   2.72213E-03   9.47299E-01   3.68537E-03   3.39313E-02   4.30572E+04  -2.06613E+04  -2.61779E+04  -5.50273E+04  -1.46060E+05
   1.22620E-02   2.72240E-03   9.47395E-01   3.68574E-03   3.39348E-02   4.30063E+04  -2.06605E+04  -2.61769E+04  -5.50200E+04  -1.46070E+05
   1.21620E-02   2.72268E-03   9.47491E-01   3.68611E-03   3.39382E-02   4.29549E+04  -2.06596E+04  -2.61759E+04  -5.50127E+04  -1.46080E+05
   1.20620E-02   2.72296E-03   9.47587E-01   3.68649E-03   3.39417E-02   4.29032E+04  -2.06587E+04  -2.61749E+04  -5.50054E+04  -1.46090E+05
   1.19620E-02   2.72323E-03   9.47683E-01   3.68686E-03   3.39451E-02   4.28510E+04  -2.06579E+04  -2.61739E+04  -5.49981E+04  -1.46100E+05
   1.18620E-02   2.72351E-03   9.47779E-01   3.68723E-03   3.39485E-02   4.27984E+04  -2.06570E+04  -2.61729E+04  -5.49909E+04  -1.46110E+05
   1.17620E-02   2.72378E-03   9.47875E-01   3.68761E-03   3.39520E-02   4.27454E+04  -2.06562E+04  -2.61720E+04  -5.49836E+04  -1.46120E+05
   1.16620E-02   2.72406E-03   9.47971E-01   3.68798E-03   3.39554E-02   4.26920E+04  -2.06553E+04  -2.61710E+04  -5.49763E+04  -1.46130E+05
   1.15620E-02   2.72433E-03   9.48066E-01   3.68835E-03   3.39588E-02   4.26381E+04  -2.06545E+04  -2.61700E+04  -5.49690E+04  -1.46139E+05
   1.14620E-02   2.72461E-03   9.48162E-01   3.68873E-03   3.39623E-02   4.25837E+04  -2.06536E+04  -2.61690E+04  -5.49617E+04  -1.46149E+05
   1.13620E-02   2.72489E-03   9.48258E-01   3.68910E-03   3.39657E-02   4.25289E+04  -2.06528E+04  -2.61680E+04  -5.49545E+04  -1.46159E+05
   1.12620E-02   2.72516E-03   9.48354E-01   3.68947E-03   3.39691E-02   4.24737E+04  -2.06519E+04  -2.61670E+04  -5.49472E+04  -1.46169E+05
   1.11620E-02   2.72544E-03   9.48450E-01   3.68985E-03   3.39726E-02   4.24179E+04  -2.06511E+04  -2.61660E+04  -5.49399E+04  -1.46179E+05
   1.10620E-02   2.72571E-03   9.48546E-01   3.69022E-03   3.39760E-02   4.23617E+04  -2.06502E+04  -2.61651E+04  -5.49327E+04  -1.46189E+05
   1.09620E-02   2.72599E-03   9.48642E-01   3.69059E-03   3.39794E-02   4.23050E+04  -2.06494E+04  -2.61641E+04  -5.49254E+04  -1.46199E+05
   1.08620E-02   2.72626E-03   9.48738E-01   3.69097E-03   3.39829E-02   4.22478E+04  -2.06485E+04  -2.61631E+04  -5.49181E+04  -1.46209E+05
   1.07620E-02   2.72654E-03   9.48834E-01   3.69134E-03   3.39863E-02   4.21901E+04  -2.06477E+04  -2.61621E+04  -5.49109E+04  -1.46219E+05
   1.06620E-02   2.72681E-03   9.48930E-01   3.69171E-03   3.39898E-02   4.21319E+04  -2.06468E+04  -2.61611E+04  -5.49036E+04  -1.46229E+05
   1.05620E-02   2.72709E-03   9.49026E-01   3.69209E-03   3.39932E-02   4.20731E+04  -2.06460E+04  -2.61601E+04  -5.48963E+04  -1.46239E+05
   1.04620E-02   2.72737E-03   9.49122E-01   3.69246E-03   3.39966E-02   4.20138E+04  -2.06451E+04  -2.61592E+04  -5.48891E+04  -1.46249E+05
   1.03620E-02   2.72764E-03   9.49217E-01   3.69283E-03   3.40001E-02   4.19539E+04  -2.06443E+04  -2.61582E+04  -5.48818E+04  -1.46259E+05
   1.02620E-02   2.72792E-03   9.49313E-01   3.69320E-03   3.40035E-02   4.18935E+04  -2.06435E+04  -2.61572E+04  -5.48746E+04  -1.46269E+05
   1.01620E-02   2.72819E-03   9.49409E-01   3.69358E-03   3.40069E-02   4.18325E+04  -2.06426E+04  -2.61562E+04  -5.48673E+04  -1.46279E+05
   1.00620E-02   2.72847E-03   9.49505E-01   3.69395E-03   3.40104E-02   4.17710E+04  -2.06418E+04  -2.61552E+04  -5.48601E+04  -1.46289E+05
   9.96201E-03   2.72874E-03   9.49601E-01   3.69432E-03   3.40138E-02   4.17088E+04  -2.06409E+04  -2.61543E+04  -5.48528E+04  -1.46299E+05
   9.86201E-03   2.72902E-03   9.49697E-01   3.69470E-03   3.40172E-02   4.16461E+04  -2.06401E+04  -2.61533E+04  -5.48456E+04  -1.46309E+05
   9.76201E-03   2.72930E-03   9.49793E-01   3.69507E-03   3.40207E-02   4.15827E+04  -2.06392E+04  -2.61523E+04  -5.48383E+04  -1.46318E+05
   9.66201E-03   2.72957E-03   9.49889E-01   3.69544E-03   3.40241E-02   4.15187E+04  -2.06384E+04  -2.61513E+04  -5.48311E+04  -1.46328E+05
   9.56201E-03   2.72985E-03   9.49985E-01   3.69582E-03   3.40275E-02   4.14540E+04  -2.06376E+04  -2.61503E+04  -5.48238E+04  -1.46338E+05
   9.46201E-03   2.73012E-03   9.50081E-01   3.69619E-03   3.40310E-02   4.13887E+04  -2.06367E+04  -2.61494E+04  -5.48166E+04  -1.46348E+05
   9.36201E-03   2.73040E-03   9.50177E-01   3.69656E-03   3.40344E-02   4.13227E+04  -2.06359E+04  -2.61484E+04  -5.48094E+04  -1.46358E+05
   9.26201E-03   2.73067E-03   9.50273E-01   3.69694E-03   3.40378E-02   4.12560E+04  -2.06351E+04  -2.61474E+04  -5.48021E+04  -1.46368E+05
   9.16201E-03   2.73095E-03   9.50368E-01   3.69731E-03   3.40413E-02   4.11887E+04  -2.06342E+04  -2.61464E+04  -5.47949E+04  -1.46378E+05
   9.06201E-03   2.73122E-03   9.50464E-01   3.69768E-03   3.40447E-02   4.11206E+04  -2.06334E+04  -2.61454E+04  -5.47877E+04  -1.46388E+05
   8.96201E-03   2.73150E-03   9.50560E-01   3.69806E-03   3.40482E-02   4.10518E+04  -2.06326E+04  -2.61445E+04  -5.47804E+04  -1.46398E+05
   8.86201E-03   2.73178E-03   9.50656E-01   3.69843E-03   3.40516E-02   4.09822E+04  -2.06317E+04  -2.61435E+04  -5.47732E+04  -1.46408E+05
   8.76201E-03   2.73205E-03   9.50752E-01   3.69880E-03   3.40550E-02   4.09119E+04  -2.06309E+04  -2.61425E+04  -5.47660E+04  -1.46418E+05
   8.66201E-03   2.73233E-03   9.50848E-01   3.69918E-03   3.40585E-02   4.08407E+04  -2.06301E+04  -2.61415E+04  -5.47587E+04  -1.46428E+05
   8.56201E-03   2.73260E-03   9.50944E-01   3.69955E-03   3.40619E-02   4.07688E+04  -2.06292E+04  -2.61406E+04  -5.47515E+04  -1.46437E+05
   8.46201E-03   2.73288E-03   9.51040E-01   3.69992E-03   3.40653E-02   4.06961E+04  -2.06284E+04  -2.61396E+04  -5.47443E+04  -1.46447E+05
   8.36201E-03   2.73315E-03   9.51136E-01   3.70029E-03   3.40688E-02   4.06225E+04  -2.06276E+04  -2.61386E+04  -5.47371E+04  -1.46457E+05
   8.26201E-03   2.73343E-03   9.51232E-01   3.70067E-03   3.40722E-02   4.05481E+04  -2.06267E+04  -2.61376E+04  -5.47298E+04  -1.46467E+05
   8.16201E-03   2.73371E-03   9.51328E-01   3.70104E-03   3.40756E-02   4.04728E+04  -2.06259E+04  -2.61367E+04  -5.47226E+04  -1.46477E+05
   8.06201E-03   2.73398E-03   9.51424E-01   3.70141E-03   3.40791E-02   4.03965E+04  -2.06251E+04  -2.61357E+04  -5.47154E+04  -1.46487E+05
   7.96201E-03   2.73426E-03   9.51519E-01   3.70179E-03   3.40825E-02   4.03194E+04  -2.06243E+04  -2.61347E+04  -5.47082E+04  -1.46497E+05
   7.86201E-03   2.73453E-03   9.51615E-01   3.70216E-03   3.40859E-02   4.02413E+04  -2.06234E+04  -2.61337E+04  -5.47010E+04  -1.46507E+05
   7.76201E-03   2.73481E-03   9.51711E-01   3.70253E-03   3.40894E-02   4.01622E+04  -2.06226E+04  -2.61328E+04  -5.46938E+04  -1.46517E+05
   7.66201E-03   2.73508E-03   9.51807E-01   3.70291E-03   3.40928E-02   4.00822E+04  -2.06218E+04  -2.61318E+04  -5.46866E+04  -1.46527E+05
   7.56201E-03   2.73536E-03   9.51903E-01   3.70328E-03   3.40963E-02   4.00011E+04  -2.06210E+04  -2.61308E+04  -5.46794E+04  -1.46536E+05
   7.46201E-03   2.73563E-03   9.51999E-01   3.70365E-03   3.40997E-02   3.99190E+04  -2.06201E+04  -2.61299E+04  -5.46722E+04  -1.46546E+05
   7.36201E-03   2.73591E-03   9.52095E-01   3.70403E-03   3.41031E-02   3.98358E+04  -2.06193E+04  -2.61289E+04  -5.46649E+04  -1.46556E+05
   7.26201E-03   2.73619E-03   9.52191E-01   3.70440E-03   3.41066E-02   3.97514E+04  -2.06185E+04  -2.61279E+04  -5.46577E+04  -1.46566E+05
   7.16201E-03   2.73646E-03   9.52287E-01   3.70477E-03   3.41100E-02   3.96660E+04  -2.06177E+04  -2.61269E+04  -5.46505E+04  -1.46576E+05
   7.06201E-03   2.73674E-03   9.52383E-01   3.70515E-03   3.41134E-02   3.95793E+04  -2.06169E+04  -2.61260E+04  -5.46433E+04  -1.46586E+05
   6.96201E-03   2.73701E-03   9.52479E-01   3.70552E-03   3.41169E-02   3.94915E+04  -2.06160E+04  -2.61250E+04  -5.46361E+04  -1.46596E+05
   6.86201E-03   2.73729E-03   9.52575E-01   3.70589E-03   3.41203E-02   3.94024E+04  -2.06152E+04  -2.61240E+04  -5.46290E+04  -1.46606E+05
   6.76201E-03   2.73756E-03   9.52670E-01   3.70627E-03   3.41237E-02   3.93120E+04  -2.06144E+04  -2.61231E+04  -5.46218E+04  -1.46615E+05
   6.66201E-03   2.73784E-03   9.52766E-01   3.70664E-03   3.41272E-02   3.92204E+04  -2.06136E+04  -2.61221E+04  -5.46146E+04  -1.46625E+05
   6.56201E-03   2.73812E-03   9.52862E-01   3.70701E-03   3.41306E-02   3.91273E+04  -2.06128E+04  -2.61211E+04  -5.46074E+04  -1.46635E+05
   6.46201E-03   2.73839E-03   9.52958E-01   3.70738E-03   3.41340E-02   3.90329E+04  -2.06119E+04  -2.61202E+04  -5.46002E+04  -1.46645E+05
   6.36201E-03   2.73867E-03   9.53054E-01   3.70776E-03   3.41375E-02   3.89371E+04  -2.06111E+04  -2.61192E+04  -5.45930E+04  -1.46655E+05
   6.26201E-03   2.73894E-03   9.53150E-01   3.70813E-03   3.41409E-02   3.88397E+04  -2.06103E+04  -2.61182E+04  -5.45858E+04  -1.46665E+05
   6.16201E-03   2.73922E-03   9.53246E-01   3.70850E-03   3.41444E-02   3.87408E+04  -2.06095E+04  -2.61173E+04  -5.45786E+04  -1.46675E+05
   6.06201E-03   2.73949E-03   9.53342E-01   3.70888E-03   3.41478E-02   3.86404E+04  -2.06087E+04  -2.61163E+04  -5.45715E+04  -1.46685E+05
   5.96201E-03   2.73977E-03   9.53438E-01   3.70925E-03   3.41512E-02   3.85383E+04  -2.06079E+04  -2.61153E+04  -5.45643E+04  -1.46694E+05
   5.86201E-03   2.74004E-03   9.53534E-01   3.70962E-03   3.41547E-02   3.84345E+04  -2.06071E+04  -2.61144E+04  -5.45571E+04  -1.46704E+05
   5.76201E-03   2.74032E-03   9.53630E-01   3.71000E-03   3.41581E-02   3.83289E+04  -2.06063E+04  -2.61134E+04  -5.45499E+04  -1.46714E+05
   5.66201E-03   2.74060E-03   9.53725E-01   3.71037E-03   3.41615E-02   3.82216E+04  -2.06054E+04  -2.61124E+04  -5.45427E+04  -1.46724E+05
   5.56201E-03   2.74087E-03   9.53821E-01   3.71074E-03   3.41650E-02   3.81123E+04  -2.06046E+04  -2.61115E+04  -5.45356E+04  -1.46734E+05
   5.46201E-03   2.74115E-03   9.53917E-01   3.71112E-03   3.41684E-02   3.80012E+04  -2.06038E+04  -2.61105E+04  -5.45284E+04  -1.46744E+05
   5.36201E-03   2.74142E-03   9.54013E-01   3.71149E-03   3.41718E-02   3.78880E+04  -2.06030E+04  -2.61095E+04  -5.45212E+04  -1.46754E+05
   5.26201E-03   2.74170E-03   9.54109E-01   3.71186E-03   3.41753E-02   3.77727E+04  -2.06022E+04  -2.61086E+04  -5.45141E+04  -1.46763E+05
   5.16201E-03   2.74197E-03   9.54205E-01   3.71224E-03   3.41787E-02   3.76552E+04  -2.06014E+04  -2.61076E+04  -5.45069E+04  -1.46773E+05
   5.06201E-03   2.74225E-03   9.54301E-01   3.71261E-03   3.41821E-02   3.75355E+04  -2.06006E+04  -2.61066E+04  -5.44997E+04  -1.46783E+05
   4.96201E-03   2.74253E-03   9.54397E-01   3.71298E-03   3.41856E-02   3.74135E+04  -2.05998E+04  -2.61057E+04  -5.44926E+04  -1.46793E+05
   4.86201E-03   2.74280E-03   9.54493E-01   3.71335E-03   3.41890E-02   3.72890E+04  -2.05990E+04  -2.61047E+04  -5.44854E+04  -1.46803E+05
   4.76201E-03   2.74308E-03   9.54589E-01   3.71373E-03   3.41925E-02   3.71620E+04  -2.05982E+04  -2.61037E+04  -5.44782E+04  -1.46813E+05
   4.66201E-03   2.74335E-03   9.54685E-01   3.71410E-03   3.41959E-02   3.70323E+04  -2.05974E+04  -2.61028E+04  -5.44711E+04  -1.46822E+05
   4.56201E-03   2.74363E-03   9.54781E-01   3.71447E-03   3.41993E-02   3.68998E+04  -2.05966E+04  -2.61018E+04  -5.44639E+04  -1.46832E+05
   4.46201E-03   2.74390E-03   9.54876E-01   3.71485E-03   3.42028E-02   3.67645E+04  -2.05958E+04  -2.61009E+04  -5.44568E+04  -1.46842E+05
   4.36201E-03   2.74418E-03   9.54972E-01   3.71522E-03   3.42062E-02   3.66261E+04  -2.05950E+04  -2.60999E+04  -5.44496E+04  -1.46852E+05
   4.26201E-03   2.74445E-03   9.55068E-01   3.71559E-03   3.42096E-02   3.64846E+04  -2.05942E+04  -2.60989E+04  -5.44425E+04  -1.46862E+05
   4.16201E-03   2.74473E-03   9.55164E-01   3.71597E-03   3.42131E-02   3.63397E+04  -2.05934E+04  -2.60980E+04  -5.44353E+04  -1.46872E+05
   4.06201E-03   2.74501E-03   9.55260E-01   3.71634E-03   3.42165E-02   3.61914E+04  -2.05926E+04  -2.60970E+04  -5.44282E+04  -1.46882E+05
   3.96201E-03   2.74528E-03   9.55356E-01   3.71671E-03   3.42199E-02   3.60395E+04  -2.05918E+04  -2.60961E+04  -5.44210E+04  -1.46891E+05
   3.86201E-03   2.74556E-03   9.55452E-01   3.71709E-03   3.42234E-02   3.58837E+04  -2.05910E+04  -2.60951E+04  -5.44139E+04  -1.46901E+05
   3.76201E-03   2.74583E-03   9.55548E-01   3.71746E-03   3.42268E-02   3.57239E+04  -2.05902E+04  -2.60941E+04  -5.44067E+04  -1.46911E+05
   3.66201E-03   2.74611E-03   9.55644E-01   3.71783E-03   3.42302E-02   3.55598E+04  -2.05894E+04  -2.60932E+04  -5.43996E+04  -1.46921E+05
   3.56201E-03   2.74638E-03   9.55740E-01   3.71821E-03   3.42337E-02   3.53912E+04  -2.05886E+04  -2.60922E+04  -5.43925E+04  -1.46931E+05
   3.46201E-03   2.74666E-03   9.55836E-01   3.71858E-03   3.42371E-02   3.52179E+04  -2.05878E+04  -2.60913E+04  -5.43853E+04  -1.46940E+05
   3.36201E-03   2.74694E-03   9.55932E-01   3.71895E-03   3.42405E-02   3.50396E+04  -2.05870E+04  -2.60903E+04  -5.43782E+04  -1.46950E+05
   3.26201E-03   2.74721E-03   9.56027E-01   3.71933E-03   3.42440E-02   3.48560E+04  -2.05862E+04  -2.60893E+04  -5.43711E+04  -1.46960E+05
   3.16201E-03   2.74749E-03   9.56123E-01   3.71970E-03   3.42474E-02   3.46667E+04  -2.05854E+04  -2.60884E+04  -5.43639E+04  -1.46970E+05
   3.06201E-03   2.74776E-03   9.56219E-01   3.72007E-03   3.42509E-02   3.44714E+04  -2.05846E+04  -2.60874E+04  -5.43568E+04  -1.46980E+05
   2.96201E-03   2.74804E-03   9.56315E-01   3.72044E-03   3.42543E-02   3.42697E+04  -2.05838E+04  -2.60865E+04  -5.43497E+04  -1.46990E+05
   2.86201E-03   2.74831E-03   9.56411E-01   3.72082E-03   3.42577E-02   3.40611E+04  -2.05831E+04  -2.60855E+04  -5.43425E+04  -1.46999E+05
   2.76201E-03   2.74859E-03   9.56507E-01   3.72119E-03   3.42612E-02   3.38452E+04  -2.05823E+04  -2.60846E+04  -5.43354E+04  -1.47009E+05
   2.66201E-03   2.74886E-03   9.56603E-01   3.72156E-03   3.42646E-02   3.36214E+04  -2.05815E+04  -2.60836E+04  -5.43283E+04  -1.47019E+05
   2.56201E-03   2.74914E-03   9.56699E-01   3.72194E-03   3.42680E-02   3.33891E+04  -2.05807E+04  -2.60826E+04  -5.43212E+04  -1.47029E+05
   2.46201E-03   2.74942E-03   9.56795E-01   3.72231E-03   3.42715E-02   3.31476E+04  -2.05799E+04  -2.60817E+04  -5.43141E+04  -1.47039E+05
   2.36201E-03   2.74969E-03   9.56891E-01   3.72268E-03   3.42749E-02   3.28962E+04  -2.05791E+04  -2.60807E+04  -5.43069E+04  -1.47048E+05
   2.26201E-03   2.74997E-03   9.56987E-01   3.72306E-03   3.42783E-02   3.26341E+04  -2.05783E+04  -2.60798E+04  -5.42998E+04  -1.47058E+05
   2.16201E-03   2.75024E-03   9.57083E-01   3.72343E-03   3.42818E-02   3.23601E+04  -2.05775E+04  -2.60788E+04  -5.42927E+04  -1.47068E+05
   2.06201E-03   2.75052E-03   9.57178E-01   3.72380E-03   3.42852E-02   3.20733E+04  -2.05768E+04  -2.60779E+04  -5.42856E+04  -1.47078E+05
   1.96201E-03   2.75079E-03   9.57274E-01   3.72418E-03   3.42886E-02   3.17723E+04  -2.05760E+04  -2.60769E+04  -5.42785E+04  -1.47088E+05
   1.86201E-03   2.75107E-03   9.57370E-01   3.72455E-03   3.42921E-02   3.14557E+04  -2.05752E+04  -2.60760E+04  -5.42714E+04  -1.47097E+05
   1.76201E-03   2.75134E-03   9.57466E-01   3.72492E-03   3.42955E-02   3.11217E+04  -2.05744E+04  -2.60750E+04  -5.42643E+04  -1.47107E+05
   1.66201E-03   2.75162E-03   9.57562E-01   3.72530E-03   3.42990E-02   3.07684E+04  -2.05736E+04  -2.60741E+04  -5.42572E+04  -1.47117E+05
   1.56201E-03   2.75190E-03   9.57658E-01   3.72567E-03   3.43024E-02   3.03932E+04  -2.05728E+04  -2.60731E+04  -5.42501E+04  -1.47127E+05
   1.46201E-03   2.75217E-03   9.57754E-01   3.72604E-03   3.43058E-02   2.99933E+04  -2.05721E+04  -2.60722E+04  -5.42429E+04  -1.47137E+05
   1.36201E-03   2.75245E-03   9.57850E-01   3.72642E-03   3.43093E-02   2.95652E+04  -2.05713E+04  -2.60712E+04  -5.42358E+04  -1.47146E+05
   1.26201E-03   2.75272E-03   9.57946E-01   3.72679E-03   3.43127E-02   2.91047E+04  -2.05705E+04  -2.60703E+04  -5.42287E+04  -1.47156E+05
   1.16201E-03   2.75300E-03   9.58042E-01   3.72716E-03   3.43161E-02   2.86062E+04  -2.05697E+04  -2.60693E+04  -5.42216E+04  -1.47166E+05
   1.06201E-03   2.75327E-03   9.58138E-01   3.72753E-03   3.43196E-02   2.80631E+04  -2.05690E+04  -2.60684E+04  -5.42146E+04  -1.47176E+05
   9.62012E-04   2.75355E-03   9.58234E-01   3.72791E-03   3.43230E-02   2.74664E+04  -2.05682E+04  -2.60674E+04  -5.42075E+04  -1.47185E+05
   8.62012E-04   2.75383E-03   9.58329E-01   3.72828E-03   3.43264E-02   2.68044E+04  -2.05674E+04  -2.60665E+04  -5.42004E+04  -1.47195E+05
   7.62012E-04   2.75410E-03   9.58425E-01   3.72865E-03   3.43299E-02   2.60609E+04  -2.05666E+04  -2.60655E+04  -5.41933E+04  -1.47205E+05
   6.62012E-04   2.75438E-03   9.58521E-01   3.72903E-03   3.43333E-02   2.52130E+04  -2.05659E+04  -2.60646E+04  -5.41862E+04  -1.47215E+05
   5.62012E-04   2.75465E-03   9.58617E-01   3.72940E-03   3.43367E-02   2.42263E+04  -2.05651E+04  -2.60636E+04  -5.41791E+04  -1.47225E+05
   4.62012E-04   2.75493E-03   9.58713E-01   3.72977E-03   3.43402E-02   2.30462E+04  -2.05643E+04  -2.60627E+04  -5.41720E+04  -1.47234E+05
   3.62012E-04   2.75520E-03   9.58809E-01   3.73015E-03   3.43436E-02   2.15775E+04  -2.05635E+04  -2.60617E+04  -5.41649E+04  -1.47244E+05
   2.62012E-04   2.75548E-03   9.58905E-01   3.73052E-03   3.43471E-02   1.96317E+04  -2.05628E+04  -2.60608E+04  -5.41578E+04  -1.47254E+05
   1.62012E-04   2.75575E-03   9.59001E-01   3.73089E-03   3.43505E-02   1.67392E+04  -2.05620E+04  -2.60598E+04  -5.41508E+04  -1.47264E+05
   6.20121E-05   2.75603E-03   9.59097E-01   3.73127E-03   3.43539E-02   1.09630E+04  -2.05612E+04  -2.60589E+04  -5.41437E+04  -1.47273E+05
   1.00000E-06   2.75620E-03   9.59155E-01   3.73149E-03   3.43560E-02  -1.38544E+04  -2.05607E+04  -2.60583E+04  -5.41394E+04  -1.47279E+05

 Phase Region for:
     FCC_A1#2                      
 col-1=X(C), col-2=X(CU), col-3=X(FE), col-4=X(MN), col-5=X(SI), col-6=MU(C), col-7=MU(CU), col-8=MU(FE), col-9=MU(MN), col-10=MU(SI),
   9.72763E-03   9.86825E-01   1.15854E-04   3.33113E-03   1.75368E-10   2.10051E+05  -2.95349E+04  -3.50325E+04  -6.31159E+04  -1.56250E+05
   9.82763E-03   9.86709E-01   1.16587E-04   3.34634E-03   1.76088E-10   2.10085E+05  -2.95353E+04  -3.50329E+04  -6.31162E+04  -1.56250E+05
   9.92763E-03   9.86593E-01   1.17325E-04   3.36162E-03   1.76811E-10   2.10118E+05  -2.95356E+04  -3.50332E+04  -6.31166E+04  -1.56250E+05
   9.99900E-03   9.86511E-01   1.17855E-04   3.37257E-03   1.77329E-10   2.10141E+05  -2.95358E+04  -3.50334E+04  -6.31168E+04  -1.56250E+05

 Phase Region for:
     FCC_A1#2                      
 col-1=X(C), col-2=X(CU), col-3=X(FE), col-4=X(MN), col-5=X(SI), col-6=MU(C), col-7=MU(CU), col-8=MU(FE), col-9=MU(MN), col-10=MU(SI),
   9.72763E-03   9.86825E-01   1.15854E-04   3.33113E-03   1.75368E-10   2.10051E+05  -2.95349E+04  -3.50325E+04  -6.31159E+04  -1.56250E+05
   9.62763E-03   9.86941E-01   1.15125E-04   3.31599E-03   1.74652E-10   2.10017E+05  -2.95346E+04  -3.50322E+04  -6.31156E+04  -1.56249E+05
   9.52763E-03   9.87057E-01   1.14401E-04   3.30091E-03   1.73939E-10   2.09982E+05  -2.95343E+04  -3.50319E+04  -6.31152E+04  -1.56249E+05
   9.42763E-03   9.87173E-01   1.13682E-04   3.28591E-03   1.73228E-10   2.09946E+05  -2.95339E+04  -3.50315E+04  -6.31149E+04  -1.56249E+05
   9.32763E-03   9.87288E-01   1.12967E-04   3.27097E-03   1.72521E-10   2.09910E+05  -2.95336E+04  -3.50312E+04  -6.31145E+04  -1.56248E+05
   9.22763E-03   9.87404E-01   1.12257E-04   3.25610E-03   1.71817E-10   2.09873E+05  -2.95332E+04  -3.50308E+04  -6.31142E+04  -1.56248E+05
   9.12763E-03   9.87520E-01   1.11552E-04   3.24130E-03   1.71116E-10   2.09835E+05  -2.95329E+04  -3.50305E+04  -6.31138E+04  -1.56247E+05
   9.02763E-03   9.87635E-01   1.10851E-04   3.22657E-03   1.70419E-10   2.09796E+05  -2.95325E+04  -3.50301E+04  -6.31135E+04  -1.56247E+05
   8.92763E-03   9.87750E-01   1.10154E-04   3.21190E-03   1.69724E-10   2.09757E+05  -2.95322E+04  -3.50298E+04  -6.31131E+04  -1.56247E+05
   8.82763E-03   9.87866E-01   1.09462E-04   3.19730E-03   1.69032E-10   2.09717E+05  -2.95318E+04  -3.50294E+04  -6.31128E+04  -1.56246E+05
   8.72763E-03   9.87981E-01   1.08775E-04   3.18277E-03   1.68343E-10   2.09676E+05  -2.95314E+04  -3.50290E+04  -6.31124E+04  -1.56246E+05
   8.62763E-03   9.88096E-01   1.08092E-04   3.16830E-03   1.67657E-10   2.09634E+05  -2.95311E+04  -3.50287E+04  -6.31120E+04  -1.56246E+05
   8.52763E-03   9.88211E-01   1.07413E-04   3.15390E-03   1.66974E-10   2.09592E+05  -2.95307E+04  -3.50283E+04  -6.31117E+04  -1.56245E+05
   8.42763E-03   9.88326E-01   1.06739E-04   3.13956E-03   1.66294E-10   2.09548E+05  -2.95303E+04  -3.50279E+04  -6.31113E+04  -1.56245E+05
   8.32763E-03   9.88441E-01   1.06069E-04   3.12529E-03   1.65618E-10   2.09504E+05  -2.95300E+04  -3.50276E+04  -6.31109E+04  -1.56245E+05
   8.22763E-03   9.88556E-01   1.05404E-04   3.11109E-03   1.64944E-10   2.09459E+05  -2.95296E+04  -3.50272E+04  -6.31105E+04  -1.56244E+05
   8.12763E-03   9.88671E-01   1.04743E-04   3.09695E-03   1.64273E-10   2.09412E+05  -2.95292E+04  -3.50268E+04  -6.31102E+04  -1.56244E+05
   8.02763E-03   9.88785E-01   1.04086E-04   3.08287E-03   1.63604E-10   2.09365E+05  -2.95288E+04  -3.50264E+04  -6.31098E+04  -1.56243E+05
   7.92763E-03   9.88900E-01   1.03433E-04   3.06886E-03   1.62939E-10   2.09317E+05  -2.95284E+04  -3.50260E+04  -6.31094E+04  -1.56243E+05
   7.82763E-03   9.89015E-01   1.02784E-04   3.05491E-03   1.62277E-10   2.09268E+05  -2.95280E+04  -3.50256E+04  -6.31090E+04  -1.56243E+05
   7.72763E-03   9.89129E-01   1.02140E-04   3.04102E-03   1.61617E-10   2.09218E+05  -2.95276E+04  -3.50253E+04  -6.31086E+04  -1.56242E+05
   7.62763E-03   9.89244E-01   1.01500E-04   3.02720E-03   1.60961E-10   2.09167E+05  -2.95273E+04  -3.50249E+04  -6.31082E+04  -1.56242E+05
   7.52763E-03   9.89358E-01   1.00864E-04   3.01344E-03   1.60307E-10   2.09115E+05  -2.95269E+04  -3.50245E+04  -6.31078E+04  -1.56241E+05
   7.42763E-03   9.89472E-01   1.00232E-04   2.99975E-03   1.59656E-10   2.09062E+05  -2.95265E+04  -3.50241E+04  -6.31074E+04  -1.56241E+05
   7.32763E-03   9.89587E-01   9.96037E-05   2.98611E-03   1.59008E-10   2.09008E+05  -2.95260E+04  -3.50237E+04  -6.31070E+04  -1.56241E+05
   7.22763E-03   9.89701E-01   9.89798E-05   2.97254E-03   1.58362E-10   2.08952E+05  -2.95256E+04  -3.50233E+04  -6.31066E+04  -1.56240E+05
   7.12763E-03   9.89815E-01   9.83599E-05   2.95903E-03   1.57720E-10   2.08896E+05  -2.95252E+04  -3.50228E+04  -6.31062E+04  -1.56240E+05
   7.02763E-03   9.89929E-01   9.77440E-05   2.94559E-03   1.57080E-10   2.08838E+05  -2.95248E+04  -3.50224E+04  -6.31058E+04  -1.56239E+05
   6.92763E-03   9.90043E-01   9.71321E-05   2.93220E-03   1.56443E-10   2.08779E+05  -2.95244E+04  -3.50220E+04  -6.31054E+04  -1.56239E+05
   6.82763E-03   9.90157E-01   9.65241E-05   2.91887E-03   1.55809E-10   2.08719E+05  -2.95240E+04  -3.50216E+04  -6.31049E+04  -1.56239E+05
   6.72763E-03   9.90271E-01   9.59200E-05   2.90561E-03   1.55177E-10   2.08657E+05  -2.95236E+04  -3.50212E+04  -6.31045E+04  -1.56238E+05
   6.62763E-03   9.90385E-01   9.53197E-05   2.89240E-03   1.54549E-10   2.08594E+05  -2.95231E+04  -3.50208E+04  -6.31041E+04  -1.56238E+05
   6.52763E-03   9.90498E-01   9.47234E-05   2.87926E-03   1.53922E-10   2.08530E+05  -2.95227E+04  -3.50203E+04  -6.31037E+04  -1.56237E+05
   6.42763E-03   9.90612E-01   9.41308E-05   2.86617E-03   1.53299E-10   2.08464E+05  -2.95223E+04  -3.50199E+04  -6.31032E+04  -1.56237E+05
   6.32763E-03   9.90726E-01   9.35421E-05   2.85315E-03   1.52678E-10   2.08396E+05  -2.95219E+04  -3.50195E+04  -6.31028E+04  -1.56237E+05
   6.22763E-03   9.90839E-01   9.29572E-05   2.84018E-03   1.52060E-10   2.08328E+05  -2.95214E+04  -3.50190E+04  -6.31024E+04  -1.56236E+05
   6.12763E-03   9.90953E-01   9.23760E-05   2.82728E-03   1.51445E-10   2.08257E+05  -2.95210E+04  -3.50186E+04  -6.31019E+04  -1.56236E+05
   6.02763E-03   9.91066E-01   9.17985E-05   2.81443E-03   1.50832E-10   2.08185E+05  -2.95205E+04  -3.50182E+04  -6.31015E+04  -1.56235E+05
   5.92763E-03   9.91180E-01   9.12247E-05   2.80164E-03   1.50222E-10   2.08111E+05  -2.95201E+04  -3.50177E+04  -6.31010E+04  -1.56235E+05
   5.82763E-03   9.91293E-01   9.06546E-05   2.78891E-03   1.49615E-10   2.08036E+05  -2.95197E+04  -3.50173E+04  -6.31006E+04  -1.56234E+05
   5.72763E-03   9.91406E-01   9.00882E-05   2.77624E-03   1.49010E-10   2.07959E+05  -2.95192E+04  -3.50168E+04  -6.31002E+04  -1.56234E+05
   5.62763E-03   9.91519E-01   8.95254E-05   2.76362E-03   1.48408E-10   2.07880E+05  -2.95188E+04  -3.50164E+04  -6.30997E+04  -1.56233E+05
   5.52763E-03   9.91632E-01   8.89662E-05   2.75107E-03   1.47808E-10   2.07799E+05  -2.95183E+04  -3.50159E+04  -6.30992E+04  -1.56233E+05
   5.42763E-03   9.91745E-01   8.84106E-05   2.73857E-03   1.47211E-10   2.07716E+05  -2.95178E+04  -3.50155E+04  -6.30988E+04  -1.56233E+05
   5.32763E-03   9.91858E-01   8.78586E-05   2.72612E-03   1.46616E-10   2.07631E+05  -2.95174E+04  -3.50150E+04  -6.30983E+04  -1.56232E+05
   5.22763E-03   9.91971E-01   8.73101E-05   2.71374E-03   1.46024E-10   2.07543E+05  -2.95169E+04  -3.50145E+04  -6.30979E+04  -1.56232E+05
   5.12763E-03   9.92084E-01   8.67651E-05   2.70141E-03   1.45435E-10   2.07454E+05  -2.95165E+04  -3.50141E+04  -6.30974E+04  -1.56231E+05
   5.02763E-03   9.92197E-01   8.62236E-05   2.68914E-03   1.44848E-10   2.07362E+05  -2.95160E+04  -3.50136E+04  -6.30969E+04  -1.56231E+05
   4.92763E-03   9.92310E-01   8.56856E-05   2.67692E-03   1.44264E-10   2.07268E+05  -2.95155E+04  -3.50131E+04  -6.30965E+04  -1.56230E+05
   4.82763E-03   9.92422E-01   8.51510E-05   2.66476E-03   1.43682E-10   2.07172E+05  -2.95150E+04  -3.50127E+04  -6.30960E+04  -1.56230E+05
   4.72763E-03   9.92535E-01   8.46198E-05   2.65265E-03   1.43102E-10   2.07072E+05  -2.95146E+04  -3.50122E+04  -6.30955E+04  -1.56229E+05
   4.62763E-03   9.92648E-01   8.40921E-05   2.64060E-03   1.42525E-10   2.06970E+05  -2.95141E+04  -3.50117E+04  -6.30950E+04  -1.56229E+05
   4.52763E-03   9.92760E-01   8.35677E-05   2.62861E-03   1.41951E-10   2.06866E+05  -2.95136E+04  -3.50112E+04  -6.30945E+04  -1.56228E+05
   4.42763E-03   9.92873E-01   8.30466E-05   2.61666E-03   1.41379E-10   2.06758E+05  -2.95131E+04  -3.50107E+04  -6.30941E+04  -1.56228E+05
   4.32763E-03   9.92985E-01   8.25289E-05   2.60478E-03   1.40809E-10   2.06647E+05  -2.95126E+04  -3.50102E+04  -6.30936E+04  -1.56227E+05
   4.22763E-03   9.93097E-01   8.20146E-05   2.59295E-03   1.40242E-10   2.06533E+05  -2.95121E+04  -3.50098E+04  -6.30931E+04  -1.56227E+05
   4.12763E-03   9.93210E-01   8.15035E-05   2.58117E-03   1.39677E-10   2.06416E+05  -2.95117E+04  -3.50093E+04  -6.30926E+04  -1.56226E+05
   4.02763E-03   9.93322E-01   8.09956E-05   2.56944E-03   1.39115E-10   2.06295E+05  -2.95112E+04  -3.50088E+04  -6.30921E+04  -1.56226E+05
   3.92763E-03   9.93434E-01   8.04910E-05   2.55777E-03   1.38555E-10   2.06170E+05  -2.95107E+04  -3.50083E+04  -6.30916E+04  -1.56225E+05
   3.82763E-03   9.93546E-01   7.99897E-05   2.54615E-03   1.37998E-10   2.06041E+05  -2.95102E+04  -3.50078E+04  -6.30911E+04  -1.56225E+05
   3.72763E-03   9.93658E-01   7.94915E-05   2.53459E-03   1.37442E-10   2.05909E+05  -2.95097E+04  -3.50073E+04  -6.30906E+04  -1.56224E+05
   3.62763E-03   9.93770E-01   7.89965E-05   2.52308E-03   1.36890E-10   2.05771E+05  -2.95091E+04  -3.50068E+04  -6.30901E+04  -1.56224E+05
   3.52763E-03   9.93882E-01   7.85047E-05   2.51162E-03   1.36339E-10   2.05630E+05  -2.95086E+04  -3.50062E+04  -6.30896E+04  -1.56223E+05
   3.42763E-03   9.93994E-01   7.80161E-05   2.50021E-03   1.35791E-10   2.05483E+05  -2.95081E+04  -3.50057E+04  -6.30890E+04  -1.56223E+05
   3.32763E-03   9.94106E-01   7.75305E-05   2.48886E-03   1.35245E-10   2.05331E+05  -2.95076E+04  -3.50052E+04  -6.30885E+04  -1.56222E+05
   3.22763E-03   9.94218E-01   7.70481E-05   2.47756E-03   1.34702E-10   2.05174E+05  -2.95071E+04  -3.50047E+04  -6.30880E+04  -1.56222E+05
   3.12763E-03   9.94330E-01   7.65687E-05   2.46630E-03   1.34161E-10   2.05011E+05  -2.95066E+04  -3.50042E+04  -6.30875E+04  -1.56221E+05
   3.02763E-03   9.94441E-01   7.60924E-05   2.45510E-03   1.33622E-10   2.04842E+05  -2.95061E+04  -3.50037E+04  -6.30870E+04  -1.56221E+05
   2.92763E-03   9.94553E-01   7.56191E-05   2.44396E-03   1.33086E-10   2.04667E+05  -2.95055E+04  -3.50031E+04  -6.30864E+04  -1.56220E+05
   2.82763E-03   9.94664E-01   7.51488E-05   2.43286E-03   1.32551E-10   2.04484E+05  -2.95050E+04  -3.50026E+04  -6.30859E+04  -1.56220E+05
   2.72763E-03   9.94776E-01   7.46816E-05   2.42181E-03   1.32019E-10   2.04294E+05  -2.95045E+04  -3.50021E+04  -6.30854E+04  -1.56219E+05
   2.62763E-03   9.94887E-01   7.42173E-05   2.41081E-03   1.31490E-10   2.04095E+05  -2.95039E+04  -3.50015E+04  -6.30848E+04  -1.56219E+05
   2.52763E-03   9.94999E-01   7.37560E-05   2.39987E-03   1.30962E-10   2.03888E+05  -2.95034E+04  -3.50010E+04  -6.30843E+04  -1.56218E+05
   2.42763E-03   9.95110E-01   7.32976E-05   2.38897E-03   1.30437E-10   2.03672E+05  -2.95029E+04  -3.50005E+04  -6.30838E+04  -1.56218E+05
   2.32763E-03   9.95221E-01   7.28421E-05   2.37813E-03   1.29914E-10   2.03445E+05  -2.95023E+04  -3.49999E+04  -6.30832E+04  -1.56217E+05
   2.22763E-03   9.95333E-01   7.23896E-05   2.36733E-03   1.29393E-10   2.03207E+05  -2.95018E+04  -3.49994E+04  -6.30827E+04  -1.56217E+05
   2.12763E-03   9.95444E-01   7.19399E-05   2.35658E-03   1.28874E-10   2.02957E+05  -2.95012E+04  -3.49988E+04  -6.30821E+04  -1.56216E+05
   2.02763E-03   9.95555E-01   7.14931E-05   2.34588E-03   1.28358E-10   2.02693E+05  -2.95007E+04  -3.49983E+04  -6.30816E+04  -1.56215E+05
   1.92763E-03   9.95666E-01   7.10491E-05   2.33523E-03   1.27844E-10   2.02415E+05  -2.95001E+04  -3.49977E+04  -6.30810E+04  -1.56215E+05
   1.82763E-03   9.95777E-01   7.06080E-05   2.32463E-03   1.27332E-10   2.02121E+05  -2.94996E+04  -3.49972E+04  -6.30805E+04  -1.56214E+05
   1.72763E-03   9.95888E-01   7.01697E-05   2.31408E-03   1.26822E-10   2.01809E+05  -2.94990E+04  -3.49966E+04  -6.30799E+04  -1.56214E+05
   1.62763E-03   9.95999E-01   6.97342E-05   2.30358E-03   1.26314E-10   2.01476E+05  -2.94985E+04  -3.49961E+04  -6.30793E+04  -1.56213E+05
   1.52763E-03   9.96110E-01   6.93014E-05   2.29312E-03   1.25808E-10   2.01121E+05  -2.94979E+04  -3.49955E+04  -6.30788E+04  -1.56213E+05
   1.42763E-03   9.96221E-01   6.88714E-05   2.28271E-03   1.25305E-10   2.00740E+05  -2.94973E+04  -3.49950E+04  -6.30782E+04  -1.56212E+05
   1.32763E-03   9.96332E-01   6.84441E-05   2.27235E-03   1.24804E-10   2.00329E+05  -2.94968E+04  -3.49944E+04  -6.30776E+04  -1.56212E+05
   1.22763E-03   9.96442E-01   6.80195E-05   2.26204E-03   1.24304E-10   1.99884E+05  -2.94962E+04  -3.49938E+04  -6.30771E+04  -1.56211E+05
   1.12763E-03   9.96553E-01   6.75977E-05   2.25177E-03   1.23807E-10   1.99399E+05  -2.94956E+04  -3.49932E+04  -6.30765E+04  -1.56210E+05
   1.02763E-03   9.96664E-01   6.71785E-05   2.24155E-03   1.23312E-10   1.98867E+05  -2.94951E+04  -3.49927E+04  -6.30759E+04  -1.56210E+05
   9.27626E-04   9.96774E-01   6.67620E-05   2.23138E-03   1.22819E-10   1.98277E+05  -2.94945E+04  -3.49921E+04  -6.30753E+04  -1.56209E+05
   8.27626E-04   9.96885E-01   6.63481E-05   2.22126E-03   1.22328E-10   1.97617E+05  -2.94939E+04  -3.49915E+04  -6.30747E+04  -1.56209E+05
   7.27626E-04   9.96995E-01   6.59369E-05   2.21118E-03   1.21839E-10   1.96869E+05  -2.94933E+04  -3.49909E+04  -6.30742E+04  -1.56208E+05
   6.27626E-04   9.97106E-01   6.55283E-05   2.20115E-03   1.21352E-10   1.96006E+05  -2.94927E+04  -3.49904E+04  -6.30736E+04  -1.56208E+05
   5.27626E-04   9.97216E-01   6.51223E-05   2.19116E-03   1.20867E-10   1.94988E+05  -2.94922E+04  -3.49898E+04  -6.30730E+04  -1.56207E+05
   4.27626E-04   9.97326E-01   6.47188E-05   2.18122E-03   1.20384E-10   1.93750E+05  -2.94916E+04  -3.49892E+04  -6.30724E+04  -1.56206E+05
   3.27626E-04   9.97437E-01   6.43179E-05   2.17133E-03   1.19903E-10   1.92174E+05  -2.94910E+04  -3.49886E+04  -6.30718E+04  -1.56206E+05
   2.27626E-04   9.97547E-01   6.39196E-05   2.16149E-03   1.19424E-10   1.90010E+05  -2.94904E+04  -3.49880E+04  -6.30711E+04  -1.56205E+05
   1.27626E-04   9.97657E-01   6.35238E-05   2.15169E-03   1.18947E-10   1.86557E+05  -2.94898E+04  -3.49874E+04  -6.30705E+04  -1.56205E+05
   2.76265E-05   9.97767E-01   6.31306E-05   2.14196E-03   1.18469E-10   1.77381E+05  -2.94892E+04  -3.49868E+04  -6.30698E+04  -1.56204E+05
   1.00000E-06   9.97797E-01   6.30263E-05   2.13944E-03   1.18336E-10   1.57434E+05  -2.94890E+04  -3.49866E+04  -6.30694E+04  -1.56205E+05
