
 Phase Region for:
     FCC_A1#1                      
 col-1=X(C), col-2=X(CU), col-3=X(FE), col-4=X(MN), col-5=X(SI), col-6=MU(C), col-7=MU(CU), col-8=MU(FE), col-9=MU(MN), col-10=MU(SI),
   9.72763E-03   2.72939E-03   9.49826E-01   3.69520E-03   3.40219E-02   6.67844E+02  -3.00775E+04  -2.42464E+04  -6.97902E+04  -1.44592E+05
   1.07276E-02   2.72663E-03   9.48867E-01   3.69147E-03   3.39875E-02   1.33600E+03  -3.00085E+04  -2.42572E+04  -6.98404E+04  -1.44491E+05
   1.17276E-02   2.72388E-03   9.47908E-01   3.68774E-03   3.39531E-02   1.95185E+03  -2.99397E+04  -2.42681E+04  -6.98908E+04  -1.44391E+05
   1.27276E-02   2.72112E-03   9.46948E-01   3.68400E-03   3.39188E-02   2.52398E+03  -2.98711E+04  -2.42791E+04  -6.99414E+04  -1.44290E+05
   1.37276E-02   2.71837E-03   9.45989E-01   3.68027E-03   3.38844E-02   3.05904E+03  -2.98029E+04  -2.42902E+04  -6.99921E+04  -1.44189E+05
   1.47276E-02   2.71561E-03   9.45030E-01   3.67654E-03   3.38501E-02   3.56228E+03  -2.97348E+04  -2.43014E+04  -7.00430E+04  -1.44088E+05
   1.57276E-02   2.71285E-03   9.44071E-01   3.67281E-03   3.38157E-02   4.03789E+03  -2.96671E+04  -2.43127E+04  -7.00941E+04  -1.43987E+05
   1.67276E-02   2.71010E-03   9.43112E-01   3.66908E-03   3.37814E-02   4.48931E+03  -2.95996E+04  -2.43241E+04  -7.01453E+04  -1.43886E+05
   1.77276E-02   2.70734E-03   9.42153E-01   3.66535E-03   3.37470E-02   4.91937E+03  -2.95324E+04  -2.43355E+04  -7.01967E+04  -1.43785E+05
   1.87276E-02   2.70458E-03   9.41194E-01   3.66162E-03   3.37126E-02   5.33043E+03  -2.94654E+04  -2.43471E+04  -7.02482E+04  -1.43684E+05
   1.97276E-02   2.70183E-03   9.40234E-01   3.65788E-03   3.36783E-02   5.72449E+03  -2.93988E+04  -2.43588E+04  -7.02999E+04  -1.43583E+05
   2.07276E-02   2.69907E-03   9.39275E-01   3.65415E-03   3.36439E-02   6.10325E+03  -2.93324E+04  -2.43705E+04  -7.03518E+04  -1.43481E+05
   2.17276E-02   2.69632E-03   9.38316E-01   3.65042E-03   3.36096E-02   6.46817E+03  -2.92662E+04  -2.43824E+04  -7.04038E+04  -1.43380E+05
   2.27276E-02   2.69356E-03   9.37357E-01   3.64669E-03   3.35752E-02   6.82050E+03  -2.92004E+04  -2.43944E+04  -7.04560E+04  -1.43279E+05
   2.37276E-02   2.69080E-03   9.36398E-01   3.64296E-03   3.35409E-02   7.16135E+03  -2.91348E+04  -2.44064E+04  -7.05084E+04  -1.43177E+05
   2.47276E-02   2.68805E-03   9.35439E-01   3.63923E-03   3.35065E-02   7.49167E+03  -2.90696E+04  -2.44186E+04  -7.05610E+04  -1.43076E+05
   2.57276E-02   2.68529E-03   9.34479E-01   3.63549E-03   3.34722E-02   7.81233E+03  -2.90046E+04  -2.44309E+04  -7.06137E+04  -1.42974E+05
   2.67276E-02   2.68253E-03   9.33520E-01   3.63176E-03   3.34378E-02   8.12407E+03  -2.89398E+04  -2.44432E+04  -7.06666E+04  -1.42873E+05
   2.77276E-02   2.67978E-03   9.32561E-01   3.62803E-03   3.34034E-02   8.42755E+03  -2.88754E+04  -2.44557E+04  -7.07196E+04  -1.42771E+05
   2.87276E-02   2.67702E-03   9.31602E-01   3.62430E-03   3.33691E-02   8.72338E+03  -2.88113E+04  -2.44683E+04  -7.07728E+04  -1.42669E+05
   2.97276E-02   2.67427E-03   9.30643E-01   3.62057E-03   3.33347E-02   9.01209E+03  -2.87475E+04  -2.44810E+04  -7.08262E+04  -1.42568E+05
   3.07276E-02   2.67151E-03   9.29684E-01   3.61684E-03   3.33004E-02   9.29416E+03  -2.86839E+04  -2.44938E+04  -7.08798E+04  -1.42466E+05
   3.17276E-02   2.66875E-03   9.28724E-01   3.61311E-03   3.32660E-02   9.57004E+03  -2.86207E+04  -2.45066E+04  -7.09336E+04  -1.42364E+05
   3.27276E-02   2.66600E-03   9.27765E-01   3.60937E-03   3.32317E-02   9.84011E+03  -2.85577E+04  -2.45196E+04  -7.09875E+04  -1.42262E+05
   3.37276E-02   2.66324E-03   9.26806E-01   3.60564E-03   3.31973E-02   1.01047E+04  -2.84951E+04  -2.45328E+04  -7.10416E+04  -1.42160E+05
   3.47276E-02   2.66049E-03   9.25847E-01   3.60191E-03   3.31630E-02   1.03643E+04  -2.84328E+04  -2.45460E+04  -7.10959E+04  -1.42058E+05
   3.57276E-02   2.65773E-03   9.24888E-01   3.59818E-03   3.31286E-02   1.06190E+04  -2.83707E+04  -2.45593E+04  -7.11503E+04  -1.41956E+05
   3.67276E-02   2.65497E-03   9.23929E-01   3.59445E-03   3.30942E-02   1.08691E+04  -2.83090E+04  -2.45727E+04  -7.12050E+04  -1.41854E+05
   3.77276E-02   2.65222E-03   9.22970E-01   3.59072E-03   3.30599E-02   1.11150E+04  -2.82476E+04  -2.45862E+04  -7.12598E+04  -1.41752E+05
   3.87276E-02   2.64946E-03   9.22010E-01   3.58699E-03   3.30255E-02   1.13568E+04  -2.81865E+04  -2.45999E+04  -7.13148E+04  -1.41650E+05
   3.97276E-02   2.64670E-03   9.21051E-01   3.58325E-03   3.29912E-02   1.15948E+04  -2.81258E+04  -2.46136E+04  -7.13699E+04  -1.41547E+05
   4.07276E-02   2.64395E-03   9.20092E-01   3.57952E-03   3.29568E-02   1.18292E+04  -2.80653E+04  -2.46275E+04  -7.14253E+04  -1.41445E+05
   4.17276E-02   2.64119E-03   9.19133E-01   3.57579E-03   3.29225E-02   1.20601E+04  -2.80052E+04  -2.46415E+04  -7.14808E+04  -1.41343E+05
   4.27276E-02   2.63844E-03   9.18174E-01   3.57206E-03   3.28881E-02   1.22878E+04  -2.79454E+04  -2.46556E+04  -7.15365E+04  -1.41240E+05
   4.37276E-02   2.63568E-03   9.17215E-01   3.56833E-03   3.28537E-02   1.25123E+04  -2.78859E+04  -2.46698E+04  -7.15924E+04  -1.41138E+05
   4.47276E-02   2.63292E-03   9.16255E-01   3.56460E-03   3.28194E-02   1.27339E+04  -2.78267E+04  -2.46841E+04  -7.16485E+04  -1.41035E+05
   4.57276E-02   2.63017E-03   9.15296E-01   3.56086E-03   3.27850E-02   1.29526E+04  -2.77679E+04  -2.46985E+04  -7.17048E+04  -1.40933E+05
   4.67276E-02   2.62741E-03   9.14337E-01   3.55713E-03   3.27507E-02   1.31687E+04  -2.77094E+04  -2.47130E+04  -7.17612E+04  -1.40830E+05
   4.77276E-02   2.62465E-03   9.13378E-01   3.55340E-03   3.27163E-02   1.33821E+04  -2.76513E+04  -2.47277E+04  -7.18179E+04  -1.40727E+05
   4.87276E-02   2.62190E-03   9.12419E-01   3.54967E-03   3.26820E-02   1.35932E+04  -2.75935E+04  -2.47425E+04  -7.18747E+04  -1.40625E+05
   4.97276E-02   2.61914E-03   9.11460E-01   3.54594E-03   3.26476E-02   1.38018E+04  -2.75360E+04  -2.47574E+04  -7.19317E+04  -1.40522E+05
   5.07276E-02   2.61639E-03   9.10501E-01   3.54221E-03   3.26133E-02   1.40082E+04  -2.74789E+04  -2.47724E+04  -7.19889E+04  -1.40419E+05
   5.17276E-02   2.61363E-03   9.09541E-01   3.53848E-03   3.25789E-02   1.42125E+04  -2.74221E+04  -2.47875E+04  -7.20463E+04  -1.40316E+05
   5.27276E-02   2.61087E-03   9.08582E-01   3.53474E-03   3.25445E-02   1.44147E+04  -2.73657E+04  -2.48027E+04  -7.21039E+04  -1.40213E+05
   5.37276E-02   2.60812E-03   9.07623E-01   3.53101E-03   3.25102E-02   1.46149E+04  -2.73096E+04  -2.48181E+04  -7.21617E+04  -1.40111E+05
   5.47276E-02   2.60536E-03   9.06664E-01   3.52728E-03   3.24758E-02   1.48133E+04  -2.72539E+04  -2.48336E+04  -7.22197E+04  -1.40008E+05
   5.57276E-02   2.60260E-03   9.05705E-01   3.52355E-03   3.24415E-02   1.50098E+04  -2.71985E+04  -2.48492E+04  -7.22779E+04  -1.39905E+05
   5.67276E-02   2.59985E-03   9.04746E-01   3.51982E-03   3.24071E-02   1.52045E+04  -2.71435E+04  -2.48649E+04  -7.23362E+04  -1.39801E+05
   5.77276E-02   2.59709E-03   9.03786E-01   3.51609E-03   3.23728E-02   1.53971E+04  -2.70888E+04  -2.48807E+04  -7.23942E+04  -1.39698E+05
   5.87276E-02   2.59434E-03   9.02827E-01   3.51236E-03   3.23384E-02   1.55885E+04  -2.70346E+04  -2.48966E+04  -7.24528E+04  -1.39595E+05
   5.97276E-02   2.59158E-03   9.01868E-01   3.50862E-03   3.23040E-02   1.57782E+04  -2.69806E+04  -2.49127E+04  -7.25116E+04  -1.39492E+05
   6.07276E-02   2.58882E-03   9.00909E-01   3.50489E-03   3.22697E-02   1.59664E+04  -2.69271E+04  -2.49289E+04  -7.25705E+04  -1.39389E+05
   6.17276E-02   2.58607E-03   8.99950E-01   3.50116E-03   3.22353E-02   1.61532E+04  -2.68739E+04  -2.49452E+04  -7.26295E+04  -1.39285E+05
   6.27276E-02   2.58331E-03   8.98991E-01   3.49743E-03   3.22010E-02   1.63385E+04  -2.68211E+04  -2.49617E+04  -7.26888E+04  -1.39182E+05
   6.37276E-02   2.58056E-03   8.98031E-01   3.49370E-03   3.21666E-02   1.65225E+04  -2.67686E+04  -2.49783E+04  -7.27481E+04  -1.39079E+05
   6.47276E-02   2.57780E-03   8.97072E-01   3.48997E-03   3.21323E-02   1.67051E+04  -2.67166E+04  -2.49949E+04  -7.28077E+04  -1.38975E+05
   6.57276E-02   2.57504E-03   8.96113E-01   3.48624E-03   3.20979E-02   1.68864E+04  -2.66649E+04  -2.50118E+04  -7.28673E+04  -1.38872E+05
   6.67276E-02   2.57229E-03   8.95154E-01   3.48250E-03   3.20636E-02   1.70665E+04  -2.66136E+04  -2.50287E+04  -7.29271E+04  -1.38768E+05
   6.77276E-02   2.56953E-03   8.94195E-01   3.47877E-03   3.20292E-02   1.72454E+04  -2.65627E+04  -2.50458E+04  -7.29871E+04  -1.38665E+05
   6.87276E-02   2.56677E-03   8.93236E-01   3.47504E-03   3.19948E-02   1.74231E+04  -2.65122E+04  -2.50630E+04  -7.30471E+04  -1.38561E+05
   6.97276E-02   2.56402E-03   8.92277E-01   3.47131E-03   3.19605E-02   1.75996E+04  -2.64620E+04  -2.50803E+04  -7.31073E+04  -1.38458E+05
   7.07276E-02   2.56126E-03   8.91317E-01   3.46758E-03   3.19261E-02   1.77751E+04  -2.64122E+04  -2.50977E+04  -7.31676E+04  -1.38354E+05
   7.17276E-02   2.55851E-03   8.90358E-01   3.46385E-03   3.18918E-02   1.79495E+04  -2.63629E+04  -2.51153E+04  -7.32281E+04  -1.38250E+05
   7.27276E-02   2.55575E-03   8.89399E-01   3.46011E-03   3.18574E-02   1.81228E+04  -2.63139E+04  -2.51330E+04  -7.32886E+04  -1.38146E+05
   7.37276E-02   2.55299E-03   8.88440E-01   3.45638E-03   3.18231E-02   1.82951E+04  -2.62653E+04  -2.51508E+04  -7.33492E+04  -1.38043E+05
   7.47276E-02   2.55024E-03   8.87481E-01   3.45265E-03   3.17887E-02   1.84664E+04  -2.62172E+04  -2.51687E+04  -7.34099E+04  -1.37939E+05
   7.57276E-02   2.54748E-03   8.86522E-01   3.44892E-03   3.17544E-02   1.86367E+04  -2.61694E+04  -2.51868E+04  -7.34708E+04  -1.37835E+05
   7.67276E-02   2.54472E-03   8.85562E-01   3.44519E-03   3.17200E-02   1.88061E+04  -2.61220E+04  -2.52050E+04  -7.35317E+04  -1.37731E+05
   7.77276E-02   2.54197E-03   8.84603E-01   3.44146E-03   3.16856E-02   1.89746E+04  -2.60750E+04  -2.52233E+04  -7.35926E+04  -1.37627E+05
   7.87276E-02   2.53921E-03   8.83644E-01   3.43773E-03   3.16513E-02   1.91422E+04  -2.60284E+04  -2.52418E+04  -7.36537E+04  -1.37523E+05
   7.97276E-02   2.53646E-03   8.82685E-01   3.43399E-03   3.16169E-02   1.93089E+04  -2.59823E+04  -2.52603E+04  -7.37148E+04  -1.37419E+05
   8.07276E-02   2.53370E-03   8.81726E-01   3.43026E-03   3.15826E-02   1.94748E+04  -2.59365E+04  -2.52790E+04  -7.37759E+04  -1.37314E+05
   8.17276E-02   2.53094E-03   8.80767E-01   3.42653E-03   3.15482E-02   1.96398E+04  -2.58912E+04  -2.52979E+04  -7.38371E+04  -1.37210E+05
   8.27276E-02   2.52819E-03   8.79808E-01   3.42280E-03   3.15139E-02   1.98040E+04  -2.58462E+04  -2.53168E+04  -7.38984E+04  -1.37106E+05
   8.37276E-02   2.52543E-03   8.78848E-01   3.41907E-03   3.14795E-02   1.99674E+04  -2.58017E+04  -2.53359E+04  -7.39597E+04  -1.37002E+05
   8.47276E-02   2.52267E-03   8.77889E-01   3.41534E-03   3.14451E-02   2.01300E+04  -2.57576E+04  -2.53552E+04  -7.40210E+04  -1.36897E+05
   8.57276E-02   2.51992E-03   8.76930E-01   3.41161E-03   3.14108E-02   2.02918E+04  -2.57139E+04  -2.53745E+04  -7.40823E+04  -1.36793E+05
   8.67276E-02   2.51716E-03   8.75971E-01   3.40787E-03   3.13764E-02   2.04529E+04  -2.56706E+04  -2.53940E+04  -7.41436E+04  -1.36688E+05
   8.77276E-02   2.51441E-03   8.75012E-01   3.40414E-03   3.13421E-02   2.06132E+04  -2.56277E+04  -2.54136E+04  -7.42049E+04  -1.36584E+05
   8.87276E-02   2.51165E-03   8.74053E-01   3.40041E-03   3.13077E-02   2.07728E+04  -2.55853E+04  -2.54333E+04  -7.42663E+04  -1.36479E+05
   8.97276E-02   2.50889E-03   8.73093E-01   3.39668E-03   3.12734E-02   2.09317E+04  -2.55433E+04  -2.54532E+04  -7.43276E+04  -1.36374E+05
   9.07276E-02   2.50614E-03   8.72134E-01   3.39295E-03   3.12390E-02   2.10898E+04  -2.55017E+04  -2.54732E+04  -7.43889E+04  -1.36269E+05
   9.17276E-02   2.50338E-03   8.71175E-01   3.38922E-03   3.12047E-02   2.12473E+04  -2.54605E+04  -2.54933E+04  -7.44501E+04  -1.36165E+05
   9.27276E-02   2.50063E-03   8.70216E-01   3.38548E-03   3.11703E-02   2.14041E+04  -2.54197E+04  -2.55135E+04  -7.45114E+04  -1.36060E+05
   9.37276E-02   2.49787E-03   8.69257E-01   3.38175E-03   3.11359E-02   2.15603E+04  -2.53794E+04  -2.55339E+04  -7.45725E+04  -1.35955E+05
   9.47276E-02   2.49511E-03   8.68298E-01   3.37802E-03   3.11016E-02   2.17157E+04  -2.53395E+04  -2.55544E+04  -7.46336E+04  -1.35850E+05
   9.57276E-02   2.49236E-03   8.67338E-01   3.37429E-03   3.10672E-02   2.18706E+04  -2.53000E+04  -2.55750E+04  -7.46947E+04  -1.35745E+05
   9.67276E-02   2.48960E-03   8.66379E-01   3.37056E-03   3.10329E-02   2.20248E+04  -2.52610E+04  -2.55958E+04  -7.47556E+04  -1.35639E+05
   9.77276E-02   2.48684E-03   8.65420E-01   3.36683E-03   3.09985E-02   2.21783E+04  -2.52223E+04  -2.56167E+04  -7.48165E+04  -1.35534E+05
   9.87276E-02   2.48409E-03   8.64461E-01   3.36310E-03   3.09642E-02   2.23312E+04  -2.51841E+04  -2.56377E+04  -7.48773E+04  -1.35429E+05
   9.97276E-02   2.48133E-03   8.63502E-01   3.35936E-03   3.09298E-02   2.24836E+04  -2.51464E+04  -2.56588E+04  -7.49380E+04  -1.35323E+05
   1.00728E-01   2.47858E-03   8.62543E-01   3.35563E-03   3.08955E-02   2.26353E+04  -2.51091E+04  -2.56801E+04  -7.49985E+04  -1.35218E+05
   1.01728E-01   2.47582E-03   8.61584E-01   3.35190E-03   3.08611E-02   2.27864E+04  -2.50722E+04  -2.57015E+04  -7.50590E+04  -1.35112E+05
   1.02728E-01   2.47306E-03   8.60624E-01   3.34817E-03   3.08267E-02   2.29369E+04  -2.50357E+04  -2.57230E+04  -7.51193E+04  -1.35007E+05
   1.03728E-01   2.47031E-03   8.59665E-01   3.34444E-03   3.07924E-02   2.30868E+04  -2.49997E+04  -2.57447E+04  -7.51795E+04  -1.34901E+05
   1.04728E-01   2.46755E-03   8.58706E-01   3.34071E-03   3.07580E-02   2.32362E+04  -2.49641E+04  -2.57665E+04  -7.52395E+04  -1.34795E+05
   1.05728E-01   2.46479E-03   8.57747E-01   3.33698E-03   3.07237E-02   2.33850E+04  -2.49289E+04  -2.57884E+04  -7.52993E+04  -1.34689E+05
   1.06728E-01   2.46204E-03   8.56788E-01   3.33324E-03   3.06893E-02   2.35332E+04  -2.48942E+04  -2.58104E+04  -7.53590E+04  -1.34583E+05
   1.07728E-01   2.45928E-03   8.55829E-01   3.32951E-03   3.06550E-02   2.36809E+04  -2.48599E+04  -2.58326E+04  -7.54185E+04  -1.34477E+05
   1.08728E-01   2.45653E-03   8.54869E-01   3.32578E-03   3.06206E-02   2.38280E+04  -2.48260E+04  -2.58548E+04  -7.54778E+04  -1.34371E+05
   1.09728E-01   2.45377E-03   8.53910E-01   3.32205E-03   3.05862E-02   2.39746E+04  -2.47926E+04  -2.58773E+04  -7.55370E+04  -1.34264E+05
   1.10728E-01   2.45101E-03   8.52951E-01   3.31832E-03   3.05519E-02   2.41206E+04  -2.47596E+04  -2.58998E+04  -7.55959E+04  -1.34158E+05
   1.11728E-01   2.44826E-03   8.51992E-01   3.31459E-03   3.05175E-02   2.42661E+04  -2.47271E+04  -2.59225E+04  -7.56545E+04  -1.34051E+05
   1.12728E-01   2.44550E-03   8.51033E-01   3.31085E-03   3.04832E-02   2.44111E+04  -2.46950E+04  -2.59453E+04  -7.57130E+04  -1.33945E+05
   1.13728E-01   2.44275E-03   8.50074E-01   3.30712E-03   3.04488E-02   2.45555E+04  -2.46633E+04  -2.59682E+04  -7.57712E+04  -1.33838E+05
   1.14728E-01   2.43999E-03   8.49115E-01   3.30339E-03   3.04145E-02   2.46994E+04  -2.46321E+04  -2.59912E+04  -7.58291E+04  -1.33731E+05
   1.15728E-01   2.43723E-03   8.48155E-01   3.29966E-03   3.03801E-02   2.48429E+04  -2.46013E+04  -2.60144E+04  -7.58868E+04  -1.33624E+05
   1.16728E-01   2.43448E-03   8.47196E-01   3.29593E-03   3.03458E-02   2.49858E+04  -2.45709E+04  -2.60377E+04  -7.59443E+04  -1.33517E+05
   1.17728E-01   2.43172E-03   8.46237E-01   3.29220E-03   3.03114E-02   2.51282E+04  -2.45410E+04  -2.60611E+04  -7.60014E+04  -1.33410E+05
   1.18728E-01   2.42896E-03   8.45278E-01   3.28847E-03   3.02770E-02   2.52701E+04  -2.45116E+04  -2.60846E+04  -7.60583E+04  -1.33302E+05
   1.19728E-01   2.42621E-03   8.44319E-01   3.28473E-03   3.02427E-02   2.54115E+04  -2.44826E+04  -2.61083E+04  -7.61148E+04  -1.33195E+05
   1.20728E-01   2.42345E-03   8.43360E-01   3.28100E-03   3.02083E-02   2.55524E+04  -2.44540E+04  -2.61321E+04  -7.61711E+04  -1.33087E+05
   1.21728E-01   2.42070E-03   8.42400E-01   3.27727E-03   3.01740E-02   2.56928E+04  -2.44258E+04  -2.61560E+04  -7.62270E+04  -1.32979E+05
   1.22728E-01   2.41794E-03   8.41441E-01   3.27354E-03   3.01396E-02   2.58328E+04  -2.43981E+04  -2.61801E+04  -7.62826E+04  -1.32871E+05
   1.23728E-01   2.41518E-03   8.40482E-01   3.26981E-03   3.01053E-02   2.59723E+04  -2.43709E+04  -2.62043E+04  -7.63379E+04  -1.32763E+05
   1.24728E-01   2.41243E-03   8.39523E-01   3.26608E-03   3.00709E-02   2.61113E+04  -2.43440E+04  -2.62286E+04  -7.63928E+04  -1.32655E+05
   1.25728E-01   2.40967E-03   8.38564E-01   3.26235E-03   3.00365E-02   2.62498E+04  -2.43177E+04  -2.62530E+04  -7.64473E+04  -1.32547E+05
   1.26728E-01   2.40691E-03   8.37605E-01   3.25861E-03   3.00022E-02   2.63879E+04  -2.42917E+04  -2.62775E+04  -7.65015E+04  -1.32438E+05
   1.27728E-01   2.40416E-03   8.36645E-01   3.25488E-03   2.99678E-02   2.65255E+04  -2.42663E+04  -2.63022E+04  -7.65553E+04  -1.32329E+05
   1.28728E-01   2.40140E-03   8.35686E-01   3.25115E-03   2.99335E-02   2.66627E+04  -2.42412E+04  -2.63270E+04  -7.66087E+04  -1.32221E+05
   1.29728E-01   2.39865E-03   8.34727E-01   3.24742E-03   2.98991E-02   2.67994E+04  -2.42166E+04  -2.63519E+04  -7.66618E+04  -1.32112E+05
   1.30728E-01   2.39589E-03   8.33768E-01   3.24369E-03   2.98648E-02   2.69357E+04  -2.41924E+04  -2.63770E+04  -7.67144E+04  -1.32002E+05
   1.31728E-01   2.39313E-03   8.32809E-01   3.23996E-03   2.98304E-02   2.70716E+04  -2.41687E+04  -2.64021E+04  -7.67666E+04  -1.31893E+05
   1.32728E-01   2.39038E-03   8.31850E-01   3.23622E-03   2.97961E-02   2.72070E+04  -2.41455E+04  -2.64274E+04  -7.68184E+04  -1.31784E+05
   1.33728E-01   2.38762E-03   8.30891E-01   3.23249E-03   2.97617E-02   2.73420E+04  -2.41226E+04  -2.64529E+04  -7.68697E+04  -1.31674E+05
   1.34728E-01   2.38486E-03   8.29931E-01   3.22876E-03   2.97273E-02   2.74765E+04  -2.41002E+04  -2.64784E+04  -7.69206E+04  -1.31564E+05
   1.35728E-01   2.38211E-03   8.28972E-01   3.22503E-03   2.96930E-02   2.76107E+04  -2.40783E+04  -2.65041E+04  -7.69711E+04  -1.31454E+05
   1.36728E-01   2.37935E-03   8.28013E-01   3.22130E-03   2.96586E-02   2.77444E+04  -2.40568E+04  -2.65299E+04  -7.70211E+04  -1.31344E+05
   1.37728E-01   2.37660E-03   8.27054E-01   3.21757E-03   2.96243E-02   2.78777E+04  -2.40358E+04  -2.65558E+04  -7.70706E+04  -1.31233E+05
   1.38728E-01   2.37384E-03   8.26095E-01   3.21384E-03   2.95899E-02   2.80106E+04  -2.40152E+04  -2.65819E+04  -7.71196E+04  -1.31123E+05
   1.39728E-01   2.37108E-03   8.25136E-01   3.21010E-03   2.95556E-02   2.81432E+04  -2.39950E+04  -2.66081E+04  -7.71682E+04  -1.31012E+05
   1.40728E-01   2.36833E-03   8.24176E-01   3.20637E-03   2.95212E-02   2.82753E+04  -2.39753E+04  -2.66344E+04  -7.72162E+04  -1.30901E+05
   1.41728E-01   2.36557E-03   8.23217E-01   3.20264E-03   2.94869E-02   2.84070E+04  -2.39560E+04  -2.66608E+04  -7.72638E+04  -1.30790E+05
   1.42728E-01   2.36282E-03   8.22258E-01   3.19891E-03   2.94525E-02   2.85383E+04  -2.39372E+04  -2.66874E+04  -7.73108E+04  -1.30678E+05
   1.43728E-01   2.36006E-03   8.21299E-01   3.19518E-03   2.94181E-02   2.86693E+04  -2.39188E+04  -2.67141E+04  -7.73573E+04  -1.30567E+05
   1.44728E-01   2.35730E-03   8.20340E-01   3.19145E-03   2.93838E-02   2.87999E+04  -2.39009E+04  -2.67409E+04  -7.74033E+04  -1.30455E+05
   1.45728E-01   2.35455E-03   8.19381E-01   3.18772E-03   2.93494E-02   2.89301E+04  -2.38834E+04  -2.67679E+04  -7.74487E+04  -1.30343E+05
   1.46728E-01   2.35179E-03   8.18422E-01   3.18398E-03   2.93151E-02   2.90599E+04  -2.38664E+04  -2.67949E+04  -7.74936E+04  -1.30231E+05
   1.47728E-01   2.34903E-03   8.17462E-01   3.18025E-03   2.92807E-02   2.91894E+04  -2.38498E+04  -2.68222E+04  -7.75379E+04  -1.30118E+05
   1.48728E-01   2.34628E-03   8.16503E-01   3.17652E-03   2.92464E-02   2.93185E+04  -2.38337E+04  -2.68495E+04  -7.75816E+04  -1.30005E+05
   1.49728E-01   2.34352E-03   8.15544E-01   3.17279E-03   2.92120E-02   2.94473E+04  -2.38180E+04  -2.68770E+04  -7.76248E+04  -1.29892E+05
   1.50728E-01   2.34077E-03   8.14585E-01   3.16906E-03   2.91776E-02   2.95757E+04  -2.38027E+04  -2.69046E+04  -7.76673E+04  -1.29779E+05
   1.51728E-01   2.33801E-03   8.13626E-01   3.16533E-03   2.91433E-02   2.97038E+04  -2.37879E+04  -2.69323E+04  -7.77093E+04  -1.29666E+05
   1.52728E-01   2.33525E-03   8.12667E-01   3.16159E-03   2.91089E-02   2.98315E+04  -2.37736E+04  -2.69602E+04  -7.77506E+04  -1.29552E+05
   1.53728E-01   2.33250E-03   8.11707E-01   3.15786E-03   2.90746E-02   2.99590E+04  -2.37597E+04  -2.69882E+04  -7.77913E+04  -1.29438E+05
   1.54728E-01   2.32974E-03   8.10748E-01   3.15413E-03   2.90402E-02   3.00860E+04  -2.37462E+04  -2.70163E+04  -7.78314E+04  -1.29324E+05
   1.55728E-01   2.32698E-03   8.09789E-01   3.15040E-03   2.90059E-02   3.02128E+04  -2.37332E+04  -2.70446E+04  -7.78708E+04  -1.29210E+05
   1.56728E-01   2.32423E-03   8.08830E-01   3.14667E-03   2.89715E-02   3.03392E+04  -2.37206E+04  -2.70730E+04  -7.79095E+04  -1.29095E+05
   1.57728E-01   2.32147E-03   8.07871E-01   3.14294E-03   2.89372E-02   3.04653E+04  -2.37085E+04  -2.71015E+04  -7.79476E+04  -1.28980E+05
   1.58728E-01   2.31872E-03   8.06912E-01   3.13921E-03   2.89028E-02   3.05910E+04  -2.36969E+04  -2.71301E+04  -7.79850E+04  -1.28865E+05
   1.59728E-01   2.31596E-03   8.05952E-01   3.13547E-03   2.88684E-02   3.07165E+04  -2.36856E+04  -2.71589E+04  -7.80217E+04  -1.28749E+05
   1.60728E-01   2.31320E-03   8.04993E-01   3.13174E-03   2.88341E-02   3.08416E+04  -2.36749E+04  -2.71879E+04  -7.80576E+04  -1.28633E+05
   1.61728E-01   2.31045E-03   8.04034E-01   3.12801E-03   2.87997E-02   3.09665E+04  -2.36645E+04  -2.72169E+04  -7.80928E+04  -1.28517E+05
   1.62728E-01   2.30769E-03   8.03075E-01   3.12428E-03   2.87654E-02   3.10910E+04  -2.36546E+04  -2.72461E+04  -7.81273E+04  -1.28401E+05
   1.63728E-01   2.30494E-03   8.02116E-01   3.12055E-03   2.87310E-02   3.12152E+04  -2.36451E+04  -2.72755E+04  -7.81610E+04  -1.28284E+05
   1.64728E-01   2.30218E-03   8.01157E-01   3.11682E-03   2.86967E-02   3.13391E+04  -2.36361E+04  -2.73049E+04  -7.81939E+04  -1.28167E+05
   1.65728E-01   2.29942E-03   8.00198E-01   3.11309E-03   2.86623E-02   3.14627E+04  -2.36275E+04  -2.73346E+04  -7.82259E+04  -1.28050E+05
   1.66728E-01   2.29667E-03   7.99238E-01   3.10935E-03   2.86280E-02   3.15860E+04  -2.36194E+04  -2.73643E+04  -7.82572E+04  -1.27933E+05
   1.67728E-01   2.29391E-03   7.98279E-01   3.10562E-03   2.85936E-02   3.17089E+04  -2.36116E+04  -2.73942E+04  -7.82875E+04  -1.27815E+05
   1.68728E-01   2.29115E-03   7.97320E-01   3.10189E-03   2.85592E-02   3.18316E+04  -2.36043E+04  -2.74242E+04  -7.83170E+04  -1.27696E+05
   1.69728E-01   2.28840E-03   7.96361E-01   3.09816E-03   2.85249E-02   3.19539E+04  -2.35974E+04  -2.74543E+04  -7.83456E+04  -1.27578E+05
   1.70728E-01   2.28564E-03   7.95402E-01   3.09443E-03   2.84905E-02   3.20759E+04  -2.35909E+04  -2.74846E+04  -7.83731E+04  -1.27459E+05
   1.71728E-01   2.28289E-03   7.94443E-01   3.09070E-03   2.84562E-02   3.21976E+04  -2.35849E+04  -2.75150E+04  -7.83997E+04  -1.27339E+05
   1.72728E-01   2.28013E-03   7.93483E-01   3.08696E-03   2.84218E-02   3.23189E+04  -2.35792E+04  -2.75455E+04  -7.84253E+04  -1.27220E+05
   1.73728E-01   2.27737E-03   7.92524E-01   3.08323E-03   2.83875E-02   3.24399E+04  -2.35739E+04  -2.75761E+04  -7.84498E+04  -1.27100E+05
   1.74728E-01   2.27462E-03   7.91565E-01   3.07950E-03   2.83531E-02   3.25605E+04  -2.35690E+04  -2.76069E+04  -7.84732E+04  -1.26979E+05
   1.75728E-01   2.27186E-03   7.90606E-01   3.07577E-03   2.83187E-02   3.26807E+04  -2.35645E+04  -2.76378E+04  -7.84954E+04  -1.26858E+05
   1.76728E-01   2.26910E-03   7.89647E-01   3.07204E-03   2.82844E-02   3.28006E+04  -2.35604E+04  -2.76688E+04  -7.85164E+04  -1.26737E+05
   1.77728E-01   2.26635E-03   7.88688E-01   3.06831E-03   2.82500E-02   3.29200E+04  -2.35566E+04  -2.76999E+04  -7.85362E+04  -1.26615E+05
   1.78728E-01   2.26359E-03   7.87729E-01   3.06458E-03   2.82157E-02   3.30390E+04  -2.35532E+04  -2.77311E+04  -7.85546E+04  -1.26493E+05
   1.79728E-01   2.26084E-03   7.86769E-01   3.06084E-03   2.81813E-02   3.31576E+04  -2.35500E+04  -2.77625E+04  -7.85715E+04  -1.26370E+05
   1.80728E-01   2.25808E-03   7.85810E-01   3.05711E-03   2.81470E-02   3.32757E+04  -2.35472E+04  -2.77939E+04  -7.85870E+04  -1.26247E+05
   1.81728E-01   2.25532E-03   7.84851E-01   3.05338E-03   2.81126E-02   3.33933E+04  -2.35447E+04  -2.78254E+04  -7.86010E+04  -1.26123E+05
   1.82728E-01   2.25257E-03   7.83892E-01   3.04965E-03   2.80783E-02   3.35104E+04  -2.35424E+04  -2.78570E+04  -7.86132E+04  -1.25999E+05
   1.83728E-01   2.24981E-03   7.82933E-01   3.04592E-03   2.80439E-02   3.36269E+04  -2.35404E+04  -2.78887E+04  -7.86237E+04  -1.25874E+05
   1.84728E-01   2.24705E-03   7.81974E-01   3.04219E-03   2.80095E-02   3.37429E+04  -2.35386E+04  -2.79205E+04  -7.86323E+04  -1.25749E+05
   1.85728E-01   2.24430E-03   7.81014E-01   3.03846E-03   2.79752E-02   3.38581E+04  -2.35371E+04  -2.79523E+04  -7.86389E+04  -1.25623E+05
   1.86728E-01   2.24154E-03   7.80055E-01   3.03472E-03   2.79408E-02   3.39727E+04  -2.35356E+04  -2.79842E+04  -7.86434E+04  -1.25496E+05
   1.87728E-01   2.23879E-03   7.79096E-01   3.03099E-03   2.79065E-02   3.40866E+04  -2.35343E+04  -2.80161E+04  -7.86456E+04  -1.25368E+05
   1.88728E-01   2.23603E-03   7.78137E-01   3.02726E-03   2.78721E-02   3.41996E+04  -2.35331E+04  -2.80480E+04  -7.86454E+04  -1.25240E+05
   1.89728E-01   2.23327E-03   7.77178E-01   3.02353E-03   2.78378E-02   3.43118E+04  -2.35319E+04  -2.80799E+04  -7.86426E+04  -1.25111E+05
   1.90728E-01   2.23052E-03   7.76219E-01   3.01980E-03   2.78034E-02   3.44230E+04  -2.35307E+04  -2.81119E+04  -7.86370E+04  -1.24981E+05
   1.91728E-01   2.22776E-03   7.75259E-01   3.01607E-03   2.77691E-02   3.45332E+04  -2.35294E+04  -2.81438E+04  -7.86283E+04  -1.24850E+05
   1.92728E-01   2.22501E-03   7.74300E-01   3.01233E-03   2.77347E-02   3.46424E+04  -2.35280E+04  -2.81756E+04  -7.86164E+04  -1.24718E+05
   1.93728E-01   2.22225E-03   7.73341E-01   3.00860E-03   2.77003E-02   3.47503E+04  -2.35264E+04  -2.82074E+04  -7.86011E+04  -1.24585E+05
   1.94728E-01   2.21949E-03   7.72382E-01   3.00487E-03   2.76660E-02   3.48569E+04  -2.35246E+04  -2.82391E+04  -7.85819E+04  -1.24451E+05
   1.95728E-01   2.21674E-03   7.71423E-01   3.00114E-03   2.76316E-02   3.49621E+04  -2.35224E+04  -2.82706E+04  -7.85587E+04  -1.24316E+05
   1.96728E-01   2.21398E-03   7.70464E-01   2.99741E-03   2.75973E-02   3.49889E+04  -2.34804E+04  -2.82845E+04  -7.83774E+04  -1.24141E+05
   1.97728E-01   2.21122E-03   7.69505E-01   2.99368E-03   2.75629E-02   3.50075E+04  -2.34338E+04  -2.82967E+04  -7.81765E+04  -1.23961E+05
   1.98728E-01   2.20847E-03   7.68545E-01   2.98995E-03   2.75286E-02   3.50359E+04  -2.33917E+04  -2.83111E+04  -7.79918E+04  -1.23784E+05
   1.99728E-01   2.20571E-03   7.67586E-01   2.98621E-03   2.74942E-02   3.50733E+04  -2.33541E+04  -2.83278E+04  -7.78225E+04  -1.23611E+05
   2.00728E-01   2.20296E-03   7.66627E-01   2.98248E-03   2.74598E-02   3.51192E+04  -2.33206E+04  -2.83466E+04  -7.76675E+04  -1.23440E+05
   2.01728E-01   2.20020E-03   7.65668E-01   2.97875E-03   2.74255E-02   3.51732E+04  -2.32912E+04  -2.83674E+04  -7.75261E+04  -1.23273E+05
   2.02728E-01   2.19744E-03   7.64709E-01   2.97502E-03   2.73911E-02   3.52347E+04  -2.32657E+04  -2.83901E+04  -7.73975E+04  -1.23109E+05
   2.03728E-01   2.19469E-03   7.63750E-01   2.97129E-03   2.73568E-02   3.53033E+04  -2.32439E+04  -2.84147E+04  -7.72809E+04  -1.22947E+05
   2.04728E-01   2.19193E-03   7.62790E-01   2.96756E-03   2.73224E-02   3.53787E+04  -2.32257E+04  -2.84410E+04  -7.71759E+04  -1.22788E+05
   2.05728E-01   2.18917E-03   7.61831E-01   2.96383E-03   2.72881E-02   3.54604E+04  -2.32111E+04  -2.84690E+04  -7.70816E+04  -1.22632E+05
   2.06728E-01   2.18642E-03   7.60872E-01   2.96009E-03   2.72537E-02   3.55481E+04  -2.31998E+04  -2.84986E+04  -7.69976E+04  -1.22477E+05
   2.07728E-01   2.18366E-03   7.59913E-01   2.95636E-03   2.72194E-02   3.56415E+04  -2.31919E+04  -2.85298E+04  -7.69234E+04  -1.22326E+05
   2.08728E-01   2.18091E-03   7.58954E-01   2.95263E-03   2.71850E-02   3.57402E+04  -2.31871E+04  -2.85626E+04  -7.68585E+04  -1.22176E+05
   2.09728E-01   2.17815E-03   7.57995E-01   2.94890E-03   2.71506E-02   3.58442E+04  -2.31855E+04  -2.85967E+04  -7.68024E+04  -1.22028E+05
   2.10728E-01   2.17539E-03   7.57036E-01   2.94517E-03   2.71163E-02   3.59529E+04  -2.31869E+04  -2.86323E+04  -7.67547E+04  -1.21882E+05
   2.11728E-01   2.17264E-03   7.56076E-01   2.94144E-03   2.70819E-02   3.60663E+04  -2.31912E+04  -2.86693E+04  -7.67150E+04  -1.21738E+05
   2.12728E-01   2.16988E-03   7.55117E-01   2.93770E-03   2.70476E-02   3.61841E+04  -2.31985E+04  -2.87075E+04  -7.66830E+04  -1.21597E+05
   2.13728E-01   2.16713E-03   7.54158E-01   2.93397E-03   2.70132E-02   3.63060E+04  -2.32086E+04  -2.87471E+04  -7.66583E+04  -1.21456E+05
   2.14728E-01   2.16437E-03   7.53199E-01   2.93024E-03   2.69789E-02   3.64320E+04  -2.32215E+04  -2.87879E+04  -7.66406E+04  -1.21318E+05
   2.15728E-01   2.16161E-03   7.52240E-01   2.92651E-03   2.69445E-02   3.65618E+04  -2.32371E+04  -2.88299E+04  -7.66296E+04  -1.21181E+05
   2.16728E-01   2.15886E-03   7.51281E-01   2.92278E-03   2.69101E-02   3.66952E+04  -2.32553E+04  -2.88731E+04  -7.66250E+04  -1.21046E+05
   2.17728E-01   2.15610E-03   7.50321E-01   2.91905E-03   2.68758E-02   3.68321E+04  -2.32762E+04  -2.89174E+04  -7.66266E+04  -1.20912E+05
   2.18728E-01   2.15334E-03   7.49362E-01   2.91532E-03   2.68414E-02   3.69723E+04  -2.32997E+04  -2.89628E+04  -7.66341E+04  -1.20780E+05
   2.19728E-01   2.15059E-03   7.48403E-01   2.91158E-03   2.68071E-02   3.71157E+04  -2.33257E+04  -2.90094E+04  -7.66473E+04  -1.20649E+05
   2.20728E-01   2.14783E-03   7.47444E-01   2.90785E-03   2.67727E-02   3.72621E+04  -2.33542E+04  -2.90570E+04  -7.66660E+04  -1.20520E+05
   2.21728E-01   2.14508E-03   7.46485E-01   2.90412E-03   2.67384E-02   3.74114E+04  -2.33852E+04  -2.91056E+04  -7.66899E+04  -1.20392E+05
   2.22728E-01   2.14232E-03   7.45526E-01   2.90039E-03   2.67040E-02   3.75636E+04  -2.34186E+04  -2.91552E+04  -7.67189E+04  -1.20266E+05
   2.23728E-01   2.13956E-03   7.44566E-01   2.89666E-03   2.66697E-02   3.77185E+04  -2.34544E+04  -2.92059E+04  -7.67528E+04  -1.20140E+05
   2.24728E-01   2.13681E-03   7.43607E-01   2.89293E-03   2.66353E-02   3.78759E+04  -2.34927E+04  -2.92575E+04  -7.67914E+04  -1.20016E+05
   2.25728E-01   2.13405E-03   7.42648E-01   2.88920E-03   2.66009E-02   3.80358E+04  -2.35332E+04  -2.93101E+04  -7.68345E+04  -1.19894E+05
   2.26728E-01   2.13129E-03   7.41689E-01   2.88546E-03   2.65666E-02   3.81981E+04  -2.35761E+04  -2.93636E+04  -7.68821E+04  -1.19772E+05
   2.27728E-01   2.12854E-03   7.40730E-01   2.88173E-03   2.65322E-02   3.83627E+04  -2.36213E+04  -2.94181E+04  -7.69339E+04  -1.19652E+05
   2.28728E-01   2.12578E-03   7.39771E-01   2.87800E-03   2.64979E-02   3.85295E+04  -2.36688E+04  -2.94734E+04  -7.69898E+04  -1.19533E+05
   2.29728E-01   2.12303E-03   7.38812E-01   2.87427E-03   2.64635E-02   3.86985E+04  -2.37186E+04  -2.95296E+04  -7.70497E+04  -1.19415E+05
   2.30728E-01   2.12027E-03   7.37852E-01   2.87054E-03   2.64292E-02   3.88695E+04  -2.37706E+04  -2.95868E+04  -7.71135E+04  -1.19298E+05
   2.31728E-01   2.11751E-03   7.36893E-01   2.86681E-03   2.63948E-02   3.90425E+04  -2.38249E+04  -2.96447E+04  -7.71810E+04  -1.19182E+05
   2.32728E-01   2.11476E-03   7.35934E-01   2.86307E-03   2.63605E-02   3.92174E+04  -2.38814E+04  -2.97036E+04  -7.72521E+04  -1.19067E+05
   2.33728E-01   2.11200E-03   7.34975E-01   2.85934E-03   2.63261E-02   3.93942E+04  -2.39401E+04  -2.97632E+04  -7.73268E+04  -1.18953E+05
   2.34728E-01   2.10924E-03   7.34016E-01   2.85561E-03   2.62917E-02   3.95727E+04  -2.40010E+04  -2.98237E+04  -7.74049E+04  -1.18841E+05
   2.35728E-01   2.10649E-03   7.33057E-01   2.85188E-03   2.62574E-02   3.97530E+04  -2.40641E+04  -2.98850E+04  -7.74863E+04  -1.18729E+05
   2.36728E-01   2.10373E-03   7.32097E-01   2.84815E-03   2.62230E-02   3.99350E+04  -2.41294E+04  -2.99472E+04  -7.75710E+04  -1.18618E+05
   2.37728E-01   2.10098E-03   7.31138E-01   2.84442E-03   2.61887E-02   4.01185E+04  -2.41968E+04  -3.00101E+04  -7.76588E+04  -1.18509E+05
   2.38728E-01   2.09822E-03   7.30179E-01   2.84069E-03   2.61543E-02   4.03037E+04  -2.42664E+04  -3.00738E+04  -7.77497E+04  -1.18400E+05
   2.39728E-01   2.09546E-03   7.29220E-01   2.83695E-03   2.61200E-02   4.04903E+04  -2.43381E+04  -3.01383E+04  -7.78436E+04  -1.18292E+05
   2.40728E-01   2.09271E-03   7.28261E-01   2.83322E-03   2.60856E-02   4.06784E+04  -2.44121E+04  -3.02035E+04  -7.79404E+04  -1.18185E+05
   2.41728E-01   2.08995E-03   7.27302E-01   2.82949E-03   2.60512E-02   4.08680E+04  -2.44881E+04  -3.02695E+04  -7.80400E+04  -1.18080E+05
   2.42728E-01   2.08720E-03   7.26343E-01   2.82576E-03   2.60169E-02   4.10589E+04  -2.45663E+04  -3.03363E+04  -7.81424E+04  -1.17975E+05
   2.43728E-01   2.08444E-03   7.25383E-01   2.82203E-03   2.59825E-02   4.12512E+04  -2.46466E+04  -3.04038E+04  -7.82476E+04  -1.17870E+05
   2.44728E-01   2.08168E-03   7.24424E-01   2.81830E-03   2.59482E-02   4.14448E+04  -2.47290E+04  -3.04721E+04  -7.83553E+04  -1.17767E+05
   2.45728E-01   2.07893E-03   7.23465E-01   2.81457E-03   2.59138E-02   4.16396E+04  -2.48136E+04  -3.05411E+04  -7.84657E+04  -1.17665E+05
   2.46728E-01   2.07617E-03   7.22506E-01   2.81083E-03   2.58795E-02   4.18357E+04  -2.49003E+04  -3.06108E+04  -7.85786E+04  -1.17564E+05
   2.47728E-01   2.07341E-03   7.21547E-01   2.80710E-03   2.58451E-02   4.20330E+04  -2.49891E+04  -3.06812E+04  -7.86940E+04  -1.17463E+05
   2.48728E-01   2.07066E-03   7.20588E-01   2.80337E-03   2.58108E-02   4.22314E+04  -2.50801E+04  -3.07524E+04  -7.88118E+04  -1.17363E+05
   2.49728E-01   2.06790E-03   7.19628E-01   2.79964E-03   2.57764E-02   4.24310E+04  -2.51732E+04  -3.08243E+04  -7.89320E+04  -1.17264E+05
   2.50728E-01   2.06515E-03   7.18669E-01   2.79591E-03   2.57420E-02   4.26317E+04  -2.52683E+04  -3.08969E+04  -7.90545E+04  -1.17166E+05
   2.51728E-01   2.06239E-03   7.17710E-01   2.79218E-03   2.57077E-02   4.28334E+04  -2.53657E+04  -3.09702E+04  -7.91793E+04  -1.17069E+05
   2.52728E-01   2.05963E-03   7.16751E-01   2.78844E-03   2.56733E-02   4.30362E+04  -2.54651E+04  -3.10441E+04  -7.93063E+04  -1.16973E+05
   2.53728E-01   2.05688E-03   7.15792E-01   2.78471E-03   2.56390E-02   4.32401E+04  -2.55667E+04  -3.11188E+04  -7.94355E+04  -1.16877E+05
   2.54728E-01   2.05412E-03   7.14833E-01   2.78098E-03   2.56046E-02   4.34449E+04  -2.56704E+04  -3.11942E+04  -7.95669E+04  -1.16783E+05
   2.55728E-01   2.05136E-03   7.13873E-01   2.77725E-03   2.55703E-02   4.36507E+04  -2.57762E+04  -3.12703E+04  -7.97004E+04  -1.16689E+05
   2.56728E-01   2.04861E-03   7.12914E-01   2.77352E-03   2.55359E-02   4.38574E+04  -2.58841E+04  -3.13470E+04  -7.98359E+04  -1.16596E+05
   2.57728E-01   2.04585E-03   7.11955E-01   2.76979E-03   2.55016E-02   4.40651E+04  -2.59942E+04  -3.14245E+04  -7.99736E+04  -1.16503E+05
   2.58728E-01   2.04310E-03   7.10996E-01   2.76606E-03   2.54672E-02   4.42736E+04  -2.61065E+04  -3.15026E+04  -8.01132E+04  -1.16412E+05
   2.59728E-01   2.04034E-03   7.10037E-01   2.76232E-03   2.54328E-02   4.44831E+04  -2.62208E+04  -3.15814E+04  -8.02548E+04  -1.16321E+05
   2.60728E-01   2.03758E-03   7.09078E-01   2.75859E-03   2.53985E-02   4.46934E+04  -2.63373E+04  -3.16608E+04  -8.03983E+04  -1.16231E+05
   2.61728E-01   2.03483E-03   7.08119E-01   2.75486E-03   2.53641E-02   4.49045E+04  -2.64560E+04  -3.17409E+04  -8.05438E+04  -1.16142E+05
   2.62728E-01   2.03207E-03   7.07159E-01   2.75113E-03   2.53298E-02   4.51165E+04  -2.65768E+04  -3.18217E+04  -8.06912E+04  -1.16053E+05
   2.63728E-01   2.02931E-03   7.06200E-01   2.74740E-03   2.52954E-02   4.53293E+04  -2.66998E+04  -3.19032E+04  -8.08404E+04  -1.15966E+05
   2.64728E-01   2.02656E-03   7.05241E-01   2.74367E-03   2.52611E-02   4.55429E+04  -2.68250E+04  -3.19853E+04  -8.09914E+04  -1.15879E+05
   2.65728E-01   2.02380E-03   7.04282E-01   2.73994E-03   2.52267E-02   4.57572E+04  -2.69523E+04  -3.20681E+04  -8.11443E+04  -1.15793E+05
   2.66728E-01   2.02105E-03   7.03323E-01   2.73620E-03   2.51923E-02   4.59723E+04  -2.70818E+04  -3.21516E+04  -8.12989E+04  -1.15708E+05
   2.67728E-01   2.01829E-03   7.02364E-01   2.73247E-03   2.51580E-02   4.61882E+04  -2.72135E+04  -3.22357E+04  -8.14553E+04  -1.15623E+05
   2.68728E-01   2.01553E-03   7.01404E-01   2.72874E-03   2.51236E-02   4.64047E+04  -2.73474E+04  -3.23204E+04  -8.16134E+04  -1.15539E+05
   2.69728E-01   2.01278E-03   7.00445E-01   2.72501E-03   2.50893E-02   4.66220E+04  -2.74835E+04  -3.24059E+04  -8.17733E+04  -1.15456E+05
   2.70728E-01   2.01002E-03   6.99486E-01   2.72128E-03   2.50549E-02   4.68400E+04  -2.76218E+04  -3.24919E+04  -8.19348E+04  -1.15374E+05
   2.71728E-01   2.00727E-03   6.98527E-01   2.71755E-03   2.50206E-02   4.70587E+04  -2.77623E+04  -3.25787E+04  -8.20980E+04  -1.15292E+05
   2.72728E-01   2.00451E-03   6.97568E-01   2.71382E-03   2.49862E-02   4.72780E+04  -2.79050E+04  -3.26660E+04  -8.22628E+04  -1.15212E+05
   2.73728E-01   2.00175E-03   6.96609E-01   2.71008E-03   2.49519E-02   4.74980E+04  -2.80500E+04  -3.27541E+04  -8.24293E+04  -1.15132E+05
   2.74728E-01   1.99900E-03   6.95650E-01   2.70635E-03   2.49175E-02   4.77187E+04  -2.81972E+04  -3.28428E+04  -8.25974E+04  -1.15052E+05
   2.75728E-01   1.99624E-03   6.94690E-01   2.70262E-03   2.48831E-02   4.79400E+04  -2.83466E+04  -3.29321E+04  -8.27671E+04  -1.14974E+05
   2.76728E-01   1.99348E-03   6.93731E-01   2.69889E-03   2.48488E-02   4.81619E+04  -2.84983E+04  -3.30221E+04  -8.29384E+04  -1.14896E+05
   2.77728E-01   1.99073E-03   6.92772E-01   2.69516E-03   2.48144E-02   4.83844E+04  -2.86523E+04  -3.31127E+04  -8.31112E+04  -1.14819E+05
   2.78728E-01   1.98797E-03   6.91813E-01   2.69143E-03   2.47801E-02   4.86075E+04  -2.88085E+04  -3.32040E+04  -8.32856E+04  -1.14743E+05
   2.79728E-01   1.98522E-03   6.90854E-01   2.68769E-03   2.47457E-02   4.88313E+04  -2.89670E+04  -3.32959E+04  -8.34616E+04  -1.14667E+05
   2.80728E-01   1.98246E-03   6.89895E-01   2.68396E-03   2.47114E-02   4.90556E+04  -2.91278E+04  -3.33885E+04  -8.36390E+04  -1.14592E+05
   2.81728E-01   1.97970E-03   6.88935E-01   2.68023E-03   2.46770E-02   4.92805E+04  -2.92910E+04  -3.34817E+04  -8.38180E+04  -1.14518E+05
   2.82728E-01   1.97695E-03   6.87976E-01   2.67650E-03   2.46426E-02   4.95059E+04  -2.94564E+04  -3.35756E+04  -8.39984E+04  -1.14445E+05
   2.83728E-01   1.97419E-03   6.87017E-01   2.67277E-03   2.46083E-02   4.97319E+04  -2.96241E+04  -3.36701E+04  -8.41803E+04  -1.14372E+05
   2.84728E-01   1.97143E-03   6.86058E-01   2.66904E-03   2.45739E-02   4.99585E+04  -2.97942E+04  -3.37653E+04  -8.43637E+04  -1.14300E+05
   2.85728E-01   1.96868E-03   6.85099E-01   2.66531E-03   2.45396E-02   5.01856E+04  -2.99666E+04  -3.38611E+04  -8.45486E+04  -1.14229E+05
   2.86728E-01   1.96592E-03   6.84140E-01   2.66157E-03   2.45052E-02   5.04132E+04  -3.01413E+04  -3.39575E+04  -8.47348E+04  -1.14159E+05
   2.87728E-01   1.96317E-03   6.83180E-01   2.65784E-03   2.44709E-02   5.06414E+04  -3.03185E+04  -3.40547E+04  -8.49226E+04  -1.14089E+05
   2.88728E-01   1.96041E-03   6.82221E-01   2.65411E-03   2.44365E-02   5.08700E+04  -3.04980E+04  -3.41524E+04  -8.51117E+04  -1.14020E+05
   2.89728E-01   1.95765E-03   6.81262E-01   2.65038E-03   2.44022E-02   5.10992E+04  -3.06799E+04  -3.42508E+04  -8.53023E+04  -1.13952E+05
   2.90728E-01   1.95490E-03   6.80303E-01   2.64665E-03   2.43678E-02   5.13289E+04  -3.08641E+04  -3.43499E+04  -8.54942E+04  -1.13885E+05
   2.91728E-01   1.95214E-03   6.79344E-01   2.64292E-03   2.43334E-02   5.15591E+04  -3.10508E+04  -3.44496E+04  -8.56876E+04  -1.13818E+05
   2.92728E-01   1.94939E-03   6.78385E-01   2.63919E-03   2.42991E-02   5.17897E+04  -3.12399E+04  -3.45499E+04  -8.58823E+04  -1.13752E+05
   2.93728E-01   1.94663E-03   6.77426E-01   2.63545E-03   2.42647E-02   5.20209E+04  -3.14315E+04  -3.46509E+04  -8.60784E+04  -1.13687E+05
   2.94728E-01   1.94387E-03   6.76466E-01   2.63172E-03   2.42304E-02   5.22525E+04  -3.16254E+04  -3.47526E+04  -8.62759E+04  -1.13623E+05
   2.95728E-01   1.94112E-03   6.75507E-01   2.62799E-03   2.41960E-02   5.24846E+04  -3.18219E+04  -3.48549E+04  -8.64747E+04  -1.13559E+05
   2.96728E-01   1.93836E-03   6.74548E-01   2.62426E-03   2.41617E-02   5.27171E+04  -3.20208E+04  -3.49578E+04  -8.66749E+04  -1.13496E+05
   2.97728E-01   1.93560E-03   6.73589E-01   2.62053E-03   2.41273E-02   5.29501E+04  -3.22221E+04  -3.50614E+04  -8.68764E+04  -1.13434E+05
   2.98728E-01   1.93285E-03   6.72630E-01   2.61680E-03   2.40930E-02   5.31836E+04  -3.24260E+04  -3.51657E+04  -8.70792E+04  -1.13373E+05
   2.99728E-01   1.93009E-03   6.71671E-01   2.61306E-03   2.40586E-02   5.34175E+04  -3.26324E+04  -3.52706E+04  -8.72834E+04  -1.13312E+05
   2.99990E-01   1.92937E-03   6.71419E-01   2.61209E-03   2.40496E-02   5.34789E+04  -3.26870E+04  -3.52982E+04  -8.73372E+04  -1.13296E+05

 Phase Region for:
     FCC_A1#1                      
 col-1=X(C), col-2=X(CU), col-3=X(FE), col-4=X(MN), col-5=X(SI), col-6=MU(C), col-7=MU(CU), col-8=MU(FE), col-9=MU(MN), col-10=MU(SI),
   9.72763E-03   2.72939E-03   9.49826E-01   3.69520E-03   3.40219E-02   6.67844E+02  -3.00775E+04  -2.42464E+04  -6.97902E+04  -1.44592E+05
   8.72763E-03   2.73215E-03   9.50785E-01   3.69893E-03   3.40562E-02  -6.40312E+01  -3.01468E+04  -2.42357E+04  -6.97401E+04  -1.44693E+05
   7.72763E-03   2.73490E-03   9.51744E-01   3.70266E-03   3.40906E-02  -8.75204E+02  -3.02164E+04  -2.42251E+04  -6.96902E+04  -1.44793E+05
   6.72763E-03   2.73766E-03   9.52703E-01   3.70639E-03   3.41249E-02  -1.78776E+03  -3.02862E+04  -2.42146E+04  -6.96404E+04  -1.44894E+05
   5.72763E-03   2.74041E-03   9.53663E-01   3.71012E-03   3.41593E-02  -2.83448E+03  -3.03562E+04  -2.42042E+04  -6.95908E+04  -1.44994E+05
   4.72763E-03   2.74317E-03   9.54622E-01   3.71386E-03   3.41936E-02  -4.06718E+03  -3.04265E+04  -2.41938E+04  -6.95414E+04  -1.45095E+05
   3.72763E-03   2.74593E-03   9.55581E-01   3.71759E-03   3.42280E-02  -5.57494E+03  -3.04971E+04  -2.41836E+04  -6.94921E+04  -1.45195E+05
   2.72763E-03   2.74868E-03   9.56540E-01   3.72132E-03   3.42623E-02  -7.53162E+03  -3.05679E+04  -2.41734E+04  -6.94429E+04  -1.45295E+05
   1.72763E-03   2.75144E-03   9.57499E-01   3.72505E-03   3.42967E-02  -1.03560E+04  -3.06389E+04  -2.41633E+04  -6.93939E+04  -1.45395E+05
   7.27626E-04   2.75420E-03   9.58458E-01   3.72878E-03   3.43311E-02  -1.56336E+04  -3.07102E+04  -2.41534E+04  -6.93451E+04  -1.45495E+05
   1.00000E-05   2.75617E-03   9.59147E-01   3.73146E-03   3.43557E-02  -4.14672E+04  -3.07614E+04  -2.41463E+04  -6.93102E+04  -1.45567E+05

 Phase Region for:
     FCC_A1#2                      
 col-1=X(C), col-2=X(CU), col-3=X(FE), col-4=X(MN), col-5=X(SI), col-6=MU(C), col-7=MU(CU), col-8=MU(FE), col-9=MU(MN), col-10=MU(SI),
   9.72763E-03   9.87938E-01   8.66769E-04   1.46712E-03   1.28916E-09   2.10295E+05  -2.95303E+04  -2.29493E+04  -6.81294E+04  -1.44324E+05
   1.07276E-02   9.86812E-01   9.23674E-04   1.53662E-03   1.34459E-09   2.10610E+05  -2.95336E+04  -2.29525E+04  -6.81327E+04  -1.44327E+05
   1.17276E-02   9.85678E-01   9.84464E-04   1.60947E-03   1.40269E-09   2.10869E+05  -2.95365E+04  -2.29555E+04  -6.81357E+04  -1.44330E+05
   1.27276E-02   9.84537E-01   1.04942E-03   1.68585E-03   1.46362E-09   2.11081E+05  -2.95391E+04  -2.29582E+04  -6.81384E+04  -1.44333E+05
   1.37276E-02   9.83388E-01   1.11885E-03   1.76591E-03   1.52756E-09   2.11253E+05  -2.95415E+04  -2.29605E+04  -6.81407E+04  -1.44335E+05
   1.47276E-02   9.82229E-01   1.19307E-03   1.84986E-03   1.59468E-09   2.11390E+05  -2.95434E+04  -2.29625E+04  -6.81427E+04  -1.44337E+05
   1.57276E-02   9.81062E-01   1.27243E-03   1.93786E-03   1.66519E-09   2.11495E+05  -2.95450E+04  -2.29641E+04  -6.81443E+04  -1.44339E+05
   1.67276E-02   9.79885E-01   1.35732E-03   2.03014E-03   1.73930E-09   2.11572E+05  -2.95463E+04  -2.29654E+04  -6.81456E+04  -1.44340E+05
   1.77276E-02   9.78697E-01   1.44815E-03   2.12690E-03   1.81724E-09   2.11624E+05  -2.95472E+04  -2.29663E+04  -6.81465E+04  -1.44341E+05
   1.87276E-02   9.77499E-01   1.54536E-03   2.22836E-03   1.89926E-09   2.11652E+05  -2.95477E+04  -2.29668E+04  -6.81471E+04  -1.44342E+05
   1.97276E-02   9.76288E-01   1.64943E-03   2.33475E-03   1.98564E-09   2.11659E+05  -2.95479E+04  -2.29670E+04  -6.81472E+04  -1.44342E+05
   2.07276E-02   9.75065E-01   1.76089E-03   2.44633E-03   2.07667E-09   2.11646E+05  -2.95476E+04  -2.29667E+04  -6.81469E+04  -1.44341E+05
   2.17276E-02   9.73829E-01   1.88031E-03   2.56335E-03   2.17269E-09   2.11613E+05  -2.95469E+04  -2.29660E+04  -6.81462E+04  -1.44341E+05
   2.27276E-02   9.72578E-01   2.00829E-03   2.68608E-03   2.27405E-09   2.11563E+05  -2.95457E+04  -2.29648E+04  -6.81450E+04  -1.44340E+05
   2.37276E-02   9.71312E-01   2.14551E-03   2.81482E-03   2.38114E-09   2.11495E+05  -2.95441E+04  -2.29632E+04  -6.81434E+04  -1.44338E+05
   2.47276E-02   9.70030E-01   2.29270E-03   2.94986E-03   2.49440E-09   2.11410E+05  -2.95420E+04  -2.29611E+04  -6.81413E+04  -1.44336E+05
   2.57276E-02   9.68730E-01   2.45066E-03   3.09153E-03   2.61430E-09   2.11310E+05  -2.95394E+04  -2.29585E+04  -6.81387E+04  -1.44333E+05
   2.67276E-02   9.67412E-01   2.62025E-03   3.24016E-03   2.74138E-09   2.11193E+05  -2.95363E+04  -2.29553E+04  -6.81355E+04  -1.44330E+05
   2.77276E-02   9.66074E-01   2.80243E-03   3.39612E-03   2.87623E-09   2.11061E+05  -2.95326E+04  -2.29516E+04  -6.81318E+04  -1.44326E+05
   2.87276E-02   9.64714E-01   2.99823E-03   3.55977E-03   3.01948E-09   2.10913E+05  -2.95283E+04  -2.29473E+04  -6.81274E+04  -1.44322E+05
   2.97276E-02   9.63332E-01   3.20881E-03   3.73152E-03   3.17189E-09   2.10749E+05  -2.95233E+04  -2.29423E+04  -6.81225E+04  -1.44317E+05
   3.07276E-02   9.61925E-01   3.43541E-03   3.91179E-03   3.33426E-09   2.10570E+05  -2.95178E+04  -2.29367E+04  -6.81169E+04  -1.44312E+05
   3.17276E-02   9.60492E-01   3.67943E-03   4.10103E-03   3.50751E-09   2.10375E+05  -2.95115E+04  -2.29304E+04  -6.81105E+04  -1.44305E+05
   3.27276E-02   9.59030E-01   3.94239E-03   4.29970E-03   3.69269E-09   2.10164E+05  -2.95044E+04  -2.29233E+04  -6.81034E+04  -1.44298E+05
   3.37276E-02   9.57538E-01   4.22600E-03   4.50832E-03   3.89097E-09   2.09936E+05  -2.94966E+04  -2.29155E+04  -6.80956E+04  -1.44291E+05
   3.47276E-02   9.56013E-01   4.53213E-03   4.72743E-03   4.10368E-09   2.09691E+05  -2.94879E+04  -2.29067E+04  -6.80868E+04  -1.44282E+05
   3.57276E-02   9.54452E-01   4.86288E-03   4.95759E-03   4.33237E-09   2.09428E+05  -2.94783E+04  -2.28971E+04  -6.80772E+04  -1.44272E+05
   3.67276E-02   9.52852E-01   5.22059E-03   5.19943E-03   4.57878E-09   2.09147E+05  -2.94677E+04  -2.28865E+04  -6.80666E+04  -1.44262E+05
   3.77276E-02   9.51211E-01   5.60790E-03   5.45360E-03   4.84495E-09   2.08846E+05  -2.94561E+04  -2.28748E+04  -6.80549E+04  -1.44250E+05
   3.87276E-02   9.49524E-01   6.02774E-03   5.72080E-03   5.13322E-09   2.08525E+05  -2.94433E+04  -2.28620E+04  -6.80420E+04  -1.44237E+05
   3.97276E-02   9.47787E-01   6.48346E-03   6.00180E-03   5.44636E-09   2.08182E+05  -2.94293E+04  -2.28480E+04  -6.80280E+04  -1.44223E+05
   4.07276E-02   9.45996E-01   6.97886E-03   6.29744E-03   5.78758E-09   2.07816E+05  -2.94140E+04  -2.28326E+04  -6.80125E+04  -1.44208E+05
   4.17276E-02   9.44146E-01   7.51826E-03   6.60860E-03   6.16073E-09   2.07425E+05  -2.93972E+04  -2.28157E+04  -6.79957E+04  -1.44191E+05
   4.27276E-02   9.42229E-01   8.10663E-03   6.93627E-03   6.57035E-09   2.07007E+05  -2.93788E+04  -2.27972E+04  -6.79772E+04  -1.44173E+05
   4.37276E-02   9.40241E-01   8.74971E-03   7.28155E-03   7.02194E-09   2.06561E+05  -2.93586E+04  -2.27770E+04  -6.79569E+04  -1.44153E+05
   4.47276E-02   9.38173E-01   9.45418E-03   7.64564E-03   7.52217E-09   2.06082E+05  -2.93365E+04  -2.27548E+04  -6.79347E+04  -1.44131E+05
   4.57276E-02   9.36015E-01   1.02279E-02   8.02987E-03   8.07922E-09   2.05570E+05  -2.93122E+04  -2.27304E+04  -6.79103E+04  -1.44106E+05
   4.67276E-02   9.33756E-01   1.10801E-02   8.43579E-03   8.70324E-09   2.05018E+05  -2.92855E+04  -2.27037E+04  -6.78834E+04  -1.44080E+05
   4.77276E-02   9.31385E-01   1.20220E-02   8.86513E-03   9.40702E-09   2.04424E+05  -2.92560E+04  -2.26741E+04  -6.78539E+04  -1.44050E+05
   4.87276E-02   9.28885E-01   1.30671E-02   9.31992E-03   1.02069E-08   2.03782E+05  -2.92235E+04  -2.26415E+04  -6.78212E+04  -1.44018E+05
   4.97276E-02   9.26238E-01   1.42319E-02   9.80255E-03   1.11241E-08   2.03086E+05  -2.91874E+04  -2.26053E+04  -6.77850E+04  -1.43982E+05
   5.07276E-02   9.23419E-01   1.55373E-02   1.03159E-02   1.21868E-08   2.02326E+05  -2.91472E+04  -2.25651E+04  -6.77447E+04  -1.43942E+05
   5.17276E-02   9.20399E-01   1.70098E-02   1.08635E-02   1.34332E-08   2.01493E+05  -2.91022E+04  -2.25200E+04  -6.76995E+04  -1.43897E+05
   5.27276E-02   9.17138E-01   1.86845E-02   1.14498E-02   1.49171E-08   2.00573E+05  -2.90515E+04  -2.24691E+04  -6.76486E+04  -1.43846E+05
   5.37276E-02   9.13583E-01   2.06084E-02   1.20809E-02   1.67161E-08   1.99548E+05  -2.89939E+04  -2.24113E+04  -6.75908E+04  -1.43788E+05
   5.47276E-02   9.09659E-01   2.28482E-02   1.27647E-02   1.89484E-08   1.98391E+05  -2.89275E+04  -2.23448E+04  -6.75242E+04  -1.43722E+05
   5.57276E-02   9.05256E-01   2.55032E-02   1.35132E-02   2.18044E-08   1.97064E+05  -2.88500E+04  -2.22671E+04  -6.74464E+04  -1.43645E+05
   5.67276E-02   9.00194E-01   2.87327E-02   1.43453E-02   2.56177E-08   1.95505E+05  -2.87571E+04  -2.21740E+04  -6.73532E+04  -1.43552E+05
   5.77276E-02   8.94154E-01   3.28243E-02   1.52945E-02   3.10491E-08   1.93604E+05  -2.86416E+04  -2.20583E+04  -6.72373E+04  -1.43436E+05
   5.87276E-02   8.86475E-01   3.83663E-02   1.64310E-02   3.96543E-08   1.91132E+05  -2.84888E+04  -2.19051E+04  -6.70840E+04  -1.43284E+05
   5.97276E-02   8.74668E-01   4.75939E-02   1.80109E-02   5.78475E-08   1.87233E+05  -2.82432E+04  -2.16590E+04  -6.68376E+04  -1.43038E+05

 Phase Region for:
     FCC_A1#2                      
 col-1=X(C), col-2=X(CU), col-3=X(FE), col-4=X(MN), col-5=X(SI), col-6=MU(C), col-7=MU(CU), col-8=MU(FE), col-9=MU(MN), col-10=MU(SI),
   9.72763E-03   9.87938E-01   8.66769E-04   1.46712E-03   1.28916E-09   2.10295E+05  -2.95303E+04  -2.29493E+04  -6.81294E+04  -1.44324E+05
   8.72763E-03   9.89058E-01   8.13491E-04   1.40082E-03   1.23627E-09   2.09914E+05  -2.95268E+04  -2.29457E+04  -6.81258E+04  -1.44321E+05
   7.72763E-03   9.90171E-01   7.63597E-04   1.33757E-03   1.18578E-09   2.09451E+05  -2.95230E+04  -2.29418E+04  -6.81218E+04  -1.44317E+05
   6.72763E-03   9.91278E-01   7.16864E-04   1.27723E-03   1.13755E-09   2.08883E+05  -2.95188E+04  -2.29376E+04  -6.81176E+04  -1.44313E+05
   5.72763E-03   9.92380E-01   6.73084E-04   1.21966E-03   1.09147E-09   2.08179E+05  -2.95144E+04  -2.29331E+04  -6.81131E+04  -1.44308E+05
   4.72763E-03   9.93476E-01   6.32062E-04   1.16473E-03   1.04742E-09   2.07287E+05  -2.95098E+04  -2.29283E+04  -6.81082E+04  -1.44304E+05
   3.72763E-03   9.94566E-01   5.93619E-04   1.11233E-03   1.00531E-09   2.06117E+05  -2.95048E+04  -2.29232E+04  -6.81030E+04  -1.44299E+05
   2.72763E-03   9.95652E-01   5.57590E-04   1.06234E-03   9.65030E-10   2.04496E+05  -2.94996E+04  -2.29178E+04  -6.80975E+04  -1.44294E+05
   1.72763E-03   9.96734E-01   5.23820E-04   1.01467E-03   9.26492E-10   2.02005E+05  -2.94942E+04  -2.29120E+04  -6.80916E+04  -1.44288E+05
   7.27626E-04   9.97811E-01   4.92182E-04   9.69246E-04   8.89598E-10   1.97060E+05  -2.94885E+04  -2.29056E+04  -6.80849E+04  -1.44283E+05
   1.00000E-05   9.98580E-01   4.70932E-04   9.38615E-04   8.63963E-10   1.71462E+05  -2.94842E+04  -2.28979E+04  -6.80755E+04  -1.44280E+05
