
 Phase Region for:
     FCC_A1                        
 col-1=X(C), col-2=X(CU), col-3=X(FE), col-4=X(MN), col-5=X(SI), col-6=MU(C), col-7=MU(CU), col-8=MU(FE), col-9=MU(MN), col-10=MU(SI),
   9.72763E-03   2.72939E-03   9.49826E-01   3.69520E-03   3.40219E-02  -1.03978E+04  -4.64121E+04  -3.37917E+04  -8.65865E+04  -1.52578E+05
   1.07276E-02   2.72663E-03   9.48867E-01   3.69147E-03   3.39875E-02  -9.60506E+03  -4.63438E+04  -3.38038E+04  -8.66345E+04  -1.52478E+05
   1.17276E-02   2.72388E-03   9.47908E-01   3.68774E-03   3.39531E-02  -8.87550E+03  -4.62758E+04  -3.38161E+04  -8.66827E+04  -1.52377E+05
   1.27276E-02   2.72112E-03   9.46948E-01   3.68400E-03   3.39188E-02  -8.19876E+03  -4.62081E+04  -3.38284E+04  -8.67310E+04  -1.52277E+05
   1.37276E-02   2.71837E-03   9.45989E-01   3.68027E-03   3.38844E-02  -7.56681E+03  -4.61406E+04  -3.38408E+04  -8.67795E+04  -1.52176E+05
   1.47276E-02   2.71561E-03   9.45030E-01   3.67654E-03   3.38501E-02  -6.97331E+03  -4.60734E+04  -3.38534E+04  -8.68281E+04  -1.52076E+05
   1.57276E-02   2.71285E-03   9.44071E-01   3.67281E-03   3.38157E-02  -6.41319E+03  -4.60065E+04  -3.38660E+04  -8.68769E+04  -1.51975E+05
   1.67276E-02   2.71010E-03   9.43112E-01   3.66908E-03   3.37814E-02  -5.88231E+03  -4.59398E+04  -3.38788E+04  -8.69259E+04  -1.51874E+05
   1.77276E-02   2.70734E-03   9.42153E-01   3.66535E-03   3.37470E-02  -5.37726E+03  -4.58734E+04  -3.38916E+04  -8.69750E+04  -1.51774E+05
   1.87276E-02   2.70458E-03   9.41194E-01   3.66162E-03   3.37126E-02  -4.89516E+03  -4.58073E+04  -3.39045E+04  -8.70243E+04  -1.51673E+05
   1.97276E-02   2.70183E-03   9.40234E-01   3.65788E-03   3.36783E-02  -4.43363E+03  -4.57414E+04  -3.39176E+04  -8.70737E+04  -1.51572E+05
   2.07276E-02   2.69907E-03   9.39275E-01   3.65415E-03   3.36439E-02  -3.99060E+03  -4.56758E+04  -3.39307E+04  -8.71233E+04  -1.51471E+05
   2.17276E-02   2.69632E-03   9.38316E-01   3.65042E-03   3.36096E-02  -3.56432E+03  -4.56105E+04  -3.39440E+04  -8.71731E+04  -1.51370E+05
   2.27276E-02   2.69356E-03   9.37357E-01   3.64669E-03   3.35752E-02  -3.15326E+03  -4.55455E+04  -3.39573E+04  -8.72230E+04  -1.51269E+05
   2.37276E-02   2.69080E-03   9.36398E-01   3.64296E-03   3.35409E-02  -2.75610E+03  -4.54808E+04  -3.39708E+04  -8.72731E+04  -1.51168E+05
   2.47276E-02   2.68805E-03   9.35439E-01   3.63923E-03   3.35065E-02  -2.37166E+03  -4.54163E+04  -3.39843E+04  -8.73234E+04  -1.51067E+05
   2.57276E-02   2.68529E-03   9.34479E-01   3.63549E-03   3.34722E-02  -1.99894E+03  -4.53522E+04  -3.39980E+04  -8.73738E+04  -1.50966E+05
   2.67276E-02   2.68253E-03   9.33520E-01   3.63176E-03   3.34378E-02  -1.63701E+03  -4.52883E+04  -3.40118E+04  -8.74244E+04  -1.50864E+05
   2.77276E-02   2.67978E-03   9.32561E-01   3.62803E-03   3.34034E-02  -1.28508E+03  -4.52247E+04  -3.40257E+04  -8.74752E+04  -1.50763E+05
   2.87276E-02   2.67702E-03   9.31602E-01   3.62430E-03   3.33691E-02  -9.42419E+02  -4.51614E+04  -3.40397E+04  -8.75261E+04  -1.50662E+05
   2.97276E-02   2.67427E-03   9.30643E-01   3.62057E-03   3.33347E-02  -6.08385E+02  -4.50984E+04  -3.40538E+04  -8.75772E+04  -1.50560E+05
   3.07276E-02   2.67151E-03   9.29684E-01   3.61684E-03   3.33004E-02  -2.82393E+02  -4.50358E+04  -3.40680E+04  -8.76285E+04  -1.50459E+05
   3.17276E-02   2.66875E-03   9.28724E-01   3.61311E-03   3.32660E-02   3.60843E+01  -4.49734E+04  -3.40823E+04  -8.76799E+04  -1.50357E+05
   3.27276E-02   2.66600E-03   9.27765E-01   3.60937E-03   3.32317E-02   3.47525E+02  -4.49113E+04  -3.40967E+04  -8.77315E+04  -1.50256E+05
   3.37276E-02   2.66324E-03   9.26806E-01   3.60564E-03   3.31973E-02   6.52364E+02  -4.48495E+04  -3.41112E+04  -8.77833E+04  -1.50154E+05
   3.47276E-02   2.66049E-03   9.25847E-01   3.60191E-03   3.31630E-02   9.50998E+02  -4.47881E+04  -3.41259E+04  -8.78353E+04  -1.50053E+05
   3.57276E-02   2.65773E-03   9.24888E-01   3.59818E-03   3.31286E-02   1.24379E+03  -4.47269E+04  -3.41407E+04  -8.78874E+04  -1.49951E+05
   3.67276E-02   2.65497E-03   9.23929E-01   3.59445E-03   3.30942E-02   1.53108E+03  -4.46661E+04  -3.41555E+04  -8.79397E+04  -1.49849E+05
   3.77276E-02   2.65222E-03   9.22970E-01   3.59072E-03   3.30599E-02   1.81316E+03  -4.46055E+04  -3.41705E+04  -8.79922E+04  -1.49747E+05
   3.87276E-02   2.64946E-03   9.22010E-01   3.58699E-03   3.30255E-02   2.09032E+03  -4.45453E+04  -3.41856E+04  -8.80449E+04  -1.49645E+05
   3.97276E-02   2.64670E-03   9.21051E-01   3.58325E-03   3.29912E-02   2.36282E+03  -4.44854E+04  -3.42008E+04  -8.80977E+04  -1.49544E+05
   4.07276E-02   2.64395E-03   9.20092E-01   3.57952E-03   3.29568E-02   2.63091E+03  -4.44259E+04  -3.42162E+04  -8.81508E+04  -1.49442E+05
   4.17276E-02   2.64119E-03   9.19133E-01   3.57579E-03   3.29225E-02   2.89480E+03  -4.43666E+04  -3.42316E+04  -8.82040E+04  -1.49340E+05
   4.27276E-02   2.63844E-03   9.18174E-01   3.57206E-03   3.28881E-02   3.15471E+03  -4.43077E+04  -3.42472E+04  -8.82573E+04  -1.49238E+05
   4.37276E-02   2.63568E-03   9.17215E-01   3.56833E-03   3.28537E-02   3.41082E+03  -4.42491E+04  -3.42629E+04  -8.83109E+04  -1.49136E+05
   4.47276E-02   2.63292E-03   9.16255E-01   3.56460E-03   3.28194E-02   3.66333E+03  -4.41909E+04  -3.42787E+04  -8.83646E+04  -1.49033E+05
   4.57276E-02   2.63017E-03   9.15296E-01   3.56086E-03   3.27850E-02   3.91239E+03  -4.41330E+04  -3.42946E+04  -8.84186E+04  -1.48931E+05
   4.67276E-02   2.62741E-03   9.14337E-01   3.55713E-03   3.27507E-02   4.15816E+03  -4.40754E+04  -3.43106E+04  -8.84727E+04  -1.48829E+05
   4.77276E-02   2.62465E-03   9.13378E-01   3.55340E-03   3.27163E-02   4.40080E+03  -4.40181E+04  -3.43268E+04  -8.85269E+04  -1.48727E+05
   4.87276E-02   2.62190E-03   9.12419E-01   3.54967E-03   3.26820E-02   4.64043E+03  -4.39613E+04  -3.43430E+04  -8.85814E+04  -1.48624E+05
   4.97276E-02   2.61914E-03   9.11460E-01   3.54594E-03   3.26476E-02   4.87720E+03  -4.39047E+04  -3.43594E+04  -8.86361E+04  -1.48522E+05
   5.07276E-02   2.61639E-03   9.10501E-01   3.54221E-03   3.26133E-02   5.11123E+03  -4.38485E+04  -3.43760E+04  -8.86909E+04  -1.48420E+05
   5.17276E-02   2.61363E-03   9.09541E-01   3.53848E-03   3.25789E-02   5.34262E+03  -4.37926E+04  -3.43926E+04  -8.87459E+04  -1.48317E+05
   5.27276E-02   2.61087E-03   9.08582E-01   3.53474E-03   3.25445E-02   5.57149E+03  -4.37371E+04  -3.44094E+04  -8.88012E+04  -1.48215E+05
   5.37276E-02   2.60812E-03   9.07623E-01   3.53101E-03   3.25102E-02   5.79794E+03  -4.36820E+04  -3.44262E+04  -8.88566E+04  -1.48112E+05
   5.47276E-02   2.60536E-03   9.06664E-01   3.52728E-03   3.24758E-02   6.02206E+03  -4.36272E+04  -3.44433E+04  -8.89122E+04  -1.48010E+05
   5.57276E-02   2.60260E-03   9.05705E-01   3.52355E-03   3.24415E-02   6.24396E+03  -4.35728E+04  -3.44604E+04  -8.89680E+04  -1.47907E+05
   5.67276E-02   2.59985E-03   9.04746E-01   3.51982E-03   3.24071E-02   6.46371E+03  -4.35187E+04  -3.44777E+04  -8.90239E+04  -1.47804E+05
   5.77276E-02   2.59709E-03   9.03786E-01   3.51609E-03   3.23728E-02   6.68140E+03  -4.34650E+04  -3.44950E+04  -8.90801E+04  -1.47702E+05
   5.87276E-02   2.59434E-03   9.02827E-01   3.51236E-03   3.23384E-02   6.89711E+03  -4.34117E+04  -3.45126E+04  -8.91365E+04  -1.47599E+05
   5.97276E-02   2.59158E-03   9.01868E-01   3.50862E-03   3.23040E-02   7.11090E+03  -4.33588E+04  -3.45302E+04  -8.91930E+04  -1.47496E+05
   6.07276E-02   2.58882E-03   9.00909E-01   3.50489E-03   3.22697E-02   7.32241E+03  -4.33062E+04  -3.45480E+04  -8.92492E+04  -1.47393E+05
   6.17276E-02   2.58607E-03   8.99950E-01   3.50116E-03   3.22353E-02   7.53249E+03  -4.32539E+04  -3.45659E+04  -8.93060E+04  -1.47291E+05
   6.27276E-02   2.58331E-03   8.98991E-01   3.49743E-03   3.22010E-02   7.74084E+03  -4.32021E+04  -3.45839E+04  -8.93630E+04  -1.47188E+05
   6.37276E-02   2.58056E-03   8.98031E-01   3.49370E-03   3.21666E-02   7.94754E+03  -4.31507E+04  -3.46020E+04  -8.94202E+04  -1.47085E+05
   6.47276E-02   2.57780E-03   8.97072E-01   3.48997E-03   3.21323E-02   8.15262E+03  -4.30996E+04  -3.46203E+04  -8.94775E+04  -1.46982E+05
   6.57276E-02   2.57504E-03   8.96113E-01   3.48624E-03   3.20979E-02   8.35615E+03  -4.30489E+04  -3.46387E+04  -8.95350E+04  -1.46879E+05
   6.67276E-02   2.57229E-03   8.95154E-01   3.48250E-03   3.20636E-02   8.55817E+03  -4.29986E+04  -3.46573E+04  -8.95927E+04  -1.46776E+05
   6.77276E-02   2.56953E-03   8.94195E-01   3.47877E-03   3.20292E-02   8.75874E+03  -4.29487E+04  -3.46760E+04  -8.96506E+04  -1.46673E+05
   6.87276E-02   2.56677E-03   8.93236E-01   3.47504E-03   3.19948E-02   8.95790E+03  -4.28992E+04  -3.46948E+04  -8.97086E+04  -1.46570E+05
   6.97276E-02   2.56402E-03   8.92277E-01   3.47131E-03   3.19605E-02   9.15569E+03  -4.28501E+04  -3.47137E+04  -8.97668E+04  -1.46466E+05
   7.07276E-02   2.56126E-03   8.91317E-01   3.46758E-03   3.19261E-02   9.35217E+03  -4.28014E+04  -3.47328E+04  -8.98251E+04  -1.46363E+05
   7.17276E-02   2.55851E-03   8.90358E-01   3.46385E-03   3.18918E-02   9.54736E+03  -4.27531E+04  -3.47520E+04  -8.98836E+04  -1.46260E+05
   7.27276E-02   2.55575E-03   8.89399E-01   3.46011E-03   3.18574E-02   9.74131E+03  -4.27052E+04  -3.47714E+04  -8.99422E+04  -1.46157E+05
   7.37276E-02   2.55299E-03   8.88440E-01   3.45638E-03   3.18231E-02   9.93406E+03  -4.26577E+04  -3.47909E+04  -9.00011E+04  -1.46053E+05
   7.47276E-02   2.55024E-03   8.87481E-01   3.45265E-03   3.17887E-02   1.01256E+04  -4.26106E+04  -3.48105E+04  -9.00600E+04  -1.45950E+05
   7.57276E-02   2.54748E-03   8.86522E-01   3.44892E-03   3.17544E-02   1.03161E+04  -4.25639E+04  -3.48303E+04  -9.01191E+04  -1.45847E+05
   7.67276E-02   2.54472E-03   8.85562E-01   3.44519E-03   3.17200E-02   1.05054E+04  -4.25176E+04  -3.48502E+04  -9.01784E+04  -1.45743E+05
   7.77276E-02   2.54197E-03   8.84603E-01   3.44146E-03   3.16856E-02   1.06937E+04  -4.24718E+04  -3.48702E+04  -9.02378E+04  -1.45640E+05
   7.87276E-02   2.53921E-03   8.83644E-01   3.43773E-03   3.16513E-02   1.08809E+04  -4.24263E+04  -3.48904E+04  -9.02973E+04  -1.45536E+05
   7.97276E-02   2.53646E-03   8.82685E-01   3.43399E-03   3.16169E-02   1.10671E+04  -4.23813E+04  -3.49107E+04  -9.03570E+04  -1.45433E+05
   8.07276E-02   2.53370E-03   8.81726E-01   3.43026E-03   3.15826E-02   1.12523E+04  -4.23367E+04  -3.49311E+04  -9.04169E+04  -1.45329E+05
   8.17276E-02   2.53094E-03   8.80767E-01   3.42653E-03   3.15482E-02   1.14366E+04  -4.22926E+04  -3.49517E+04  -9.04768E+04  -1.45225E+05
   8.27276E-02   2.52819E-03   8.79808E-01   3.42280E-03   3.15139E-02   1.16199E+04  -4.22488E+04  -3.49724E+04  -9.05369E+04  -1.45122E+05
   8.37276E-02   2.52543E-03   8.78848E-01   3.41907E-03   3.14795E-02   1.18024E+04  -4.22055E+04  -3.49933E+04  -9.05971E+04  -1.45018E+05
   8.47276E-02   2.52267E-03   8.77889E-01   3.41534E-03   3.14451E-02   1.19839E+04  -4.21627E+04  -3.50143E+04  -9.06575E+04  -1.44914E+05
   8.57276E-02   2.51992E-03   8.76930E-01   3.41161E-03   3.14108E-02   1.21646E+04  -4.21202E+04  -3.50355E+04  -9.07180E+04  -1.44811E+05
   8.67276E-02   2.51716E-03   8.75971E-01   3.40787E-03   3.13764E-02   1.23444E+04  -4.20782E+04  -3.50568E+04  -9.07786E+04  -1.44707E+05
   8.77276E-02   2.51441E-03   8.75012E-01   3.40414E-03   3.13421E-02   1.25234E+04  -4.20367E+04  -3.50782E+04  -9.08393E+04  -1.44603E+05
   8.87276E-02   2.51165E-03   8.74053E-01   3.40041E-03   3.13077E-02   1.27016E+04  -4.19956E+04  -3.50998E+04  -9.09001E+04  -1.44499E+05
   8.97276E-02   2.50889E-03   8.73093E-01   3.39668E-03   3.12734E-02   1.28790E+04  -4.19549E+04  -3.51215E+04  -9.09610E+04  -1.44395E+05
   9.07276E-02   2.50614E-03   8.72134E-01   3.39295E-03   3.12390E-02   1.30557E+04  -4.19147E+04  -3.51434E+04  -9.10220E+04  -1.44291E+05
   9.17276E-02   2.50338E-03   8.71175E-01   3.38922E-03   3.12047E-02   1.32316E+04  -4.18749E+04  -3.51654E+04  -9.10832E+04  -1.44187E+05
   9.27276E-02   2.50063E-03   8.70216E-01   3.38548E-03   3.11703E-02   1.34068E+04  -4.18356E+04  -3.51876E+04  -9.11444E+04  -1.44083E+05
   9.37276E-02   2.49787E-03   8.69257E-01   3.38175E-03   3.11359E-02   1.35813E+04  -4.17968E+04  -3.52099E+04  -9.12057E+04  -1.43979E+05
   9.47276E-02   2.49511E-03   8.68298E-01   3.37802E-03   3.11016E-02   1.37551E+04  -4.17583E+04  -3.52323E+04  -9.12672E+04  -1.43875E+05
   9.57276E-02   2.49236E-03   8.67338E-01   3.37429E-03   3.10672E-02   1.39282E+04  -4.17204E+04  -3.52549E+04  -9.13287E+04  -1.43771E+05
   9.67276E-02   2.48960E-03   8.66379E-01   3.37056E-03   3.10329E-02   1.41007E+04  -4.16829E+04  -3.52776E+04  -9.13903E+04  -1.43666E+05
   9.77276E-02   2.48684E-03   8.65420E-01   3.36683E-03   3.09985E-02   1.42725E+04  -4.16459E+04  -3.53005E+04  -9.14519E+04  -1.43562E+05
   9.87276E-02   2.48409E-03   8.64461E-01   3.36310E-03   3.09642E-02   1.44436E+04  -4.16094E+04  -3.53236E+04  -9.15137E+04  -1.43458E+05
   9.97276E-02   2.48133E-03   8.63502E-01   3.35936E-03   3.09298E-02   1.46142E+04  -4.15733E+04  -3.53468E+04  -9.15755E+04  -1.43354E+05
   1.00728E-01   2.47858E-03   8.62543E-01   3.35563E-03   3.08955E-02   1.47841E+04  -4.15377E+04  -3.53701E+04  -9.16374E+04  -1.43249E+05
   1.01728E-01   2.47582E-03   8.61584E-01   3.35190E-03   3.08611E-02   1.49535E+04  -4.15025E+04  -3.53936E+04  -9.16994E+04  -1.43145E+05
   1.02728E-01   2.47306E-03   8.60624E-01   3.34817E-03   3.08267E-02   1.51222E+04  -4.14679E+04  -3.54172E+04  -9.17614E+04  -1.43040E+05
   1.03728E-01   2.47031E-03   8.59665E-01   3.34444E-03   3.07924E-02   1.52904E+04  -4.14337E+04  -3.54410E+04  -9.18235E+04  -1.42936E+05
   1.04728E-01   2.46755E-03   8.58706E-01   3.34071E-03   3.07580E-02   1.54581E+04  -4.14000E+04  -3.54649E+04  -9.18856E+04  -1.42831E+05
   1.05728E-01   2.46479E-03   8.57747E-01   3.33698E-03   3.07237E-02   1.56252E+04  -4.13667E+04  -3.54890E+04  -9.19478E+04  -1.42726E+05
   1.06728E-01   2.46204E-03   8.56788E-01   3.33324E-03   3.06893E-02   1.57917E+04  -4.13340E+04  -3.55133E+04  -9.20100E+04  -1.42622E+05
   1.07728E-01   2.45928E-03   8.55829E-01   3.32951E-03   3.06550E-02   1.59577E+04  -4.13018E+04  -3.55377E+04  -9.20723E+04  -1.42517E+05
   1.08728E-01   2.45653E-03   8.54869E-01   3.32578E-03   3.06206E-02   1.61233E+04  -4.12700E+04  -3.55622E+04  -9.21346E+04  -1.42412E+05
   1.09728E-01   2.45377E-03   8.53910E-01   3.32205E-03   3.05862E-02   1.62883E+04  -4.12387E+04  -3.55869E+04  -9.21969E+04  -1.42307E+05
   1.10728E-01   2.45101E-03   8.52951E-01   3.31832E-03   3.05519E-02   1.64528E+04  -4.12080E+04  -3.56118E+04  -9.22593E+04  -1.42203E+05
   1.11728E-01   2.44826E-03   8.51992E-01   3.31459E-03   3.05175E-02   1.66168E+04  -4.11777E+04  -3.56368E+04  -9.23217E+04  -1.42098E+05
   1.12728E-01   2.44550E-03   8.51033E-01   3.31085E-03   3.04832E-02   1.67804E+04  -4.11479E+04  -3.56619E+04  -9.23841E+04  -1.41993E+05
   1.13728E-01   2.44275E-03   8.50074E-01   3.30712E-03   3.04488E-02   1.69435E+04  -4.11186E+04  -3.56872E+04  -9.24465E+04  -1.41888E+05
   1.14728E-01   2.43999E-03   8.49115E-01   3.30339E-03   3.04145E-02   1.71061E+04  -4.10899E+04  -3.57127E+04  -9.25090E+04  -1.41782E+05
   1.15728E-01   2.43723E-03   8.48155E-01   3.29966E-03   3.03801E-02   1.72683E+04  -4.10616E+04  -3.57383E+04  -9.25714E+04  -1.41677E+05
   1.16728E-01   2.43448E-03   8.47196E-01   3.29593E-03   3.03458E-02   1.74301E+04  -4.10338E+04  -3.57641E+04  -9.26339E+04  -1.41572E+05
   1.17728E-01   2.43172E-03   8.46237E-01   3.29220E-03   3.03114E-02   1.75914E+04  -4.10066E+04  -3.57901E+04  -9.26964E+04  -1.41467E+05
   1.18728E-01   2.42896E-03   8.45278E-01   3.28847E-03   3.02770E-02   1.77523E+04  -4.09799E+04  -3.58162E+04  -9.27588E+04  -1.41361E+05
   1.19728E-01   2.42621E-03   8.44319E-01   3.28473E-03   3.02427E-02   1.79128E+04  -4.09536E+04  -3.58424E+04  -9.28213E+04  -1.41256E+05
   1.20728E-01   2.42345E-03   8.43360E-01   3.28100E-03   3.02083E-02   1.80729E+04  -4.09279E+04  -3.58688E+04  -9.28837E+04  -1.41151E+05
   1.21728E-01   2.42070E-03   8.42400E-01   3.27727E-03   3.01740E-02   1.82326E+04  -4.09028E+04  -3.58954E+04  -9.29462E+04  -1.41045E+05
   1.22728E-01   2.41794E-03   8.41441E-01   3.27354E-03   3.01396E-02   1.83919E+04  -4.08781E+04  -3.59222E+04  -9.30086E+04  -1.40940E+05
   1.23728E-01   2.41518E-03   8.40482E-01   3.26981E-03   3.01053E-02   1.85508E+04  -4.08540E+04  -3.59491E+04  -9.30710E+04  -1.40834E+05
   1.24728E-01   2.41243E-03   8.39523E-01   3.26608E-03   3.00709E-02   1.87093E+04  -4.08304E+04  -3.59761E+04  -9.31334E+04  -1.40728E+05
   1.25728E-01   2.40967E-03   8.38564E-01   3.26235E-03   3.00365E-02   1.88675E+04  -4.08073E+04  -3.60033E+04  -9.31957E+04  -1.40622E+05
   1.26728E-01   2.40691E-03   8.37605E-01   3.25861E-03   3.00022E-02   1.90253E+04  -4.07847E+04  -3.60307E+04  -9.32580E+04  -1.40517E+05
   1.27728E-01   2.40416E-03   8.36645E-01   3.25488E-03   2.99678E-02   1.91828E+04  -4.07627E+04  -3.60583E+04  -9.33203E+04  -1.40411E+05
   1.28728E-01   2.40140E-03   8.35686E-01   3.25115E-03   2.99335E-02   1.93399E+04  -4.07413E+04  -3.60860E+04  -9.33825E+04  -1.40305E+05
   1.29728E-01   2.39865E-03   8.34727E-01   3.24742E-03   2.98991E-02   1.94967E+04  -4.07203E+04  -3.61138E+04  -9.34447E+04  -1.40199E+05
   1.30728E-01   2.39589E-03   8.33768E-01   3.24369E-03   2.98648E-02   1.96531E+04  -4.06999E+04  -3.61419E+04  -9.35068E+04  -1.40093E+05
   1.31728E-01   2.39313E-03   8.32809E-01   3.23996E-03   2.98304E-02   1.98092E+04  -4.06801E+04  -3.61701E+04  -9.35689E+04  -1.39986E+05
   1.32728E-01   2.39038E-03   8.31850E-01   3.23622E-03   2.97961E-02   1.99650E+04  -4.06608E+04  -3.61985E+04  -9.36310E+04  -1.39880E+05
   1.33728E-01   2.38762E-03   8.30891E-01   3.23249E-03   2.97617E-02   2.01205E+04  -4.06420E+04  -3.62270E+04  -9.36930E+04  -1.39774E+05
   1.34728E-01   2.38486E-03   8.29931E-01   3.22876E-03   2.97273E-02   2.02757E+04  -4.06238E+04  -3.62557E+04  -9.37549E+04  -1.39667E+05
   1.35728E-01   2.38211E-03   8.28972E-01   3.22503E-03   2.96930E-02   2.04306E+04  -4.06062E+04  -3.62846E+04  -9.38168E+04  -1.39561E+05
   1.36728E-01   2.37935E-03   8.28013E-01   3.22130E-03   2.96586E-02   2.05852E+04  -4.05891E+04  -3.63136E+04  -9.38786E+04  -1.39454E+05
   1.37728E-01   2.37660E-03   8.27054E-01   3.21757E-03   2.96243E-02   2.07395E+04  -4.05726E+04  -3.63428E+04  -9.39403E+04  -1.39348E+05
   1.38728E-01   2.37384E-03   8.26095E-01   3.21384E-03   2.95899E-02   2.08936E+04  -4.05566E+04  -3.63722E+04  -9.40019E+04  -1.39241E+05
   1.39728E-01   2.37108E-03   8.25136E-01   3.21010E-03   2.95556E-02   2.10473E+04  -4.05413E+04  -3.64018E+04  -9.40635E+04  -1.39134E+05
   1.40728E-01   2.36833E-03   8.24176E-01   3.20637E-03   2.95212E-02   2.12008E+04  -4.05264E+04  -3.64315E+04  -9.41250E+04  -1.39027E+05
   1.41728E-01   2.36557E-03   8.23217E-01   3.20264E-03   2.94869E-02   2.13541E+04  -4.05122E+04  -3.64614E+04  -9.41865E+04  -1.38920E+05
   1.42728E-01   2.36282E-03   8.22258E-01   3.19891E-03   2.94525E-02   2.15071E+04  -4.04985E+04  -3.64915E+04  -9.42478E+04  -1.38813E+05
   1.43728E-01   2.36006E-03   8.21299E-01   3.19518E-03   2.94181E-02   2.16598E+04  -4.04854E+04  -3.65218E+04  -9.43091E+04  -1.38706E+05
   1.44728E-01   2.35730E-03   8.20340E-01   3.19145E-03   2.93838E-02   2.18123E+04  -4.04729E+04  -3.65522E+04  -9.43702E+04  -1.38599E+05
   1.45728E-01   2.35455E-03   8.19381E-01   3.18772E-03   2.93494E-02   2.19646E+04  -4.04610E+04  -3.65828E+04  -9.44313E+04  -1.38492E+05
   1.46728E-01   2.35179E-03   8.18422E-01   3.18398E-03   2.93151E-02   2.21167E+04  -4.04496E+04  -3.66136E+04  -9.44923E+04  -1.38384E+05
   1.47728E-01   2.34903E-03   8.17462E-01   3.18025E-03   2.92807E-02   2.22685E+04  -4.04389E+04  -3.66446E+04  -9.45532E+04  -1.38277E+05
   1.48728E-01   2.34628E-03   8.16503E-01   3.17652E-03   2.92464E-02   2.24201E+04  -4.04287E+04  -3.66757E+04  -9.46140E+04  -1.38169E+05
   1.49728E-01   2.34352E-03   8.15544E-01   3.17279E-03   2.92120E-02   2.25715E+04  -4.04192E+04  -3.67071E+04  -9.46747E+04  -1.38062E+05
   1.50728E-01   2.34077E-03   8.14585E-01   3.16906E-03   2.91776E-02   2.27228E+04  -4.04102E+04  -3.67386E+04  -9.47353E+04  -1.37954E+05
   1.51728E-01   2.33801E-03   8.13626E-01   3.16533E-03   2.91433E-02   2.28738E+04  -4.04019E+04  -3.67703E+04  -9.47958E+04  -1.37846E+05
   1.52728E-01   2.33525E-03   8.12667E-01   3.16159E-03   2.91089E-02   2.30246E+04  -4.03941E+04  -3.68022E+04  -9.48562E+04  -1.37738E+05
   1.53728E-01   2.33250E-03   8.11707E-01   3.15786E-03   2.90746E-02   2.31753E+04  -4.03870E+04  -3.68343E+04  -9.49165E+04  -1.37630E+05
   1.54728E-01   2.32974E-03   8.10748E-01   3.15413E-03   2.90402E-02   2.33258E+04  -4.03804E+04  -3.68665E+04  -9.49767E+04  -1.37522E+05
   1.55728E-01   2.32698E-03   8.09789E-01   3.15040E-03   2.90059E-02   2.34761E+04  -4.03745E+04  -3.68990E+04  -9.50368E+04  -1.37414E+05
   1.56728E-01   2.32423E-03   8.08830E-01   3.14667E-03   2.89715E-02   2.36263E+04  -4.03693E+04  -3.69316E+04  -9.50968E+04  -1.37306E+05
   1.57728E-01   2.32147E-03   8.07871E-01   3.14294E-03   2.89372E-02   2.37763E+04  -4.03646E+04  -3.69645E+04  -9.51567E+04  -1.37198E+05
   1.58728E-01   2.31872E-03   8.06912E-01   3.13921E-03   2.89028E-02   2.39262E+04  -4.03606E+04  -3.69975E+04  -9.52164E+04  -1.37089E+05
   1.59728E-01   2.31596E-03   8.05952E-01   3.13547E-03   2.88684E-02   2.40759E+04  -4.03572E+04  -3.70307E+04  -9.52761E+04  -1.36981E+05
   1.60728E-01   2.31320E-03   8.04993E-01   3.13174E-03   2.88341E-02   2.42255E+04  -4.03544E+04  -3.70642E+04  -9.53356E+04  -1.36872E+05
   1.61728E-01   2.31045E-03   8.04034E-01   3.12801E-03   2.87997E-02   2.43750E+04  -4.03523E+04  -3.70978E+04  -9.53951E+04  -1.36763E+05
   1.62728E-01   2.30769E-03   8.03075E-01   3.12428E-03   2.87654E-02   2.45244E+04  -4.03508E+04  -3.71316E+04  -9.54544E+04  -1.36654E+05
   1.63728E-01   2.30494E-03   8.02116E-01   3.12055E-03   2.87310E-02   2.46736E+04  -4.03500E+04  -3.71656E+04  -9.55136E+04  -1.36545E+05
   1.64728E-01   2.30218E-03   8.01157E-01   3.11682E-03   2.86967E-02   2.48227E+04  -4.03498E+04  -3.71999E+04  -9.55727E+04  -1.36436E+05
   1.65728E-01   2.29942E-03   8.00198E-01   3.11309E-03   2.86623E-02   2.49718E+04  -4.03503E+04  -3.72343E+04  -9.56317E+04  -1.36327E+05
   1.66728E-01   2.29667E-03   7.99238E-01   3.10935E-03   2.86280E-02   2.51207E+04  -4.03515E+04  -3.72689E+04  -9.56905E+04  -1.36218E+05
   1.67728E-01   2.29391E-03   7.98279E-01   3.10562E-03   2.85936E-02   2.52696E+04  -4.03533E+04  -3.73038E+04  -9.57493E+04  -1.36109E+05
   1.68728E-01   2.29115E-03   7.97320E-01   3.10189E-03   2.85592E-02   2.54184E+04  -4.03558E+04  -3.73388E+04  -9.58079E+04  -1.36000E+05
   1.69728E-01   2.28840E-03   7.96361E-01   3.09816E-03   2.85249E-02   2.55672E+04  -4.03589E+04  -3.73741E+04  -9.58664E+04  -1.35890E+05
   1.70728E-01   2.28564E-03   7.95402E-01   3.09443E-03   2.84905E-02   2.57158E+04  -4.03628E+04  -3.74096E+04  -9.59249E+04  -1.35781E+05
   1.71728E-01   2.28289E-03   7.94443E-01   3.09070E-03   2.84562E-02   2.58644E+04  -4.03673E+04  -3.74453E+04  -9.59832E+04  -1.35671E+05
   1.72728E-01   2.28013E-03   7.93483E-01   3.08696E-03   2.84218E-02   2.60130E+04  -4.03725E+04  -3.74812E+04  -9.60413E+04  -1.35561E+05
   1.73728E-01   2.27737E-03   7.92524E-01   3.08323E-03   2.83875E-02   2.61615E+04  -4.03784E+04  -3.75174E+04  -9.60994E+04  -1.35451E+05
   1.74728E-01   2.27462E-03   7.91565E-01   3.07950E-03   2.83531E-02   2.63100E+04  -4.03850E+04  -3.75537E+04  -9.61574E+04  -1.35341E+05
   1.75728E-01   2.27186E-03   7.90606E-01   3.07577E-03   2.83187E-02   2.64585E+04  -4.03923E+04  -3.75903E+04  -9.62152E+04  -1.35231E+05
   1.76728E-01   2.26910E-03   7.89647E-01   3.07204E-03   2.82844E-02   2.66069E+04  -4.04003E+04  -3.76271E+04  -9.62730E+04  -1.35121E+05
   1.77728E-01   2.26635E-03   7.88688E-01   3.06831E-03   2.82500E-02   2.67553E+04  -4.04091E+04  -3.76641E+04  -9.63306E+04  -1.35011E+05
   1.78728E-01   2.26359E-03   7.87729E-01   3.06458E-03   2.82157E-02   2.69038E+04  -4.04185E+04  -3.77014E+04  -9.63881E+04  -1.34901E+05
   1.79728E-01   2.26084E-03   7.86769E-01   3.06084E-03   2.81813E-02   2.70522E+04  -4.04287E+04  -3.77389E+04  -9.64455E+04  -1.34790E+05
   1.80728E-01   2.25808E-03   7.85810E-01   3.05711E-03   2.81470E-02   2.72006E+04  -4.04396E+04  -3.77766E+04  -9.65028E+04  -1.34680E+05
   1.81728E-01   2.25532E-03   7.84851E-01   3.05338E-03   2.81126E-02   2.73491E+04  -4.04512E+04  -3.78146E+04  -9.65600E+04  -1.34569E+05
   1.82728E-01   2.25257E-03   7.83892E-01   3.04965E-03   2.80783E-02   2.74976E+04  -4.04636E+04  -3.78528E+04  -9.66171E+04  -1.34458E+05
   1.83728E-01   2.24981E-03   7.82933E-01   3.04592E-03   2.80439E-02   2.76461E+04  -4.04767E+04  -3.78912E+04  -9.66741E+04  -1.34347E+05
   1.84728E-01   2.24705E-03   7.81974E-01   3.04219E-03   2.80095E-02   2.77946E+04  -4.04906E+04  -3.79299E+04  -9.67309E+04  -1.34237E+05
   1.85728E-01   2.24430E-03   7.81014E-01   3.03846E-03   2.79752E-02   2.79432E+04  -4.05052E+04  -3.79688E+04  -9.67877E+04  -1.34126E+05
   1.86728E-01   2.24154E-03   7.80055E-01   3.03472E-03   2.79408E-02   2.80918E+04  -4.05206E+04  -3.80080E+04  -9.68443E+04  -1.34014E+05
   1.87728E-01   2.23879E-03   7.79096E-01   3.03099E-03   2.79065E-02   2.82405E+04  -4.05367E+04  -3.80474E+04  -9.69009E+04  -1.33903E+05
   1.88728E-01   2.23603E-03   7.78137E-01   3.02726E-03   2.78721E-02   2.83893E+04  -4.05536E+04  -3.80871E+04  -9.69573E+04  -1.33792E+05
   1.89728E-01   2.23327E-03   7.77178E-01   3.02353E-03   2.78378E-02   2.85381E+04  -4.05713E+04  -3.81270E+04  -9.70137E+04  -1.33681E+05
   1.90728E-01   2.23052E-03   7.76219E-01   3.01980E-03   2.78034E-02   2.86870E+04  -4.05898E+04  -3.81672E+04  -9.70699E+04  -1.33569E+05
   1.91728E-01   2.22776E-03   7.75259E-01   3.01607E-03   2.77691E-02   2.88360E+04  -4.06091E+04  -3.82077E+04  -9.71260E+04  -1.33458E+05
   1.92728E-01   2.22501E-03   7.74300E-01   3.01233E-03   2.77347E-02   2.89851E+04  -4.06292E+04  -3.82484E+04  -9.71820E+04  -1.33346E+05
   1.93728E-01   2.22225E-03   7.73341E-01   3.00860E-03   2.77003E-02   2.91342E+04  -4.06500E+04  -3.82894E+04  -9.72379E+04  -1.33234E+05
   1.94728E-01   2.21949E-03   7.72382E-01   3.00487E-03   2.76660E-02   2.92835E+04  -4.06717E+04  -3.83306E+04  -9.72937E+04  -1.33123E+05
   1.95728E-01   2.21674E-03   7.71423E-01   3.00114E-03   2.76316E-02   2.94329E+04  -4.06942E+04  -3.83721E+04  -9.73494E+04  -1.33011E+05
   1.96728E-01   2.21398E-03   7.70464E-01   2.99741E-03   2.75973E-02   2.95824E+04  -4.07175E+04  -3.84139E+04  -9.74049E+04  -1.32899E+05
   1.97728E-01   2.21122E-03   7.69505E-01   2.99368E-03   2.75629E-02   2.97320E+04  -4.07416E+04  -3.84559E+04  -9.74604E+04  -1.32787E+05
   1.98728E-01   2.20847E-03   7.68545E-01   2.98995E-03   2.75286E-02   2.98818E+04  -4.07665E+04  -3.84983E+04  -9.75157E+04  -1.32674E+05
   1.99728E-01   2.20571E-03   7.67586E-01   2.98621E-03   2.74942E-02   3.00316E+04  -4.07923E+04  -3.85409E+04  -9.75709E+04  -1.32562E+05
   2.00728E-01   2.20296E-03   7.66627E-01   2.98248E-03   2.74598E-02   3.01817E+04  -4.08189E+04  -3.85838E+04  -9.76259E+04  -1.32450E+05
   2.01728E-01   2.20020E-03   7.65668E-01   2.97875E-03   2.74255E-02   3.03318E+04  -4.08464E+04  -3.86269E+04  -9.76809E+04  -1.32337E+05
   2.02728E-01   2.19744E-03   7.64709E-01   2.97502E-03   2.73911E-02   3.04821E+04  -4.08747E+04  -3.86704E+04  -9.77357E+04  -1.32225E+05
   2.03728E-01   2.19469E-03   7.63750E-01   2.97129E-03   2.73568E-02   3.06326E+04  -4.09038E+04  -3.87142E+04  -9.77903E+04  -1.32112E+05
   2.04728E-01   2.19193E-03   7.62790E-01   2.96756E-03   2.73224E-02   3.07832E+04  -4.09339E+04  -3.87582E+04  -9.78448E+04  -1.32000E+05
   2.05728E-01   2.18917E-03   7.61831E-01   2.96383E-03   2.72881E-02   3.09340E+04  -4.09647E+04  -3.88025E+04  -9.78992E+04  -1.31887E+05
   2.06728E-01   2.18642E-03   7.60872E-01   2.96009E-03   2.72537E-02   3.10849E+04  -4.09965E+04  -3.88472E+04  -9.79534E+04  -1.31774E+05
   2.07728E-01   2.18366E-03   7.59913E-01   2.95636E-03   2.72194E-02   3.12360E+04  -4.10291E+04  -3.88921E+04  -9.80074E+04  -1.31661E+05
   2.08728E-01   2.18091E-03   7.58954E-01   2.95263E-03   2.71850E-02   3.13873E+04  -4.10626E+04  -3.89373E+04  -9.80612E+04  -1.31548E+05
   2.09728E-01   2.17815E-03   7.57995E-01   2.94890E-03   2.71506E-02   3.15387E+04  -4.10970E+04  -3.89828E+04  -9.81149E+04  -1.31434E+05
   2.10728E-01   2.17539E-03   7.57036E-01   2.94517E-03   2.71163E-02   3.16904E+04  -4.11322E+04  -3.90287E+04  -9.81683E+04  -1.31321E+05
   2.11728E-01   2.17264E-03   7.56076E-01   2.94144E-03   2.70819E-02   3.18422E+04  -4.11684E+04  -3.90748E+04  -9.82216E+04  -1.31208E+05
   2.12728E-01   2.16988E-03   7.55117E-01   2.93770E-03   2.70476E-02   3.19942E+04  -4.12054E+04  -3.91212E+04  -9.82746E+04  -1.31094E+05
   2.13728E-01   2.16713E-03   7.54158E-01   2.93397E-03   2.70132E-02   3.21464E+04  -4.12434E+04  -3.91680E+04  -9.83274E+04  -1.30981E+05
   2.14728E-01   2.16437E-03   7.53199E-01   2.93024E-03   2.69789E-02   3.22987E+04  -4.12822E+04  -3.92151E+04  -9.83799E+04  -1.30867E+05
   2.15728E-01   2.16161E-03   7.52240E-01   2.92651E-03   2.69445E-02   3.24513E+04  -4.13219E+04  -3.92624E+04  -9.84321E+04  -1.30753E+05
   2.16728E-01   2.15886E-03   7.51281E-01   2.92278E-03   2.69101E-02   3.26040E+04  -4.13625E+04  -3.93101E+04  -9.84841E+04  -1.30639E+05
   2.17728E-01   2.15610E-03   7.50321E-01   2.91905E-03   2.68758E-02   3.27569E+04  -4.14041E+04  -3.93581E+04  -9.85357E+04  -1.30525E+05
   2.18728E-01   2.15334E-03   7.49362E-01   2.91532E-03   2.68414E-02   3.29100E+04  -4.14465E+04  -3.94065E+04  -9.85870E+04  -1.30411E+05
   2.19728E-01   2.15059E-03   7.48403E-01   2.91158E-03   2.68071E-02   3.30633E+04  -4.14898E+04  -3.94551E+04  -9.86380E+04  -1.30296E+05
   2.20728E-01   2.14783E-03   7.47444E-01   2.90785E-03   2.67727E-02   3.32168E+04  -4.15341E+04  -3.95041E+04  -9.86885E+04  -1.30182E+05
   2.21728E-01   2.14508E-03   7.46485E-01   2.90412E-03   2.67384E-02   3.33705E+04  -4.15792E+04  -3.95534E+04  -9.87387E+04  -1.30067E+05
   2.22728E-01   2.14232E-03   7.45526E-01   2.90039E-03   2.67040E-02   3.35244E+04  -4.16253E+04  -3.96030E+04  -9.87884E+04  -1.29952E+05
   2.23728E-01   2.13956E-03   7.44566E-01   2.89666E-03   2.66697E-02   3.36784E+04  -4.16723E+04  -3.96530E+04  -9.88376E+04  -1.29837E+05
   2.24728E-01   2.13681E-03   7.43607E-01   2.89293E-03   2.66353E-02   3.38326E+04  -4.17201E+04  -3.97032E+04  -9.88863E+04  -1.29722E+05
   2.25728E-01   2.13405E-03   7.42648E-01   2.88920E-03   2.66009E-02   3.39870E+04  -4.17689E+04  -3.97538E+04  -9.89345E+04  -1.29607E+05
   2.26728E-01   2.13129E-03   7.41689E-01   2.88546E-03   2.65666E-02   3.41415E+04  -4.18185E+04  -3.98047E+04  -9.89822E+04  -1.29491E+05
   2.27728E-01   2.12854E-03   7.40730E-01   2.88173E-03   2.65322E-02   3.42962E+04  -4.18691E+04  -3.98560E+04  -9.90292E+04  -1.29375E+05
   2.28728E-01   2.12578E-03   7.39771E-01   2.87800E-03   2.64979E-02   3.44511E+04  -4.19205E+04  -3.99076E+04  -9.90755E+04  -1.29259E+05
   2.29728E-01   2.12303E-03   7.38812E-01   2.87427E-03   2.64635E-02   3.46061E+04  -4.19728E+04  -3.99595E+04  -9.91211E+04  -1.29143E+05
   2.30728E-01   2.12027E-03   7.37852E-01   2.87054E-03   2.64292E-02   3.47613E+04  -4.20260E+04  -4.00117E+04  -9.91660E+04  -1.29027E+05
   2.31728E-01   2.11751E-03   7.36893E-01   2.86681E-03   2.63948E-02   3.49166E+04  -4.20800E+04  -4.00642E+04  -9.92101E+04  -1.28910E+05
   2.32728E-01   2.11476E-03   7.35934E-01   2.86307E-03   2.63605E-02   3.50721E+04  -4.21349E+04  -4.01171E+04  -9.92533E+04  -1.28793E+05
   2.33728E-01   2.11200E-03   7.34975E-01   2.85934E-03   2.63261E-02   3.52276E+04  -4.21907E+04  -4.01703E+04  -9.92956E+04  -1.28676E+05
   2.34728E-01   2.10924E-03   7.34016E-01   2.85561E-03   2.62917E-02   3.53833E+04  -4.22472E+04  -4.02239E+04  -9.93369E+04  -1.28558E+05
   2.35728E-01   2.10649E-03   7.33057E-01   2.85188E-03   2.62574E-02   3.54989E+04  -4.22753E+04  -4.02663E+04  -9.92766E+04  -1.28412E+05
   2.36728E-01   2.10373E-03   7.32097E-01   2.84815E-03   2.62230E-02   3.56110E+04  -4.23010E+04  -4.03081E+04  -9.92049E+04  -1.28262E+05
   2.37728E-01   2.10098E-03   7.31138E-01   2.84442E-03   2.61887E-02   3.57280E+04  -4.23305E+04  -4.03515E+04  -9.91424E+04  -1.28114E+05
   2.38728E-01   2.09822E-03   7.30179E-01   2.84069E-03   2.61543E-02   3.58497E+04  -4.23635E+04  -4.03964E+04  -9.90887E+04  -1.27969E+05
   2.39728E-01   2.09546E-03   7.29220E-01   2.83695E-03   2.61200E-02   3.59756E+04  -4.24000E+04  -4.04429E+04  -9.90433E+04  -1.27826E+05
   2.40728E-01   2.09271E-03   7.28261E-01   2.83322E-03   2.60856E-02   3.61058E+04  -4.24400E+04  -4.04909E+04  -9.90060E+04  -1.27685E+05
   2.41728E-01   2.08995E-03   7.27302E-01   2.82949E-03   2.60512E-02   3.62400E+04  -4.24834E+04  -4.05403E+04  -9.89763E+04  -1.27547E+05
   2.42728E-01   2.08720E-03   7.26343E-01   2.82576E-03   2.60169E-02   3.63781E+04  -4.25301E+04  -4.05912E+04  -9.89540E+04  -1.27410E+05
   2.43728E-01   2.08444E-03   7.25383E-01   2.82203E-03   2.59825E-02   3.65198E+04  -4.25800E+04  -4.06434E+04  -9.89388E+04  -1.27276E+05
   2.44728E-01   2.08168E-03   7.24424E-01   2.81830E-03   2.59482E-02   3.66650E+04  -4.26331E+04  -4.06969E+04  -9.89304E+04  -1.27143E+05
   2.45728E-01   2.07893E-03   7.23465E-01   2.81457E-03   2.59138E-02   3.68135E+04  -4.26894E+04  -4.07518E+04  -9.89285E+04  -1.27013E+05
   2.46728E-01   2.07617E-03   7.22506E-01   2.81083E-03   2.58795E-02   3.69654E+04  -4.27488E+04  -4.08079E+04  -9.89329E+04  -1.26884E+05
   2.47728E-01   2.07341E-03   7.21547E-01   2.80710E-03   2.58451E-02   3.71203E+04  -4.28112E+04  -4.08653E+04  -9.89434E+04  -1.26757E+05
   2.48728E-01   2.07066E-03   7.20588E-01   2.80337E-03   2.58108E-02   3.72782E+04  -4.28766E+04  -4.09239E+04  -9.89597E+04  -1.26631E+05
   2.49728E-01   2.06790E-03   7.19628E-01   2.79964E-03   2.57764E-02   3.74389E+04  -4.29450E+04  -4.09837E+04  -9.89817E+04  -1.26507E+05
   2.50728E-01   2.06515E-03   7.18669E-01   2.79591E-03   2.57420E-02   3.76024E+04  -4.30163E+04  -4.10446E+04  -9.90091E+04  -1.26385E+05
   2.51728E-01   2.06239E-03   7.17710E-01   2.79218E-03   2.57077E-02   3.77686E+04  -4.30905E+04  -4.11067E+04  -9.90418E+04  -1.26265E+05
   2.52728E-01   2.05963E-03   7.16751E-01   2.78844E-03   2.56733E-02   3.79373E+04  -4.31676E+04  -4.11700E+04  -9.90795E+04  -1.26146E+05
   2.53728E-01   2.05688E-03   7.15792E-01   2.78471E-03   2.56390E-02   3.81084E+04  -4.32475E+04  -4.12343E+04  -9.91222E+04  -1.26028E+05
   2.54728E-01   2.05412E-03   7.14833E-01   2.78098E-03   2.56046E-02   3.82819E+04  -4.33302E+04  -4.12997E+04  -9.91696E+04  -1.25912E+05
   2.55728E-01   2.05136E-03   7.13873E-01   2.77725E-03   2.55703E-02   3.84578E+04  -4.34157E+04  -4.13662E+04  -9.92217E+04  -1.25798E+05
   2.56728E-01   2.04861E-03   7.12914E-01   2.77352E-03   2.55359E-02   3.86358E+04  -4.35040E+04  -4.14337E+04  -9.92782E+04  -1.25684E+05
   2.57728E-01   2.04585E-03   7.11955E-01   2.76979E-03   2.55016E-02   3.88159E+04  -4.35950E+04  -4.15022E+04  -9.93390E+04  -1.25573E+05
   2.58728E-01   2.04310E-03   7.10996E-01   2.76606E-03   2.54672E-02   3.89981E+04  -4.36887E+04  -4.15718E+04  -9.94041E+04  -1.25462E+05
   2.59728E-01   2.04034E-03   7.10037E-01   2.76232E-03   2.54328E-02   3.91823E+04  -4.37851E+04  -4.16424E+04  -9.94732E+04  -1.25353E+05
   2.60728E-01   2.03758E-03   7.09078E-01   2.75859E-03   2.53985E-02   3.93685E+04  -4.38842E+04  -4.17139E+04  -9.95463E+04  -1.25245E+05
   2.61728E-01   2.03483E-03   7.08119E-01   2.75486E-03   2.53641E-02   3.95564E+04  -4.39860E+04  -4.17864E+04  -9.96232E+04  -1.25139E+05
   2.62728E-01   2.03207E-03   7.07159E-01   2.75113E-03   2.53298E-02   3.97462E+04  -4.40904E+04  -4.18599E+04  -9.97039E+04  -1.25034E+05
   2.63728E-01   2.02931E-03   7.06200E-01   2.74740E-03   2.52954E-02   3.99378E+04  -4.41975E+04  -4.19344E+04  -9.97883E+04  -1.24930E+05
   2.64728E-01   2.02656E-03   7.05241E-01   2.74367E-03   2.52611E-02   4.01310E+04  -4.43072E+04  -4.20097E+04  -9.98762E+04  -1.24827E+05
   2.65728E-01   2.02380E-03   7.04282E-01   2.73994E-03   2.52267E-02   4.03259E+04  -4.44196E+04  -4.20860E+04  -9.99676E+04  -1.24725E+05
   2.66728E-01   2.02105E-03   7.03323E-01   2.73620E-03   2.51923E-02   4.05224E+04  -4.45345E+04  -4.21632E+04  -1.00062E+05  -1.24625E+05
   2.67728E-01   2.01829E-03   7.02364E-01   2.73247E-03   2.51580E-02   4.07204E+04  -4.46520E+04  -4.22414E+04  -1.00160E+05  -1.24526E+05
   2.68728E-01   2.01553E-03   7.01404E-01   2.72874E-03   2.51236E-02   4.09199E+04  -4.47722E+04  -4.23204E+04  -1.00262E+05  -1.24428E+05
   2.69728E-01   2.01278E-03   7.00445E-01   2.72501E-03   2.50893E-02   4.11209E+04  -4.48949E+04  -4.24003E+04  -1.00366E+05  -1.24331E+05
   2.70728E-01   2.01002E-03   6.99486E-01   2.72128E-03   2.50549E-02   4.13233E+04  -4.50202E+04  -4.24811E+04  -1.00474E+05  -1.24235E+05
   2.71728E-01   2.00727E-03   6.98527E-01   2.71755E-03   2.50206E-02   4.15271E+04  -4.51481E+04  -4.25628E+04  -1.00584E+05  -1.24140E+05
   2.72728E-01   2.00451E-03   6.97568E-01   2.71382E-03   2.49862E-02   4.17322E+04  -4.52786E+04  -4.26453E+04  -1.00698E+05  -1.24046E+05
   2.73728E-01   2.00175E-03   6.96609E-01   2.71008E-03   2.49519E-02   4.19386E+04  -4.54116E+04  -4.27287E+04  -1.00814E+05  -1.23954E+05
   2.74728E-01   1.99900E-03   6.95650E-01   2.70635E-03   2.49175E-02   4.21463E+04  -4.55472E+04  -4.28129E+04  -1.00933E+05  -1.23862E+05
   2.75728E-01   1.99624E-03   6.94690E-01   2.70262E-03   2.48831E-02   4.23553E+04  -4.56854E+04  -4.28980E+04  -1.01055E+05  -1.23772E+05
   2.76728E-01   1.99348E-03   6.93731E-01   2.69889E-03   2.48488E-02   4.25654E+04  -4.58261E+04  -4.29839E+04  -1.01180E+05  -1.23683E+05
   2.77728E-01   1.99073E-03   6.92772E-01   2.69516E-03   2.48144E-02   4.27767E+04  -4.59694E+04  -4.30707E+04  -1.01307E+05  -1.23594E+05
   2.78728E-01   1.98797E-03   6.91813E-01   2.69143E-03   2.47801E-02   4.29892E+04  -4.61153E+04  -4.31583E+04  -1.01437E+05  -1.23507E+05
   2.79728E-01   1.98522E-03   6.90854E-01   2.68769E-03   2.47457E-02   4.32028E+04  -4.62637E+04  -4.32467E+04  -1.01569E+05  -1.23421E+05
   2.80728E-01   1.98246E-03   6.89895E-01   2.68396E-03   2.47114E-02   4.34175E+04  -4.64147E+04  -4.33359E+04  -1.01704E+05  -1.23335E+05
   2.81728E-01   1.97970E-03   6.88935E-01   2.68023E-03   2.46770E-02   4.36332E+04  -4.65683E+04  -4.34260E+04  -1.01841E+05  -1.23251E+05
   2.82728E-01   1.97695E-03   6.87976E-01   2.67650E-03   2.46426E-02   4.38500E+04  -4.67245E+04  -4.35169E+04  -1.01981E+05  -1.23168E+05
   2.83728E-01   1.97419E-03   6.87017E-01   2.67277E-03   2.46083E-02   4.40678E+04  -4.68832E+04  -4.36085E+04  -1.02123E+05  -1.23086E+05
   2.84728E-01   1.97143E-03   6.86058E-01   2.66904E-03   2.45739E-02   4.42866E+04  -4.70445E+04  -4.37010E+04  -1.02268E+05  -1.23004E+05
   2.85728E-01   1.96868E-03   6.85099E-01   2.66531E-03   2.45396E-02   4.45064E+04  -4.72084E+04  -4.37943E+04  -1.02415E+05  -1.22924E+05
   2.86728E-01   1.96592E-03   6.84140E-01   2.66157E-03   2.45052E-02   4.47271E+04  -4.73749E+04  -4.38883E+04  -1.02564E+05  -1.22845E+05
   2.87728E-01   1.96317E-03   6.83180E-01   2.65784E-03   2.44709E-02   4.49488E+04  -4.75439E+04  -4.39832E+04  -1.02715E+05  -1.22766E+05
   2.88728E-01   1.96041E-03   6.82221E-01   2.65411E-03   2.44365E-02   4.51713E+04  -4.77156E+04  -4.40788E+04  -1.02868E+05  -1.22689E+05
   2.89728E-01   1.95765E-03   6.81262E-01   2.65038E-03   2.44022E-02   4.53948E+04  -4.78898E+04  -4.41752E+04  -1.03024E+05  -1.22612E+05
   2.90728E-01   1.95490E-03   6.80303E-01   2.64665E-03   2.43678E-02   4.56191E+04  -4.80667E+04  -4.42725E+04  -1.03182E+05  -1.22537E+05
   2.91728E-01   1.95214E-03   6.79344E-01   2.64292E-03   2.43334E-02   4.58442E+04  -4.82462E+04  -4.43705E+04  -1.03341E+05  -1.22462E+05
   2.92728E-01   1.94939E-03   6.78385E-01   2.63919E-03   2.42991E-02   4.60702E+04  -4.84283E+04  -4.44692E+04  -1.03503E+05  -1.22388E+05
   2.93728E-01   1.94663E-03   6.77426E-01   2.63545E-03   2.42647E-02   4.62971E+04  -4.86130E+04  -4.45688E+04  -1.03667E+05  -1.22316E+05
   2.94728E-01   1.94387E-03   6.76466E-01   2.63172E-03   2.42304E-02   4.65247E+04  -4.88004E+04  -4.46691E+04  -1.03833E+05  -1.22244E+05
   2.95728E-01   1.94112E-03   6.75507E-01   2.62799E-03   2.41960E-02   4.67531E+04  -4.89904E+04  -4.47702E+04  -1.04001E+05  -1.22173E+05
   2.96728E-01   1.93836E-03   6.74548E-01   2.62426E-03   2.41617E-02   4.69823E+04  -4.91830E+04  -4.48721E+04  -1.04171E+05  -1.22103E+05
   2.97728E-01   1.93560E-03   6.73589E-01   2.62053E-03   2.41273E-02   4.72123E+04  -4.93784E+04  -4.49747E+04  -1.04343E+05  -1.22034E+05
   2.98728E-01   1.93285E-03   6.72630E-01   2.61680E-03   2.40930E-02   4.74429E+04  -4.95764E+04  -4.50781E+04  -1.04517E+05  -1.21966E+05
   2.99728E-01   1.93009E-03   6.71671E-01   2.61306E-03   2.40586E-02   4.76744E+04  -4.97770E+04  -4.51823E+04  -1.04692E+05  -1.21899E+05
   2.99990E-01   1.92937E-03   6.71419E-01   2.61209E-03   2.40496E-02   4.77352E+04  -4.98301E+04  -4.52097E+04  -1.04739E+05  -1.21881E+05

 Phase Region for:
     FCC_A1                        
 col-1=X(C), col-2=X(CU), col-3=X(FE), col-4=X(MN), col-5=X(SI), col-6=MU(C), col-7=MU(CU), col-8=MU(FE), col-9=MU(MN), col-10=MU(SI),
   9.72763E-03   2.72939E-03   9.49826E-01   3.69520E-03   3.40219E-02  -1.03978E+04  -4.64121E+04  -3.37917E+04  -8.65865E+04  -1.52578E+05
   8.72763E-03   2.73215E-03   9.50785E-01   3.69893E-03   3.40562E-02  -1.12675E+04  -4.64806E+04  -3.37797E+04  -8.65386E+04  -1.52679E+05
   7.72763E-03   2.73490E-03   9.51744E-01   3.70266E-03   3.40906E-02  -1.22330E+04  -4.65494E+04  -3.37677E+04  -8.64909E+04  -1.52779E+05
   6.72763E-03   2.73766E-03   9.52703E-01   3.70639E-03   3.41249E-02  -1.33209E+04  -4.66184E+04  -3.37559E+04  -8.64434E+04  -1.52879E+05
   5.72763E-03   2.74041E-03   9.53663E-01   3.71012E-03   3.41593E-02  -1.45709E+04  -4.66877E+04  -3.37441E+04  -8.63960E+04  -1.52979E+05
   4.72763E-03   2.74317E-03   9.54622E-01   3.71386E-03   3.41936E-02  -1.60454E+04  -4.67572E+04  -3.37325E+04  -8.63488E+04  -1.53079E+05
   3.72763E-03   2.74593E-03   9.55581E-01   3.71759E-03   3.42280E-02  -1.78520E+04  -4.68270E+04  -3.37209E+04  -8.63017E+04  -1.53179E+05
   2.72763E-03   2.74868E-03   9.56540E-01   3.72132E-03   3.42623E-02  -2.02008E+04  -4.68970E+04  -3.37094E+04  -8.62548E+04  -1.53279E+05
   1.72763E-03   2.75144E-03   9.57499E-01   3.72505E-03   3.42967E-02  -2.35972E+04  -4.69672E+04  -3.36981E+04  -8.62080E+04  -1.53379E+05
   7.27626E-04   2.75420E-03   9.58458E-01   3.72878E-03   3.43311E-02  -2.99558E+04  -4.70377E+04  -3.36868E+04  -8.61614E+04  -1.53479E+05
   1.00000E-05   2.75617E-03   9.59147E-01   3.73146E-03   3.43557E-02  -6.11380E+04  -4.70885E+04  -3.36787E+04  -8.61280E+04  -1.53551E+05
