
 Phase Region for:
     BCC_A2                        
 col-1=X(C), col-2=X(CU), col-3=X(FE), col-4=X(MN), col-5=X(SI), col-6=MU(C), col-7=MU(CU), col-8=MU(FE), col-9=MU(MN), col-10=MU(SI),
   2.88620E-02   2.67665E-03   9.31473E-01   3.62380E-03   3.33645E-02   3.42220E+04  -3.84387E+04  -3.49363E+04  -7.51630E+04  -1.52384E+05
   9.99900E-03   2.72864E-03   9.49566E-01   3.69419E-03   3.40125E-02   2.59087E+04  -3.83415E+04  -3.47195E+04  -7.38906E+04  -1.54160E+05

 Phase Region for:
     BCC_A2                        
 col-1=X(C), col-2=X(CU), col-3=X(FE), col-4=X(MN), col-5=X(SI), col-6=MU(C), col-7=MU(CU), col-8=MU(FE), col-9=MU(MN), col-10=MU(SI),
   2.88620E-02   2.67665E-03   9.31473E-01   3.62380E-03   3.33645E-02   3.42220E+04  -3.84387E+04  -3.49363E+04  -7.51630E+04  -1.52384E+05
   2.87620E-02   2.67693E-03   9.31569E-01   3.62417E-03   3.33679E-02   3.41935E+04  -3.84381E+04  -3.49351E+04  -7.51561E+04  -1.52394E+05
   2.86620E-02   2.67720E-03   9.31665E-01   3.62455E-03   3.33713E-02   3.41649E+04  -3.84375E+04  -3.49339E+04  -7.51492E+04  -1.52403E+05
   2.85620E-02   2.67748E-03   9.31761E-01   3.62492E-03   3.33748E-02   3.41362E+04  -3.84369E+04  -3.49327E+04  -7.51423E+04  -1.52413E+05
   2.84620E-02   2.67775E-03   9.31857E-01   3.62529E-03   3.33782E-02   3.41074E+04  -3.84363E+04  -3.49315E+04  -7.51354E+04  -1.52422E+05
   2.83620E-02   2.67803E-03   9.31953E-01   3.62566E-03   3.33816E-02   3.40785E+04  -3.84357E+04  -3.49303E+04  -7.51284E+04  -1.52432E+05
   2.82620E-02   2.67831E-03   9.32049E-01   3.62604E-03   3.33851E-02   3.40495E+04  -3.84351E+04  -3.49291E+04  -7.51215E+04  -1.52441E+05
   2.81620E-02   2.67858E-03   9.32144E-01   3.62641E-03   3.33885E-02   3.40205E+04  -3.84345E+04  -3.49279E+04  -7.51146E+04  -1.52451E+05
   2.80620E-02   2.67886E-03   9.32240E-01   3.62678E-03   3.33920E-02   3.39913E+04  -3.84339E+04  -3.49268E+04  -7.51077E+04  -1.52461E+05
   2.79620E-02   2.67913E-03   9.32336E-01   3.62716E-03   3.33954E-02   3.39621E+04  -3.84333E+04  -3.49256E+04  -7.51008E+04  -1.52470E+05
   2.78620E-02   2.67941E-03   9.32432E-01   3.62753E-03   3.33988E-02   3.39328E+04  -3.84327E+04  -3.49244E+04  -7.50939E+04  -1.52480E+05
   2.77620E-02   2.67968E-03   9.32528E-01   3.62790E-03   3.34023E-02   3.39033E+04  -3.84321E+04  -3.49232E+04  -7.50870E+04  -1.52489E+05
   2.76620E-02   2.67996E-03   9.32624E-01   3.62828E-03   3.34057E-02   3.38738E+04  -3.84315E+04  -3.49220E+04  -7.50801E+04  -1.52499E+05
   2.75620E-02   2.68023E-03   9.32720E-01   3.62865E-03   3.34091E-02   3.38442E+04  -3.84309E+04  -3.49208E+04  -7.50732E+04  -1.52508E+05
   2.74620E-02   2.68051E-03   9.32816E-01   3.62902E-03   3.34126E-02   3.38145E+04  -3.84304E+04  -3.49196E+04  -7.50663E+04  -1.52518E+05
   2.73620E-02   2.68079E-03   9.32912E-01   3.62940E-03   3.34160E-02   3.37847E+04  -3.84298E+04  -3.49184E+04  -7.50594E+04  -1.52527E+05
   2.72620E-02   2.68106E-03   9.33008E-01   3.62977E-03   3.34194E-02   3.37548E+04  -3.84292E+04  -3.49172E+04  -7.50525E+04  -1.52537E+05
   2.71620E-02   2.68134E-03   9.33104E-01   3.63014E-03   3.34229E-02   3.37248E+04  -3.84286E+04  -3.49160E+04  -7.50456E+04  -1.52546E+05
   2.70620E-02   2.68161E-03   9.33200E-01   3.63052E-03   3.34263E-02   3.36947E+04  -3.84280E+04  -3.49149E+04  -7.50387E+04  -1.52556E+05
   2.69620E-02   2.68189E-03   9.33295E-01   3.63089E-03   3.34297E-02   3.36645E+04  -3.84274E+04  -3.49137E+04  -7.50318E+04  -1.52565E+05
   2.68620E-02   2.68216E-03   9.33391E-01   3.63126E-03   3.34332E-02   3.36342E+04  -3.84268E+04  -3.49125E+04  -7.50249E+04  -1.52575E+05
   2.67620E-02   2.68244E-03   9.33487E-01   3.63164E-03   3.34366E-02   3.36038E+04  -3.84263E+04  -3.49113E+04  -7.50180E+04  -1.52584E+05
   2.66620E-02   2.68272E-03   9.33583E-01   3.63201E-03   3.34401E-02   3.35733E+04  -3.84257E+04  -3.49101E+04  -7.50112E+04  -1.52594E+05
   2.65620E-02   2.68299E-03   9.33679E-01   3.63238E-03   3.34435E-02   3.35427E+04  -3.84251E+04  -3.49089E+04  -7.50043E+04  -1.52603E+05
   2.64620E-02   2.68327E-03   9.33775E-01   3.63275E-03   3.34469E-02   3.35120E+04  -3.84245E+04  -3.49077E+04  -7.49974E+04  -1.52613E+05
   2.63620E-02   2.68354E-03   9.33871E-01   3.63313E-03   3.34504E-02   3.34812E+04  -3.84239E+04  -3.49066E+04  -7.49905E+04  -1.52622E+05
   2.62620E-02   2.68382E-03   9.33967E-01   3.63350E-03   3.34538E-02   3.34503E+04  -3.84234E+04  -3.49054E+04  -7.49836E+04  -1.52632E+05
   2.61620E-02   2.68409E-03   9.34063E-01   3.63387E-03   3.34572E-02   3.34193E+04  -3.84228E+04  -3.49042E+04  -7.49768E+04  -1.52642E+05
   2.60620E-02   2.68437E-03   9.34159E-01   3.63425E-03   3.34607E-02   3.33881E+04  -3.84222E+04  -3.49030E+04  -7.49699E+04  -1.52651E+05
   2.59620E-02   2.68464E-03   9.34255E-01   3.63462E-03   3.34641E-02   3.33569E+04  -3.84216E+04  -3.49018E+04  -7.49630E+04  -1.52661E+05
   2.58620E-02   2.68492E-03   9.34351E-01   3.63499E-03   3.34675E-02   3.33256E+04  -3.84211E+04  -3.49007E+04  -7.49562E+04  -1.52670E+05
   2.57620E-02   2.68520E-03   9.34446E-01   3.63537E-03   3.34710E-02   3.32942E+04  -3.84205E+04  -3.48995E+04  -7.49493E+04  -1.52680E+05
   2.56620E-02   2.68547E-03   9.34542E-01   3.63574E-03   3.34744E-02   3.32626E+04  -3.84199E+04  -3.48983E+04  -7.49424E+04  -1.52689E+05
   2.55620E-02   2.68575E-03   9.34638E-01   3.63611E-03   3.34778E-02   3.32309E+04  -3.84194E+04  -3.48971E+04  -7.49356E+04  -1.52699E+05
   2.54620E-02   2.68602E-03   9.34734E-01   3.63649E-03   3.34813E-02   3.31992E+04  -3.84188E+04  -3.48959E+04  -7.49287E+04  -1.52708E+05
   2.53620E-02   2.68630E-03   9.34830E-01   3.63686E-03   3.34847E-02   3.31673E+04  -3.84182E+04  -3.48948E+04  -7.49219E+04  -1.52718E+05
   2.52620E-02   2.68657E-03   9.34926E-01   3.63723E-03   3.34882E-02   3.31353E+04  -3.84176E+04  -3.48936E+04  -7.49150E+04  -1.52727E+05
   2.51620E-02   2.68685E-03   9.35022E-01   3.63761E-03   3.34916E-02   3.31032E+04  -3.84171E+04  -3.48924E+04  -7.49081E+04  -1.52737E+05
   2.50620E-02   2.68713E-03   9.35118E-01   3.63798E-03   3.34950E-02   3.30710E+04  -3.84165E+04  -3.48912E+04  -7.49013E+04  -1.52746E+05
   2.49620E-02   2.68740E-03   9.35214E-01   3.63835E-03   3.34985E-02   3.30387E+04  -3.84159E+04  -3.48900E+04  -7.48944E+04  -1.52756E+05
   2.48620E-02   2.68768E-03   9.35310E-01   3.63872E-03   3.35019E-02   3.30062E+04  -3.84154E+04  -3.48889E+04  -7.48876E+04  -1.52765E+05
   2.47620E-02   2.68795E-03   9.35406E-01   3.63910E-03   3.35053E-02   3.29736E+04  -3.84148E+04  -3.48877E+04  -7.48807E+04  -1.52775E+05
   2.46620E-02   2.68823E-03   9.35502E-01   3.63947E-03   3.35088E-02   3.29410E+04  -3.84143E+04  -3.48865E+04  -7.48739E+04  -1.52784E+05
   2.45620E-02   2.68850E-03   9.35597E-01   3.63984E-03   3.35122E-02   3.29082E+04  -3.84137E+04  -3.48853E+04  -7.48671E+04  -1.52794E+05
   2.44620E-02   2.68878E-03   9.35693E-01   3.64022E-03   3.35156E-02   3.28752E+04  -3.84131E+04  -3.48842E+04  -7.48602E+04  -1.52803E+05
   2.43620E-02   2.68905E-03   9.35789E-01   3.64059E-03   3.35191E-02   3.28422E+04  -3.84126E+04  -3.48830E+04  -7.48534E+04  -1.52813E+05
   2.42620E-02   2.68933E-03   9.35885E-01   3.64096E-03   3.35225E-02   3.28090E+04  -3.84120E+04  -3.48818E+04  -7.48465E+04  -1.52822E+05
   2.41620E-02   2.68961E-03   9.35981E-01   3.64134E-03   3.35259E-02   3.27757E+04  -3.84115E+04  -3.48807E+04  -7.48397E+04  -1.52831E+05
   2.40620E-02   2.68988E-03   9.36077E-01   3.64171E-03   3.35294E-02   3.27423E+04  -3.84109E+04  -3.48795E+04  -7.48329E+04  -1.52841E+05
   2.39620E-02   2.69016E-03   9.36173E-01   3.64208E-03   3.35328E-02   3.27088E+04  -3.84104E+04  -3.48783E+04  -7.48260E+04  -1.52850E+05
   2.38620E-02   2.69043E-03   9.36269E-01   3.64246E-03   3.35363E-02   3.26751E+04  -3.84098E+04  -3.48771E+04  -7.48192E+04  -1.52860E+05
   2.37620E-02   2.69071E-03   9.36365E-01   3.64283E-03   3.35397E-02   3.26413E+04  -3.84092E+04  -3.48760E+04  -7.48124E+04  -1.52869E+05
   2.36620E-02   2.69098E-03   9.36461E-01   3.64320E-03   3.35431E-02   3.26074E+04  -3.84087E+04  -3.48748E+04  -7.48056E+04  -1.52879E+05
   2.35620E-02   2.69126E-03   9.36557E-01   3.64358E-03   3.35466E-02   3.25734E+04  -3.84081E+04  -3.48736E+04  -7.47987E+04  -1.52888E+05
   2.34620E-02   2.69154E-03   9.36653E-01   3.64395E-03   3.35500E-02   3.25392E+04  -3.84076E+04  -3.48725E+04  -7.47919E+04  -1.52898E+05
   2.33620E-02   2.69181E-03   9.36748E-01   3.64432E-03   3.35534E-02   3.25049E+04  -3.84070E+04  -3.48713E+04  -7.47851E+04  -1.52907E+05
   2.32620E-02   2.69209E-03   9.36844E-01   3.64470E-03   3.35569E-02   3.24705E+04  -3.84065E+04  -3.48701E+04  -7.47783E+04  -1.52917E+05
   2.31620E-02   2.69236E-03   9.36940E-01   3.64507E-03   3.35603E-02   3.24359E+04  -3.84059E+04  -3.48690E+04  -7.47715E+04  -1.52926E+05
   2.30620E-02   2.69264E-03   9.37036E-01   3.64544E-03   3.35637E-02   3.24012E+04  -3.84054E+04  -3.48678E+04  -7.47646E+04  -1.52936E+05
   2.29620E-02   2.69291E-03   9.37132E-01   3.64581E-03   3.35672E-02   3.23663E+04  -3.84048E+04  -3.48666E+04  -7.47578E+04  -1.52945E+05
   2.28620E-02   2.69319E-03   9.37228E-01   3.64619E-03   3.35706E-02   3.23313E+04  -3.84043E+04  -3.48655E+04  -7.47510E+04  -1.52955E+05
   2.27620E-02   2.69346E-03   9.37324E-01   3.64656E-03   3.35740E-02   3.22962E+04  -3.84038E+04  -3.48643E+04  -7.47442E+04  -1.52964E+05
   2.26620E-02   2.69374E-03   9.37420E-01   3.64693E-03   3.35775E-02   3.22610E+04  -3.84032E+04  -3.48631E+04  -7.47374E+04  -1.52974E+05
   2.25620E-02   2.69402E-03   9.37516E-01   3.64731E-03   3.35809E-02   3.22256E+04  -3.84027E+04  -3.48620E+04  -7.47306E+04  -1.52983E+05
   2.24620E-02   2.69429E-03   9.37612E-01   3.64768E-03   3.35843E-02   3.21900E+04  -3.84021E+04  -3.48608E+04  -7.47238E+04  -1.52992E+05
   2.23620E-02   2.69457E-03   9.37708E-01   3.64805E-03   3.35878E-02   3.21543E+04  -3.84016E+04  -3.48596E+04  -7.47170E+04  -1.53002E+05
   2.22620E-02   2.69484E-03   9.37803E-01   3.64843E-03   3.35912E-02   3.21185E+04  -3.84010E+04  -3.48585E+04  -7.47102E+04  -1.53011E+05
   2.21620E-02   2.69512E-03   9.37899E-01   3.64880E-03   3.35947E-02   3.20825E+04  -3.84005E+04  -3.48573E+04  -7.47034E+04  -1.53021E+05
   2.20620E-02   2.69539E-03   9.37995E-01   3.64917E-03   3.35981E-02   3.20464E+04  -3.84000E+04  -3.48561E+04  -7.46966E+04  -1.53030E+05
   2.19620E-02   2.69567E-03   9.38091E-01   3.64955E-03   3.36015E-02   3.20101E+04  -3.83994E+04  -3.48550E+04  -7.46898E+04  -1.53040E+05
   2.18620E-02   2.69595E-03   9.38187E-01   3.64992E-03   3.36050E-02   3.19737E+04  -3.83989E+04  -3.48538E+04  -7.46830E+04  -1.53049E+05
   2.17620E-02   2.69622E-03   9.38283E-01   3.65029E-03   3.36084E-02   3.19372E+04  -3.83984E+04  -3.48527E+04  -7.46762E+04  -1.53059E+05
   2.16620E-02   2.69650E-03   9.38379E-01   3.65067E-03   3.36118E-02   3.19004E+04  -3.83978E+04  -3.48515E+04  -7.46694E+04  -1.53068E+05
   2.15620E-02   2.69677E-03   9.38475E-01   3.65104E-03   3.36153E-02   3.18636E+04  -3.83973E+04  -3.48503E+04  -7.46627E+04  -1.53078E+05
   2.14620E-02   2.69705E-03   9.38571E-01   3.65141E-03   3.36187E-02   3.18265E+04  -3.83968E+04  -3.48492E+04  -7.46559E+04  -1.53087E+05
   2.13620E-02   2.69732E-03   9.38667E-01   3.65179E-03   3.36221E-02   3.17893E+04  -3.83962E+04  -3.48480E+04  -7.46491E+04  -1.53096E+05
   2.12620E-02   2.69760E-03   9.38763E-01   3.65216E-03   3.36256E-02   3.17520E+04  -3.83957E+04  -3.48469E+04  -7.46423E+04  -1.53106E+05
   2.11620E-02   2.69787E-03   9.38859E-01   3.65253E-03   3.36290E-02   3.17145E+04  -3.83952E+04  -3.48457E+04  -7.46355E+04  -1.53115E+05
   2.10620E-02   2.69815E-03   9.38954E-01   3.65290E-03   3.36324E-02   3.16768E+04  -3.83946E+04  -3.48445E+04  -7.46288E+04  -1.53125E+05
   2.09620E-02   2.69843E-03   9.39050E-01   3.65328E-03   3.36359E-02   3.16390E+04  -3.83941E+04  -3.48434E+04  -7.46220E+04  -1.53134E+05
   2.08620E-02   2.69870E-03   9.39146E-01   3.65365E-03   3.36393E-02   3.16010E+04  -3.83936E+04  -3.48422E+04  -7.46152E+04  -1.53144E+05
   2.07620E-02   2.69898E-03   9.39242E-01   3.65402E-03   3.36428E-02   3.15628E+04  -3.83930E+04  -3.48411E+04  -7.46084E+04  -1.53153E+05
   2.06620E-02   2.69925E-03   9.39338E-01   3.65440E-03   3.36462E-02   3.15245E+04  -3.83925E+04  -3.48399E+04  -7.46017E+04  -1.53163E+05
   2.05620E-02   2.69953E-03   9.39434E-01   3.65477E-03   3.36496E-02   3.14860E+04  -3.83920E+04  -3.48388E+04  -7.45949E+04  -1.53172E+05
   2.04620E-02   2.69980E-03   9.39530E-01   3.65514E-03   3.36531E-02   3.14473E+04  -3.83915E+04  -3.48376E+04  -7.45881E+04  -1.53181E+05
   2.03620E-02   2.70008E-03   9.39626E-01   3.65552E-03   3.36565E-02   3.14084E+04  -3.83910E+04  -3.48365E+04  -7.45814E+04  -1.53191E+05
   2.02620E-02   2.70036E-03   9.39722E-01   3.65589E-03   3.36599E-02   3.13694E+04  -3.83904E+04  -3.48353E+04  -7.45746E+04  -1.53200E+05
   2.01620E-02   2.70063E-03   9.39818E-01   3.65626E-03   3.36634E-02   3.13302E+04  -3.83899E+04  -3.48342E+04  -7.45679E+04  -1.53210E+05
   2.00620E-02   2.70091E-03   9.39914E-01   3.65664E-03   3.36668E-02   3.12908E+04  -3.83894E+04  -3.48330E+04  -7.45611E+04  -1.53219E+05
   1.99620E-02   2.70118E-03   9.40010E-01   3.65701E-03   3.36702E-02   3.12513E+04  -3.83889E+04  -3.48318E+04  -7.45543E+04  -1.53229E+05
   1.98620E-02   2.70146E-03   9.40105E-01   3.65738E-03   3.36737E-02   3.12116E+04  -3.83883E+04  -3.48307E+04  -7.45476E+04  -1.53238E+05
   1.97620E-02   2.70173E-03   9.40201E-01   3.65776E-03   3.36771E-02   3.11716E+04  -3.83878E+04  -3.48295E+04  -7.45408E+04  -1.53247E+05
   1.96620E-02   2.70201E-03   9.40297E-01   3.65813E-03   3.36805E-02   3.11315E+04  -3.83873E+04  -3.48284E+04  -7.45341E+04  -1.53257E+05
   1.95620E-02   2.70228E-03   9.40393E-01   3.65850E-03   3.36840E-02   3.10912E+04  -3.83868E+04  -3.48272E+04  -7.45273E+04  -1.53266E+05
   1.94620E-02   2.70256E-03   9.40489E-01   3.65888E-03   3.36874E-02   3.10508E+04  -3.83863E+04  -3.48261E+04  -7.45206E+04  -1.53276E+05
   1.93620E-02   2.70284E-03   9.40585E-01   3.65925E-03   3.36909E-02   3.10101E+04  -3.83858E+04  -3.48249E+04  -7.45138E+04  -1.53285E+05
   1.92620E-02   2.70311E-03   9.40681E-01   3.65962E-03   3.36943E-02   3.09692E+04  -3.83853E+04  -3.48238E+04  -7.45071E+04  -1.53294E+05
   1.91620E-02   2.70339E-03   9.40777E-01   3.65999E-03   3.36977E-02   3.09282E+04  -3.83847E+04  -3.48226E+04  -7.45004E+04  -1.53304E+05
   1.90620E-02   2.70366E-03   9.40873E-01   3.66037E-03   3.37012E-02   3.08869E+04  -3.83842E+04  -3.48215E+04  -7.44936E+04  -1.53313E+05
   1.89620E-02   2.70394E-03   9.40969E-01   3.66074E-03   3.37046E-02   3.08454E+04  -3.83837E+04  -3.48204E+04  -7.44869E+04  -1.53323E+05
   1.88620E-02   2.70421E-03   9.41065E-01   3.66111E-03   3.37080E-02   3.08038E+04  -3.83832E+04  -3.48192E+04  -7.44802E+04  -1.53332E+05
   1.87620E-02   2.70449E-03   9.41161E-01   3.66149E-03   3.37115E-02   3.07619E+04  -3.83827E+04  -3.48181E+04  -7.44734E+04  -1.53341E+05
   1.86620E-02   2.70477E-03   9.41256E-01   3.66186E-03   3.37149E-02   3.07199E+04  -3.83822E+04  -3.48169E+04  -7.44667E+04  -1.53351E+05
   1.85620E-02   2.70504E-03   9.41352E-01   3.66223E-03   3.37183E-02   3.06776E+04  -3.83817E+04  -3.48158E+04  -7.44600E+04  -1.53360E+05
   1.84620E-02   2.70532E-03   9.41448E-01   3.66261E-03   3.37218E-02   3.06351E+04  -3.83812E+04  -3.48146E+04  -7.44532E+04  -1.53370E+05
   1.83620E-02   2.70559E-03   9.41544E-01   3.66298E-03   3.37252E-02   3.05924E+04  -3.83807E+04  -3.48135E+04  -7.44465E+04  -1.53379E+05
   1.82620E-02   2.70587E-03   9.41640E-01   3.66335E-03   3.37286E-02   3.05495E+04  -3.83802E+04  -3.48123E+04  -7.44398E+04  -1.53389E+05
   1.81620E-02   2.70614E-03   9.41736E-01   3.66373E-03   3.37321E-02   3.05064E+04  -3.83797E+04  -3.48112E+04  -7.44331E+04  -1.53398E+05
   1.80620E-02   2.70642E-03   9.41832E-01   3.66410E-03   3.37355E-02   3.04630E+04  -3.83792E+04  -3.48101E+04  -7.44263E+04  -1.53407E+05
   1.79620E-02   2.70669E-03   9.41928E-01   3.66447E-03   3.37390E-02   3.04194E+04  -3.83787E+04  -3.48089E+04  -7.44196E+04  -1.53417E+05
   1.78620E-02   2.70697E-03   9.42024E-01   3.66485E-03   3.37424E-02   3.03756E+04  -3.83782E+04  -3.48078E+04  -7.44129E+04  -1.53426E+05
   1.77620E-02   2.70725E-03   9.42120E-01   3.66522E-03   3.37458E-02   3.03316E+04  -3.83777E+04  -3.48066E+04  -7.44062E+04  -1.53435E+05
   1.76620E-02   2.70752E-03   9.42216E-01   3.66559E-03   3.37493E-02   3.02874E+04  -3.83772E+04  -3.48055E+04  -7.43995E+04  -1.53445E+05
   1.75620E-02   2.70780E-03   9.42312E-01   3.66596E-03   3.37527E-02   3.02429E+04  -3.83767E+04  -3.48043E+04  -7.43928E+04  -1.53454E+05
   1.74620E-02   2.70807E-03   9.42407E-01   3.66634E-03   3.37561E-02   3.01982E+04  -3.83762E+04  -3.48032E+04  -7.43861E+04  -1.53464E+05
   1.73620E-02   2.70835E-03   9.42503E-01   3.66671E-03   3.37596E-02   3.01532E+04  -3.83757E+04  -3.48021E+04  -7.43794E+04  -1.53473E+05
   1.72620E-02   2.70862E-03   9.42599E-01   3.66708E-03   3.37630E-02   3.01080E+04  -3.83752E+04  -3.48009E+04  -7.43726E+04  -1.53482E+05
   1.71620E-02   2.70890E-03   9.42695E-01   3.66746E-03   3.37664E-02   3.00626E+04  -3.83747E+04  -3.47998E+04  -7.43659E+04  -1.53492E+05
   1.70620E-02   2.70918E-03   9.42791E-01   3.66783E-03   3.37699E-02   3.00169E+04  -3.83742E+04  -3.47987E+04  -7.43592E+04  -1.53501E+05
   1.69620E-02   2.70945E-03   9.42887E-01   3.66820E-03   3.37733E-02   2.99710E+04  -3.83737E+04  -3.47975E+04  -7.43525E+04  -1.53511E+05
   1.68620E-02   2.70973E-03   9.42983E-01   3.66858E-03   3.37767E-02   2.99248E+04  -3.83732E+04  -3.47964E+04  -7.43458E+04  -1.53520E+05
   1.67620E-02   2.71000E-03   9.43079E-01   3.66895E-03   3.37802E-02   2.98783E+04  -3.83727E+04  -3.47952E+04  -7.43391E+04  -1.53529E+05
   1.66620E-02   2.71028E-03   9.43175E-01   3.66932E-03   3.37836E-02   2.98316E+04  -3.83722E+04  -3.47941E+04  -7.43325E+04  -1.53539E+05
   1.65620E-02   2.71055E-03   9.43271E-01   3.66970E-03   3.37870E-02   2.97847E+04  -3.83717E+04  -3.47930E+04  -7.43258E+04  -1.53548E+05
   1.64620E-02   2.71083E-03   9.43367E-01   3.67007E-03   3.37905E-02   2.97374E+04  -3.83712E+04  -3.47918E+04  -7.43191E+04  -1.53557E+05
   1.63620E-02   2.71110E-03   9.43463E-01   3.67044E-03   3.37939E-02   2.96900E+04  -3.83708E+04  -3.47907E+04  -7.43124E+04  -1.53567E+05
   1.62620E-02   2.71138E-03   9.43558E-01   3.67082E-03   3.37974E-02   2.96422E+04  -3.83703E+04  -3.47896E+04  -7.43057E+04  -1.53576E+05
   1.61620E-02   2.71166E-03   9.43654E-01   3.67119E-03   3.38008E-02   2.95942E+04  -3.83698E+04  -3.47884E+04  -7.42990E+04  -1.53586E+05
   1.60620E-02   2.71193E-03   9.43750E-01   3.67156E-03   3.38042E-02   2.95458E+04  -3.83693E+04  -3.47873E+04  -7.42923E+04  -1.53595E+05
   1.59620E-02   2.71221E-03   9.43846E-01   3.67194E-03   3.38077E-02   2.94972E+04  -3.83688E+04  -3.47862E+04  -7.42856E+04  -1.53604E+05
   1.58620E-02   2.71248E-03   9.43942E-01   3.67231E-03   3.38111E-02   2.94484E+04  -3.83683E+04  -3.47850E+04  -7.42790E+04  -1.53614E+05
   1.57620E-02   2.71276E-03   9.44038E-01   3.67268E-03   3.38145E-02   2.93992E+04  -3.83679E+04  -3.47839E+04  -7.42723E+04  -1.53623E+05
   1.56620E-02   2.71303E-03   9.44134E-01   3.67305E-03   3.38180E-02   2.93497E+04  -3.83674E+04  -3.47828E+04  -7.42656E+04  -1.53632E+05
   1.55620E-02   2.71331E-03   9.44230E-01   3.67343E-03   3.38214E-02   2.93000E+04  -3.83669E+04  -3.47816E+04  -7.42589E+04  -1.53642E+05
   1.54620E-02   2.71358E-03   9.44326E-01   3.67380E-03   3.38248E-02   2.92499E+04  -3.83664E+04  -3.47805E+04  -7.42523E+04  -1.53651E+05
   1.53620E-02   2.71386E-03   9.44422E-01   3.67417E-03   3.38283E-02   2.91996E+04  -3.83659E+04  -3.47794E+04  -7.42456E+04  -1.53660E+05
   1.52620E-02   2.71414E-03   9.44518E-01   3.67455E-03   3.38317E-02   2.91489E+04  -3.83655E+04  -3.47783E+04  -7.42389E+04  -1.53670E+05
   1.51620E-02   2.71441E-03   9.44614E-01   3.67492E-03   3.38351E-02   2.90980E+04  -3.83650E+04  -3.47771E+04  -7.42323E+04  -1.53679E+05
   1.50620E-02   2.71469E-03   9.44709E-01   3.67529E-03   3.38386E-02   2.90467E+04  -3.83645E+04  -3.47760E+04  -7.42256E+04  -1.53689E+05
   1.49620E-02   2.71496E-03   9.44805E-01   3.67567E-03   3.38420E-02   2.89951E+04  -3.83640E+04  -3.47749E+04  -7.42189E+04  -1.53698E+05
   1.48620E-02   2.71524E-03   9.44901E-01   3.67604E-03   3.38455E-02   2.89431E+04  -3.83636E+04  -3.47737E+04  -7.42123E+04  -1.53707E+05
   1.47620E-02   2.71551E-03   9.44997E-01   3.67641E-03   3.38489E-02   2.88909E+04  -3.83631E+04  -3.47726E+04  -7.42056E+04  -1.53717E+05
   1.46620E-02   2.71579E-03   9.45093E-01   3.67679E-03   3.38523E-02   2.88383E+04  -3.83626E+04  -3.47715E+04  -7.41990E+04  -1.53726E+05
   1.45620E-02   2.71607E-03   9.45189E-01   3.67716E-03   3.38558E-02   2.87853E+04  -3.83621E+04  -3.47704E+04  -7.41923E+04  -1.53735E+05
   1.44620E-02   2.71634E-03   9.45285E-01   3.67753E-03   3.38592E-02   2.87321E+04  -3.83617E+04  -3.47692E+04  -7.41857E+04  -1.53745E+05
   1.43620E-02   2.71662E-03   9.45381E-01   3.67791E-03   3.38626E-02   2.86785E+04  -3.83612E+04  -3.47681E+04  -7.41790E+04  -1.53754E+05
   1.42620E-02   2.71689E-03   9.45477E-01   3.67828E-03   3.38661E-02   2.86245E+04  -3.83607E+04  -3.47670E+04  -7.41724E+04  -1.53763E+05
   1.41620E-02   2.71717E-03   9.45573E-01   3.67865E-03   3.38695E-02   2.85702E+04  -3.83603E+04  -3.47659E+04  -7.41657E+04  -1.53773E+05
   1.40620E-02   2.71744E-03   9.45669E-01   3.67903E-03   3.38729E-02   2.85155E+04  -3.83598E+04  -3.47647E+04  -7.41591E+04  -1.53782E+05
   1.39620E-02   2.71772E-03   9.45764E-01   3.67940E-03   3.38764E-02   2.84604E+04  -3.83593E+04  -3.47636E+04  -7.41524E+04  -1.53791E+05
   1.38620E-02   2.71799E-03   9.45860E-01   3.67977E-03   3.38798E-02   2.84050E+04  -3.83589E+04  -3.47625E+04  -7.41458E+04  -1.53801E+05
   1.37620E-02   2.71827E-03   9.45956E-01   3.68014E-03   3.38832E-02   2.83492E+04  -3.83584E+04  -3.47614E+04  -7.41391E+04  -1.53810E+05
   1.36620E-02   2.71855E-03   9.46052E-01   3.68052E-03   3.38867E-02   2.82930E+04  -3.83579E+04  -3.47603E+04  -7.41325E+04  -1.53819E+05
   1.35620E-02   2.71882E-03   9.46148E-01   3.68089E-03   3.38901E-02   2.82364E+04  -3.83575E+04  -3.47591E+04  -7.41259E+04  -1.53829E+05
   1.34620E-02   2.71910E-03   9.46244E-01   3.68126E-03   3.38936E-02   2.81795E+04  -3.83570E+04  -3.47580E+04  -7.41192E+04  -1.53838E+05
   1.33620E-02   2.71937E-03   9.46340E-01   3.68164E-03   3.38970E-02   2.81221E+04  -3.83565E+04  -3.47569E+04  -7.41126E+04  -1.53847E+05
   1.32620E-02   2.71965E-03   9.46436E-01   3.68201E-03   3.39004E-02   2.80643E+04  -3.83561E+04  -3.47558E+04  -7.41060E+04  -1.53857E+05
   1.31620E-02   2.71992E-03   9.46532E-01   3.68238E-03   3.39039E-02   2.80061E+04  -3.83556E+04  -3.47546E+04  -7.40993E+04  -1.53866E+05
   1.30620E-02   2.72020E-03   9.46628E-01   3.68276E-03   3.39073E-02   2.79475E+04  -3.83552E+04  -3.47535E+04  -7.40927E+04  -1.53875E+05
   1.29620E-02   2.72048E-03   9.46724E-01   3.68313E-03   3.39107E-02   2.78885E+04  -3.83547E+04  -3.47524E+04  -7.40861E+04  -1.53885E+05
   1.28620E-02   2.72075E-03   9.46820E-01   3.68350E-03   3.39142E-02   2.78290E+04  -3.83542E+04  -3.47513E+04  -7.40795E+04  -1.53894E+05
   1.27620E-02   2.72103E-03   9.46915E-01   3.68388E-03   3.39176E-02   2.77691E+04  -3.83538E+04  -3.47502E+04  -7.40728E+04  -1.53903E+05
   1.26620E-02   2.72130E-03   9.47011E-01   3.68425E-03   3.39210E-02   2.77088E+04  -3.83533E+04  -3.47491E+04  -7.40662E+04  -1.53913E+05
   1.25620E-02   2.72158E-03   9.47107E-01   3.68462E-03   3.39245E-02   2.76480E+04  -3.83529E+04  -3.47479E+04  -7.40596E+04  -1.53922E+05
   1.24620E-02   2.72185E-03   9.47203E-01   3.68500E-03   3.39279E-02   2.75867E+04  -3.83524E+04  -3.47468E+04  -7.40530E+04  -1.53931E+05
   1.23620E-02   2.72213E-03   9.47299E-01   3.68537E-03   3.39313E-02   2.75250E+04  -3.83520E+04  -3.47457E+04  -7.40464E+04  -1.53941E+05
   1.22620E-02   2.72240E-03   9.47395E-01   3.68574E-03   3.39348E-02   2.74628E+04  -3.83515E+04  -3.47446E+04  -7.40397E+04  -1.53950E+05
   1.21620E-02   2.72268E-03   9.47491E-01   3.68611E-03   3.39382E-02   2.74001E+04  -3.83511E+04  -3.47435E+04  -7.40331E+04  -1.53959E+05
   1.20620E-02   2.72296E-03   9.47587E-01   3.68649E-03   3.39417E-02   2.73370E+04  -3.83506E+04  -3.47424E+04  -7.40265E+04  -1.53969E+05
   1.19620E-02   2.72323E-03   9.47683E-01   3.68686E-03   3.39451E-02   2.72733E+04  -3.83502E+04  -3.47413E+04  -7.40199E+04  -1.53978E+05
   1.18620E-02   2.72351E-03   9.47779E-01   3.68723E-03   3.39485E-02   2.72091E+04  -3.83497E+04  -3.47401E+04  -7.40133E+04  -1.53987E+05
   1.17620E-02   2.72378E-03   9.47875E-01   3.68761E-03   3.39520E-02   2.71444E+04  -3.83493E+04  -3.47390E+04  -7.40067E+04  -1.53996E+05
   1.16620E-02   2.72406E-03   9.47971E-01   3.68798E-03   3.39554E-02   2.70792E+04  -3.83488E+04  -3.47379E+04  -7.40001E+04  -1.54006E+05
   1.15620E-02   2.72433E-03   9.48066E-01   3.68835E-03   3.39588E-02   2.70135E+04  -3.83484E+04  -3.47368E+04  -7.39935E+04  -1.54015E+05
   1.14620E-02   2.72461E-03   9.48162E-01   3.68873E-03   3.39623E-02   2.69472E+04  -3.83479E+04  -3.47357E+04  -7.39869E+04  -1.54024E+05
   1.13620E-02   2.72489E-03   9.48258E-01   3.68910E-03   3.39657E-02   2.68803E+04  -3.83475E+04  -3.47346E+04  -7.39803E+04  -1.54034E+05
   1.12620E-02   2.72516E-03   9.48354E-01   3.68947E-03   3.39691E-02   2.68129E+04  -3.83471E+04  -3.47335E+04  -7.39737E+04  -1.54043E+05
   1.11620E-02   2.72544E-03   9.48450E-01   3.68985E-03   3.39726E-02   2.67450E+04  -3.83466E+04  -3.47324E+04  -7.39671E+04  -1.54052E+05
   1.10620E-02   2.72571E-03   9.48546E-01   3.69022E-03   3.39760E-02   2.66764E+04  -3.83462E+04  -3.47313E+04  -7.39605E+04  -1.54062E+05
   1.09620E-02   2.72599E-03   9.48642E-01   3.69059E-03   3.39794E-02   2.66073E+04  -3.83457E+04  -3.47301E+04  -7.39539E+04  -1.54071E+05
   1.08620E-02   2.72626E-03   9.48738E-01   3.69097E-03   3.39829E-02   2.65375E+04  -3.83453E+04  -3.47290E+04  -7.39474E+04  -1.54080E+05
   1.07620E-02   2.72654E-03   9.48834E-01   3.69134E-03   3.39863E-02   2.64671E+04  -3.83448E+04  -3.47279E+04  -7.39408E+04  -1.54090E+05
   1.06620E-02   2.72681E-03   9.48930E-01   3.69171E-03   3.39898E-02   2.63961E+04  -3.83444E+04  -3.47268E+04  -7.39342E+04  -1.54099E+05
   1.05620E-02   2.72709E-03   9.49026E-01   3.69209E-03   3.39932E-02   2.63245E+04  -3.83440E+04  -3.47257E+04  -7.39276E+04  -1.54108E+05
   1.04620E-02   2.72737E-03   9.49122E-01   3.69246E-03   3.39966E-02   2.62522E+04  -3.83435E+04  -3.47246E+04  -7.39210E+04  -1.54117E+05
   1.03620E-02   2.72764E-03   9.49217E-01   3.69283E-03   3.40001E-02   2.61793E+04  -3.83431E+04  -3.47235E+04  -7.39144E+04  -1.54127E+05
   1.02620E-02   2.72792E-03   9.49313E-01   3.69320E-03   3.40035E-02   2.61057E+04  -3.83427E+04  -3.47224E+04  -7.39079E+04  -1.54136E+05
   1.01620E-02   2.72819E-03   9.49409E-01   3.69358E-03   3.40069E-02   2.60313E+04  -3.83422E+04  -3.47213E+04  -7.39013E+04  -1.54145E+05
   1.00620E-02   2.72847E-03   9.49505E-01   3.69395E-03   3.40104E-02   2.59563E+04  -3.83418E+04  -3.47202E+04  -7.38947E+04  -1.54155E+05
   9.96201E-03   2.72874E-03   9.49601E-01   3.69432E-03   3.40138E-02   2.58806E+04  -3.83414E+04  -3.47191E+04  -7.38882E+04  -1.54164E+05
   9.86201E-03   2.72902E-03   9.49697E-01   3.69470E-03   3.40172E-02   2.58041E+04  -3.83409E+04  -3.47180E+04  -7.38816E+04  -1.54173E+05
   9.76201E-03   2.72930E-03   9.49793E-01   3.69507E-03   3.40207E-02   2.57269E+04  -3.83405E+04  -3.47169E+04  -7.38750E+04  -1.54182E+05
   9.66201E-03   2.72957E-03   9.49889E-01   3.69544E-03   3.40241E-02   2.56490E+04  -3.83401E+04  -3.47158E+04  -7.38684E+04  -1.54192E+05
   9.56201E-03   2.72985E-03   9.49985E-01   3.69582E-03   3.40275E-02   2.55702E+04  -3.83396E+04  -3.47147E+04  -7.38619E+04  -1.54201E+05
   9.46201E-03   2.73012E-03   9.50081E-01   3.69619E-03   3.40310E-02   2.54907E+04  -3.83392E+04  -3.47136E+04  -7.38553E+04  -1.54210E+05
   9.36201E-03   2.73040E-03   9.50177E-01   3.69656E-03   3.40344E-02   2.54103E+04  -3.83388E+04  -3.47125E+04  -7.38488E+04  -1.54219E+05
   9.26201E-03   2.73067E-03   9.50273E-01   3.69694E-03   3.40378E-02   2.53292E+04  -3.83384E+04  -3.47114E+04  -7.38422E+04  -1.54229E+05
   9.16201E-03   2.73095E-03   9.50368E-01   3.69731E-03   3.40413E-02   2.52471E+04  -3.83379E+04  -3.47103E+04  -7.38356E+04  -1.54238E+05
   9.06201E-03   2.73122E-03   9.50464E-01   3.69768E-03   3.40447E-02   2.51642E+04  -3.83375E+04  -3.47092E+04  -7.38291E+04  -1.54247E+05
   8.96201E-03   2.73150E-03   9.50560E-01   3.69806E-03   3.40482E-02   2.50805E+04  -3.83371E+04  -3.47081E+04  -7.38225E+04  -1.54257E+05
   8.86201E-03   2.73178E-03   9.50656E-01   3.69843E-03   3.40516E-02   2.49958E+04  -3.83367E+04  -3.47070E+04  -7.38160E+04  -1.54266E+05
   8.76201E-03   2.73205E-03   9.50752E-01   3.69880E-03   3.40550E-02   2.49102E+04  -3.83362E+04  -3.47059E+04  -7.38094E+04  -1.54275E+05
   8.66201E-03   2.73233E-03   9.50848E-01   3.69918E-03   3.40585E-02   2.48237E+04  -3.83358E+04  -3.47048E+04  -7.38029E+04  -1.54284E+05
   8.56201E-03   2.73260E-03   9.50944E-01   3.69955E-03   3.40619E-02   2.47362E+04  -3.83354E+04  -3.47037E+04  -7.37963E+04  -1.54294E+05
   8.46201E-03   2.73288E-03   9.51040E-01   3.69992E-03   3.40653E-02   2.46477E+04  -3.83350E+04  -3.47026E+04  -7.37898E+04  -1.54303E+05
   8.36201E-03   2.73315E-03   9.51136E-01   3.70029E-03   3.40688E-02   2.45581E+04  -3.83346E+04  -3.47015E+04  -7.37833E+04  -1.54312E+05
   8.26201E-03   2.73343E-03   9.51232E-01   3.70067E-03   3.40722E-02   2.44676E+04  -3.83341E+04  -3.47004E+04  -7.37767E+04  -1.54321E+05
   8.16201E-03   2.73371E-03   9.51328E-01   3.70104E-03   3.40756E-02   2.43760E+04  -3.83337E+04  -3.46993E+04  -7.37702E+04  -1.54331E+05
   8.06201E-03   2.73398E-03   9.51424E-01   3.70141E-03   3.40791E-02   2.42833E+04  -3.83333E+04  -3.46982E+04  -7.37636E+04  -1.54340E+05
   7.96201E-03   2.73426E-03   9.51519E-01   3.70179E-03   3.40825E-02   2.41895E+04  -3.83329E+04  -3.46971E+04  -7.37571E+04  -1.54349E+05
   7.86201E-03   2.73453E-03   9.51615E-01   3.70216E-03   3.40859E-02   2.40945E+04  -3.83325E+04  -3.46960E+04  -7.37506E+04  -1.54358E+05
   7.76201E-03   2.73481E-03   9.51711E-01   3.70253E-03   3.40894E-02   2.39984E+04  -3.83321E+04  -3.46949E+04  -7.37440E+04  -1.54368E+05
   7.66201E-03   2.73508E-03   9.51807E-01   3.70291E-03   3.40928E-02   2.39010E+04  -3.83317E+04  -3.46938E+04  -7.37375E+04  -1.54377E+05
   7.56201E-03   2.73536E-03   9.51903E-01   3.70328E-03   3.40963E-02   2.38024E+04  -3.83312E+04  -3.46927E+04  -7.37310E+04  -1.54386E+05
   7.46201E-03   2.73563E-03   9.51999E-01   3.70365E-03   3.40997E-02   2.37026E+04  -3.83308E+04  -3.46916E+04  -7.37245E+04  -1.54395E+05
   7.36201E-03   2.73591E-03   9.52095E-01   3.70403E-03   3.41031E-02   2.36014E+04  -3.83304E+04  -3.46905E+04  -7.37179E+04  -1.54405E+05
   7.26201E-03   2.73619E-03   9.52191E-01   3.70440E-03   3.41066E-02   2.34989E+04  -3.83300E+04  -3.46894E+04  -7.37114E+04  -1.54414E+05
   7.16201E-03   2.73646E-03   9.52287E-01   3.70477E-03   3.41100E-02   2.33951E+04  -3.83296E+04  -3.46884E+04  -7.37049E+04  -1.54423E+05
   7.06201E-03   2.73674E-03   9.52383E-01   3.70515E-03   3.41134E-02   2.32898E+04  -3.83292E+04  -3.46873E+04  -7.36984E+04  -1.54432E+05
   6.96201E-03   2.73701E-03   9.52479E-01   3.70552E-03   3.41169E-02   2.31831E+04  -3.83288E+04  -3.46862E+04  -7.36919E+04  -1.54442E+05
   6.86201E-03   2.73729E-03   9.52575E-01   3.70589E-03   3.41203E-02   2.30748E+04  -3.83284E+04  -3.46851E+04  -7.36853E+04  -1.54451E+05
   6.76201E-03   2.73756E-03   9.52670E-01   3.70627E-03   3.41237E-02   2.29650E+04  -3.83280E+04  -3.46840E+04  -7.36788E+04  -1.54460E+05
   6.66201E-03   2.73784E-03   9.52766E-01   3.70664E-03   3.41272E-02   2.28537E+04  -3.83276E+04  -3.46829E+04  -7.36723E+04  -1.54469E+05
   6.56201E-03   2.73812E-03   9.52862E-01   3.70701E-03   3.41306E-02   2.27407E+04  -3.83272E+04  -3.46818E+04  -7.36658E+04  -1.54479E+05
   6.46201E-03   2.73839E-03   9.52958E-01   3.70738E-03   3.41340E-02   2.26260E+04  -3.83268E+04  -3.46807E+04  -7.36593E+04  -1.54488E+05
   6.36201E-03   2.73867E-03   9.53054E-01   3.70776E-03   3.41375E-02   2.25096E+04  -3.83264E+04  -3.46796E+04  -7.36528E+04  -1.54497E+05
   6.26201E-03   2.73894E-03   9.53150E-01   3.70813E-03   3.41409E-02   2.23914E+04  -3.83260E+04  -3.46786E+04  -7.36463E+04  -1.54506E+05
   6.16201E-03   2.73922E-03   9.53246E-01   3.70850E-03   3.41444E-02   2.22713E+04  -3.83256E+04  -3.46775E+04  -7.36398E+04  -1.54516E+05
   6.06201E-03   2.73949E-03   9.53342E-01   3.70888E-03   3.41478E-02   2.21493E+04  -3.83252E+04  -3.46764E+04  -7.36333E+04  -1.54525E+05
   5.96201E-03   2.73977E-03   9.53438E-01   3.70925E-03   3.41512E-02   2.20254E+04  -3.83248E+04  -3.46753E+04  -7.36268E+04  -1.54534E+05
   5.86201E-03   2.74004E-03   9.53534E-01   3.70962E-03   3.41547E-02   2.18994E+04  -3.83244E+04  -3.46742E+04  -7.36203E+04  -1.54543E+05
   5.76201E-03   2.74032E-03   9.53630E-01   3.71000E-03   3.41581E-02   2.17713E+04  -3.83240E+04  -3.46731E+04  -7.36138E+04  -1.54552E+05
   5.66201E-03   2.74060E-03   9.53725E-01   3.71037E-03   3.41615E-02   2.16410E+04  -3.83236E+04  -3.46720E+04  -7.36073E+04  -1.54562E+05
   5.56201E-03   2.74087E-03   9.53821E-01   3.71074E-03   3.41650E-02   2.15084E+04  -3.83232E+04  -3.46710E+04  -7.36008E+04  -1.54571E+05
   5.46201E-03   2.74115E-03   9.53917E-01   3.71112E-03   3.41684E-02   2.13735E+04  -3.83228E+04  -3.46699E+04  -7.35943E+04  -1.54580E+05
   5.36201E-03   2.74142E-03   9.54013E-01   3.71149E-03   3.41718E-02   2.12362E+04  -3.83224E+04  -3.46688E+04  -7.35878E+04  -1.54589E+05
   5.26201E-03   2.74170E-03   9.54109E-01   3.71186E-03   3.41753E-02   2.10963E+04  -3.83220E+04  -3.46677E+04  -7.35813E+04  -1.54599E+05
   5.16201E-03   2.74197E-03   9.54205E-01   3.71224E-03   3.41787E-02   2.09538E+04  -3.83216E+04  -3.46666E+04  -7.35748E+04  -1.54608E+05
   5.06201E-03   2.74225E-03   9.54301E-01   3.71261E-03   3.41821E-02   2.08086E+04  -3.83212E+04  -3.46655E+04  -7.35684E+04  -1.54617E+05
   4.96201E-03   2.74253E-03   9.54397E-01   3.71298E-03   3.41856E-02   2.06606E+04  -3.83208E+04  -3.46645E+04  -7.35619E+04  -1.54626E+05
   4.86201E-03   2.74280E-03   9.54493E-01   3.71335E-03   3.41890E-02   2.05096E+04  -3.83204E+04  -3.46634E+04  -7.35554E+04  -1.54635E+05
   4.76201E-03   2.74308E-03   9.54589E-01   3.71373E-03   3.41925E-02   2.03555E+04  -3.83200E+04  -3.46623E+04  -7.35489E+04  -1.54645E+05
   4.66201E-03   2.74335E-03   9.54685E-01   3.71410E-03   3.41959E-02   2.01983E+04  -3.83197E+04  -3.46612E+04  -7.35425E+04  -1.54654E+05
   4.56201E-03   2.74363E-03   9.54781E-01   3.71447E-03   3.41993E-02   2.00377E+04  -3.83193E+04  -3.46601E+04  -7.35360E+04  -1.54663E+05
   4.46201E-03   2.74390E-03   9.54876E-01   3.71485E-03   3.42028E-02   1.98736E+04  -3.83189E+04  -3.46591E+04  -7.35295E+04  -1.54672E+05
   4.36201E-03   2.74418E-03   9.54972E-01   3.71522E-03   3.42062E-02   1.97058E+04  -3.83185E+04  -3.46580E+04  -7.35230E+04  -1.54681E+05
   4.26201E-03   2.74445E-03   9.55068E-01   3.71559E-03   3.42096E-02   1.95343E+04  -3.83181E+04  -3.46569E+04  -7.35166E+04  -1.54691E+05
   4.16201E-03   2.74473E-03   9.55164E-01   3.71597E-03   3.42131E-02   1.93587E+04  -3.83177E+04  -3.46558E+04  -7.35101E+04  -1.54700E+05
   4.06201E-03   2.74501E-03   9.55260E-01   3.71634E-03   3.42165E-02   1.91790E+04  -3.83173E+04  -3.46548E+04  -7.35036E+04  -1.54709E+05
   3.96201E-03   2.74528E-03   9.55356E-01   3.71671E-03   3.42199E-02   1.89948E+04  -3.83170E+04  -3.46537E+04  -7.34972E+04  -1.54718E+05
   3.86201E-03   2.74556E-03   9.55452E-01   3.71709E-03   3.42234E-02   1.88061E+04  -3.83166E+04  -3.46526E+04  -7.34907E+04  -1.54727E+05
   3.76201E-03   2.74583E-03   9.55548E-01   3.71746E-03   3.42268E-02   1.86124E+04  -3.83162E+04  -3.46515E+04  -7.34842E+04  -1.54737E+05
   3.66201E-03   2.74611E-03   9.55644E-01   3.71783E-03   3.42302E-02   1.84136E+04  -3.83158E+04  -3.46504E+04  -7.34778E+04  -1.54746E+05
   3.56201E-03   2.74638E-03   9.55740E-01   3.71821E-03   3.42337E-02   1.82095E+04  -3.83154E+04  -3.46494E+04  -7.34713E+04  -1.54755E+05
   3.46201E-03   2.74666E-03   9.55836E-01   3.71858E-03   3.42371E-02   1.79996E+04  -3.83151E+04  -3.46483E+04  -7.34649E+04  -1.54764E+05
   3.36201E-03   2.74694E-03   9.55932E-01   3.71895E-03   3.42405E-02   1.77836E+04  -3.83147E+04  -3.46472E+04  -7.34584E+04  -1.54773E+05
   3.26201E-03   2.74721E-03   9.56027E-01   3.71933E-03   3.42440E-02   1.75612E+04  -3.83143E+04  -3.46462E+04  -7.34520E+04  -1.54783E+05
   3.16201E-03   2.74749E-03   9.56123E-01   3.71970E-03   3.42474E-02   1.73320E+04  -3.83139E+04  -3.46451E+04  -7.34455E+04  -1.54792E+05
   3.06201E-03   2.74776E-03   9.56219E-01   3.72007E-03   3.42509E-02   1.70955E+04  -3.83136E+04  -3.46440E+04  -7.34391E+04  -1.54801E+05
   2.96201E-03   2.74804E-03   9.56315E-01   3.72044E-03   3.42543E-02   1.68513E+04  -3.83132E+04  -3.46429E+04  -7.34326E+04  -1.54810E+05
   2.86201E-03   2.74831E-03   9.56411E-01   3.72082E-03   3.42577E-02   1.65988E+04  -3.83128E+04  -3.46419E+04  -7.34262E+04  -1.54819E+05
   2.76201E-03   2.74859E-03   9.56507E-01   3.72119E-03   3.42612E-02   1.63374E+04  -3.83124E+04  -3.46408E+04  -7.34197E+04  -1.54829E+05
   2.66201E-03   2.74886E-03   9.56603E-01   3.72156E-03   3.42646E-02   1.60665E+04  -3.83121E+04  -3.46397E+04  -7.34133E+04  -1.54838E+05
   2.56201E-03   2.74914E-03   9.56699E-01   3.72194E-03   3.42680E-02   1.57853E+04  -3.83117E+04  -3.46387E+04  -7.34069E+04  -1.54847E+05
   2.46201E-03   2.74942E-03   9.56795E-01   3.72231E-03   3.42715E-02   1.54931E+04  -3.83113E+04  -3.46376E+04  -7.34004E+04  -1.54856E+05
   2.36201E-03   2.74969E-03   9.56891E-01   3.72268E-03   3.42749E-02   1.51889E+04  -3.83110E+04  -3.46365E+04  -7.33940E+04  -1.54865E+05
   2.26201E-03   2.74997E-03   9.56987E-01   3.72306E-03   3.42783E-02   1.48717E+04  -3.83106E+04  -3.46354E+04  -7.33876E+04  -1.54874E+05
   2.16201E-03   2.75024E-03   9.57083E-01   3.72343E-03   3.42818E-02   1.45403E+04  -3.83102E+04  -3.46344E+04  -7.33811E+04  -1.54884E+05
   2.06201E-03   2.75052E-03   9.57178E-01   3.72380E-03   3.42852E-02   1.41933E+04  -3.83099E+04  -3.46333E+04  -7.33747E+04  -1.54893E+05
   1.96201E-03   2.75079E-03   9.57274E-01   3.72418E-03   3.42886E-02   1.38292E+04  -3.83095E+04  -3.46322E+04  -7.33683E+04  -1.54902E+05
   1.86201E-03   2.75107E-03   9.57370E-01   3.72455E-03   3.42921E-02   1.34463E+04  -3.83091E+04  -3.46312E+04  -7.33618E+04  -1.54911E+05
   1.76201E-03   2.75134E-03   9.57466E-01   3.72492E-03   3.42955E-02   1.30423E+04  -3.83088E+04  -3.46301E+04  -7.33554E+04  -1.54920E+05
   1.66201E-03   2.75162E-03   9.57562E-01   3.72530E-03   3.42990E-02   1.26150E+04  -3.83084E+04  -3.46290E+04  -7.33490E+04  -1.54930E+05
   1.56201E-03   2.75190E-03   9.57658E-01   3.72567E-03   3.43024E-02   1.21613E+04  -3.83080E+04  -3.46280E+04  -7.33426E+04  -1.54939E+05
   1.46201E-03   2.75217E-03   9.57754E-01   3.72604E-03   3.43058E-02   1.16778E+04  -3.83077E+04  -3.46269E+04  -7.33361E+04  -1.54948E+05
   1.36201E-03   2.75245E-03   9.57850E-01   3.72642E-03   3.43093E-02   1.11603E+04  -3.83073E+04  -3.46258E+04  -7.33297E+04  -1.54957E+05
   1.26201E-03   2.75272E-03   9.57946E-01   3.72679E-03   3.43127E-02   1.06035E+04  -3.83069E+04  -3.46248E+04  -7.33233E+04  -1.54966E+05
   1.16201E-03   2.75300E-03   9.58042E-01   3.72716E-03   3.43161E-02   1.00010E+04  -3.83066E+04  -3.46237E+04  -7.33169E+04  -1.54975E+05
   1.06201E-03   2.75327E-03   9.58138E-01   3.72753E-03   3.43196E-02   9.34458E+03  -3.83062E+04  -3.46227E+04  -7.33105E+04  -1.54984E+05
   9.62012E-04   2.75355E-03   9.58234E-01   3.72791E-03   3.43230E-02   8.62346E+03  -3.83059E+04  -3.46216E+04  -7.33041E+04  -1.54994E+05
   8.62012E-04   2.75383E-03   9.58329E-01   3.72828E-03   3.43264E-02   7.82348E+03  -3.83055E+04  -3.46205E+04  -7.32977E+04  -1.55003E+05
   7.62012E-04   2.75410E-03   9.58425E-01   3.72865E-03   3.43299E-02   6.92513E+03  -3.83052E+04  -3.46195E+04  -7.32913E+04  -1.55012E+05
   6.62012E-04   2.75438E-03   9.58521E-01   3.72903E-03   3.43333E-02   5.90066E+03  -3.83048E+04  -3.46184E+04  -7.32848E+04  -1.55021E+05
   5.62012E-04   2.75465E-03   9.58617E-01   3.72940E-03   3.43367E-02   4.70863E+03  -3.83044E+04  -3.46173E+04  -7.32784E+04  -1.55030E+05
   4.62012E-04   2.75493E-03   9.58713E-01   3.72977E-03   3.43402E-02   3.28303E+03  -3.83041E+04  -3.46163E+04  -7.32720E+04  -1.55039E+05
   3.62012E-04   2.75520E-03   9.58809E-01   3.73015E-03   3.43436E-02   1.50910E+03  -3.83037E+04  -3.46152E+04  -7.32656E+04  -1.55049E+05
   2.62012E-04   2.75548E-03   9.58905E-01   3.73052E-03   3.43471E-02  -8.41062E+02  -3.83034E+04  -3.46142E+04  -7.32592E+04  -1.55058E+05
   1.62012E-04   2.75575E-03   9.59001E-01   3.73089E-03   3.43505E-02  -4.33416E+03  -3.83030E+04  -3.46131E+04  -7.32528E+04  -1.55067E+05
   6.20121E-05   2.75603E-03   9.59097E-01   3.73127E-03   3.43539E-02  -1.13092E+04  -3.83027E+04  -3.46120E+04  -7.32464E+04  -1.55076E+05
   1.00000E-06   2.75620E-03   9.59155E-01   3.73149E-03   3.43560E-02  -4.12748E+04  -3.83025E+04  -3.46114E+04  -7.32425E+04  -1.55082E+05
