
 Phase Region for:
     BCC_A2                        
 col-1=X(C), col-2=X(CU), col-3=X(FE), col-4=X(MN), col-5=X(SI), col-6=MU(C), col-7=MU(CU), col-8=MU(FE), col-9=MU(MN), col-10=MU(SI),
   2.88620E-02   2.67665E-03   9.31473E-01   3.62380E-03   3.33645E-02   2.43965E+04  -5.14189E+04  -4.12802E+04  -8.94345E+04  -1.58604E+05
   9.99900E-03   2.72864E-03   9.49566E-01   3.69419E-03   3.40125E-02   1.50590E+04  -5.13716E+04  -4.10464E+04  -8.82482E+04  -1.60293E+05

 Phase Region for:
     BCC_A2                        
 col-1=X(C), col-2=X(CU), col-3=X(FE), col-4=X(MN), col-5=X(SI), col-6=MU(C), col-7=MU(CU), col-8=MU(FE), col-9=MU(MN), col-10=MU(SI),
   2.88620E-02   2.67665E-03   9.31473E-01   3.62380E-03   3.33645E-02   2.43965E+04  -5.14189E+04  -4.12802E+04  -8.94345E+04  -1.58604E+05
   2.87620E-02   2.67693E-03   9.31569E-01   3.62417E-03   3.33679E-02   2.43643E+04  -5.14186E+04  -4.12789E+04  -8.94280E+04  -1.58613E+05
   2.86620E-02   2.67720E-03   9.31665E-01   3.62455E-03   3.33713E-02   2.43320E+04  -5.14183E+04  -4.12776E+04  -8.94215E+04  -1.58622E+05
   2.85620E-02   2.67748E-03   9.31761E-01   3.62492E-03   3.33748E-02   2.42996E+04  -5.14179E+04  -4.12763E+04  -8.94151E+04  -1.58631E+05
   2.84620E-02   2.67775E-03   9.31857E-01   3.62529E-03   3.33782E-02   2.42672E+04  -5.14176E+04  -4.12750E+04  -8.94086E+04  -1.58640E+05
   2.83620E-02   2.67803E-03   9.31953E-01   3.62566E-03   3.33816E-02   2.42346E+04  -5.14172E+04  -4.12737E+04  -8.94021E+04  -1.58649E+05
   2.82620E-02   2.67831E-03   9.32049E-01   3.62604E-03   3.33851E-02   2.42019E+04  -5.14169E+04  -4.12724E+04  -8.93957E+04  -1.58659E+05
   2.81620E-02   2.67858E-03   9.32144E-01   3.62641E-03   3.33885E-02   2.41691E+04  -5.14166E+04  -4.12711E+04  -8.93892E+04  -1.58668E+05
   2.80620E-02   2.67886E-03   9.32240E-01   3.62678E-03   3.33920E-02   2.41363E+04  -5.14162E+04  -4.12698E+04  -8.93827E+04  -1.58677E+05
   2.79620E-02   2.67913E-03   9.32336E-01   3.62716E-03   3.33954E-02   2.41033E+04  -5.14159E+04  -4.12685E+04  -8.93763E+04  -1.58686E+05
   2.78620E-02   2.67941E-03   9.32432E-01   3.62753E-03   3.33988E-02   2.40702E+04  -5.14155E+04  -4.12673E+04  -8.93698E+04  -1.58695E+05
   2.77620E-02   2.67968E-03   9.32528E-01   3.62790E-03   3.34023E-02   2.40370E+04  -5.14152E+04  -4.12660E+04  -8.93634E+04  -1.58704E+05
   2.76620E-02   2.67996E-03   9.32624E-01   3.62828E-03   3.34057E-02   2.40037E+04  -5.14149E+04  -4.12647E+04  -8.93569E+04  -1.58713E+05
   2.75620E-02   2.68023E-03   9.32720E-01   3.62865E-03   3.34091E-02   2.39703E+04  -5.14145E+04  -4.12634E+04  -8.93505E+04  -1.58722E+05
   2.74620E-02   2.68051E-03   9.32816E-01   3.62902E-03   3.34126E-02   2.39368E+04  -5.14142E+04  -4.12621E+04  -8.93440E+04  -1.58731E+05
   2.73620E-02   2.68079E-03   9.32912E-01   3.62940E-03   3.34160E-02   2.39032E+04  -5.14139E+04  -4.12608E+04  -8.93376E+04  -1.58740E+05
   2.72620E-02   2.68106E-03   9.33008E-01   3.62977E-03   3.34194E-02   2.38695E+04  -5.14136E+04  -4.12595E+04  -8.93312E+04  -1.58749E+05
   2.71620E-02   2.68134E-03   9.33104E-01   3.63014E-03   3.34229E-02   2.38357E+04  -5.14132E+04  -4.12583E+04  -8.93247E+04  -1.58758E+05
   2.70620E-02   2.68161E-03   9.33200E-01   3.63052E-03   3.34263E-02   2.38017E+04  -5.14129E+04  -4.12570E+04  -8.93183E+04  -1.58767E+05
   2.69620E-02   2.68189E-03   9.33295E-01   3.63089E-03   3.34297E-02   2.37677E+04  -5.14126E+04  -4.12557E+04  -8.93119E+04  -1.58776E+05
   2.68620E-02   2.68216E-03   9.33391E-01   3.63126E-03   3.34332E-02   2.37335E+04  -5.14123E+04  -4.12544E+04  -8.93054E+04  -1.58785E+05
   2.67620E-02   2.68244E-03   9.33487E-01   3.63164E-03   3.34366E-02   2.36993E+04  -5.14119E+04  -4.12531E+04  -8.92990E+04  -1.58794E+05
   2.66620E-02   2.68272E-03   9.33583E-01   3.63201E-03   3.34401E-02   2.36649E+04  -5.14116E+04  -4.12518E+04  -8.92926E+04  -1.58803E+05
   2.65620E-02   2.68299E-03   9.33679E-01   3.63238E-03   3.34435E-02   2.36304E+04  -5.14113E+04  -4.12506E+04  -8.92861E+04  -1.58812E+05
   2.64620E-02   2.68327E-03   9.33775E-01   3.63275E-03   3.34469E-02   2.35958E+04  -5.14110E+04  -4.12493E+04  -8.92797E+04  -1.58821E+05
   2.63620E-02   2.68354E-03   9.33871E-01   3.63313E-03   3.34504E-02   2.35611E+04  -5.14106E+04  -4.12480E+04  -8.92733E+04  -1.58830E+05
   2.62620E-02   2.68382E-03   9.33967E-01   3.63350E-03   3.34538E-02   2.35263E+04  -5.14103E+04  -4.12467E+04  -8.92669E+04  -1.58839E+05
   2.61620E-02   2.68409E-03   9.34063E-01   3.63387E-03   3.34572E-02   2.34913E+04  -5.14100E+04  -4.12454E+04  -8.92604E+04  -1.58848E+05
   2.60620E-02   2.68437E-03   9.34159E-01   3.63425E-03   3.34607E-02   2.34562E+04  -5.14097E+04  -4.12442E+04  -8.92540E+04  -1.58857E+05
   2.59620E-02   2.68464E-03   9.34255E-01   3.63462E-03   3.34641E-02   2.34211E+04  -5.14094E+04  -4.12429E+04  -8.92476E+04  -1.58867E+05
   2.58620E-02   2.68492E-03   9.34351E-01   3.63499E-03   3.34675E-02   2.33857E+04  -5.14091E+04  -4.12416E+04  -8.92412E+04  -1.58876E+05
   2.57620E-02   2.68520E-03   9.34446E-01   3.63537E-03   3.34710E-02   2.33503E+04  -5.14087E+04  -4.12403E+04  -8.92348E+04  -1.58885E+05
   2.56620E-02   2.68547E-03   9.34542E-01   3.63574E-03   3.34744E-02   2.33148E+04  -5.14084E+04  -4.12391E+04  -8.92284E+04  -1.58894E+05
   2.55620E-02   2.68575E-03   9.34638E-01   3.63611E-03   3.34778E-02   2.32791E+04  -5.14081E+04  -4.12378E+04  -8.92220E+04  -1.58903E+05
   2.54620E-02   2.68602E-03   9.34734E-01   3.63649E-03   3.34813E-02   2.32433E+04  -5.14078E+04  -4.12365E+04  -8.92156E+04  -1.58912E+05
   2.53620E-02   2.68630E-03   9.34830E-01   3.63686E-03   3.34847E-02   2.32074E+04  -5.14075E+04  -4.12352E+04  -8.92092E+04  -1.58921E+05
   2.52620E-02   2.68657E-03   9.34926E-01   3.63723E-03   3.34882E-02   2.31714E+04  -5.14072E+04  -4.12340E+04  -8.92028E+04  -1.58930E+05
   2.51620E-02   2.68685E-03   9.35022E-01   3.63761E-03   3.34916E-02   2.31352E+04  -5.14069E+04  -4.12327E+04  -8.91964E+04  -1.58939E+05
   2.50620E-02   2.68713E-03   9.35118E-01   3.63798E-03   3.34950E-02   2.30989E+04  -5.14066E+04  -4.12314E+04  -8.91900E+04  -1.58948E+05
   2.49620E-02   2.68740E-03   9.35214E-01   3.63835E-03   3.34985E-02   2.30625E+04  -5.14063E+04  -4.12301E+04  -8.91836E+04  -1.58957E+05
   2.48620E-02   2.68768E-03   9.35310E-01   3.63872E-03   3.35019E-02   2.30259E+04  -5.14060E+04  -4.12289E+04  -8.91772E+04  -1.58966E+05
   2.47620E-02   2.68795E-03   9.35406E-01   3.63910E-03   3.35053E-02   2.29892E+04  -5.14057E+04  -4.12276E+04  -8.91708E+04  -1.58975E+05
   2.46620E-02   2.68823E-03   9.35502E-01   3.63947E-03   3.35088E-02   2.29524E+04  -5.14054E+04  -4.12263E+04  -8.91644E+04  -1.58984E+05
   2.45620E-02   2.68850E-03   9.35597E-01   3.63984E-03   3.35122E-02   2.29155E+04  -5.14051E+04  -4.12251E+04  -8.91580E+04  -1.58993E+05
   2.44620E-02   2.68878E-03   9.35693E-01   3.64022E-03   3.35156E-02   2.28784E+04  -5.14048E+04  -4.12238E+04  -8.91516E+04  -1.59002E+05
   2.43620E-02   2.68905E-03   9.35789E-01   3.64059E-03   3.35191E-02   2.28412E+04  -5.14045E+04  -4.12225E+04  -8.91452E+04  -1.59011E+05
   2.42620E-02   2.68933E-03   9.35885E-01   3.64096E-03   3.35225E-02   2.28038E+04  -5.14042E+04  -4.12213E+04  -8.91388E+04  -1.59020E+05
   2.41620E-02   2.68961E-03   9.35981E-01   3.64134E-03   3.35259E-02   2.27664E+04  -5.14039E+04  -4.12200E+04  -8.91325E+04  -1.59029E+05
   2.40620E-02   2.68988E-03   9.36077E-01   3.64171E-03   3.35294E-02   2.27287E+04  -5.14036E+04  -4.12187E+04  -8.91261E+04  -1.59038E+05
   2.39620E-02   2.69016E-03   9.36173E-01   3.64208E-03   3.35328E-02   2.26910E+04  -5.14033E+04  -4.12175E+04  -8.91197E+04  -1.59047E+05
   2.38620E-02   2.69043E-03   9.36269E-01   3.64246E-03   3.35363E-02   2.26531E+04  -5.14030E+04  -4.12162E+04  -8.91133E+04  -1.59056E+05
   2.37620E-02   2.69071E-03   9.36365E-01   3.64283E-03   3.35397E-02   2.26150E+04  -5.14027E+04  -4.12149E+04  -8.91070E+04  -1.59065E+05
   2.36620E-02   2.69098E-03   9.36461E-01   3.64320E-03   3.35431E-02   2.25768E+04  -5.14024E+04  -4.12137E+04  -8.91006E+04  -1.59074E+05
   2.35620E-02   2.69126E-03   9.36557E-01   3.64358E-03   3.35466E-02   2.25385E+04  -5.14021E+04  -4.12124E+04  -8.90942E+04  -1.59083E+05
   2.34620E-02   2.69154E-03   9.36653E-01   3.64395E-03   3.35500E-02   2.25000E+04  -5.14018E+04  -4.12111E+04  -8.90879E+04  -1.59092E+05
   2.33620E-02   2.69181E-03   9.36748E-01   3.64432E-03   3.35534E-02   2.24614E+04  -5.14015E+04  -4.12099E+04  -8.90815E+04  -1.59101E+05
   2.32620E-02   2.69209E-03   9.36844E-01   3.64470E-03   3.35569E-02   2.24226E+04  -5.14012E+04  -4.12086E+04  -8.90751E+04  -1.59110E+05
   2.31620E-02   2.69236E-03   9.36940E-01   3.64507E-03   3.35603E-02   2.23837E+04  -5.14009E+04  -4.12074E+04  -8.90688E+04  -1.59119E+05
   2.30620E-02   2.69264E-03   9.37036E-01   3.64544E-03   3.35637E-02   2.23447E+04  -5.14007E+04  -4.12061E+04  -8.90624E+04  -1.59128E+05
   2.29620E-02   2.69291E-03   9.37132E-01   3.64581E-03   3.35672E-02   2.23054E+04  -5.14004E+04  -4.12048E+04  -8.90561E+04  -1.59137E+05
   2.28620E-02   2.69319E-03   9.37228E-01   3.64619E-03   3.35706E-02   2.22661E+04  -5.14001E+04  -4.12036E+04  -8.90497E+04  -1.59146E+05
   2.27620E-02   2.69346E-03   9.37324E-01   3.64656E-03   3.35740E-02   2.22265E+04  -5.13998E+04  -4.12023E+04  -8.90433E+04  -1.59155E+05
   2.26620E-02   2.69374E-03   9.37420E-01   3.64693E-03   3.35775E-02   2.21869E+04  -5.13995E+04  -4.12011E+04  -8.90370E+04  -1.59164E+05
   2.25620E-02   2.69402E-03   9.37516E-01   3.64731E-03   3.35809E-02   2.21470E+04  -5.13992E+04  -4.11998E+04  -8.90306E+04  -1.59173E+05
   2.24620E-02   2.69429E-03   9.37612E-01   3.64768E-03   3.35843E-02   2.21070E+04  -5.13990E+04  -4.11985E+04  -8.90243E+04  -1.59182E+05
   2.23620E-02   2.69457E-03   9.37708E-01   3.64805E-03   3.35878E-02   2.20669E+04  -5.13987E+04  -4.11973E+04  -8.90180E+04  -1.59191E+05
   2.22620E-02   2.69484E-03   9.37803E-01   3.64843E-03   3.35912E-02   2.20266E+04  -5.13984E+04  -4.11960E+04  -8.90116E+04  -1.59200E+05
   2.21620E-02   2.69512E-03   9.37899E-01   3.64880E-03   3.35947E-02   2.19861E+04  -5.13981E+04  -4.11948E+04  -8.90053E+04  -1.59209E+05
   2.20620E-02   2.69539E-03   9.37995E-01   3.64917E-03   3.35981E-02   2.19454E+04  -5.13978E+04  -4.11935E+04  -8.89989E+04  -1.59218E+05
   2.19620E-02   2.69567E-03   9.38091E-01   3.64955E-03   3.36015E-02   2.19046E+04  -5.13976E+04  -4.11923E+04  -8.89926E+04  -1.59227E+05
   2.18620E-02   2.69595E-03   9.38187E-01   3.64992E-03   3.36050E-02   2.18637E+04  -5.13973E+04  -4.11910E+04  -8.89863E+04  -1.59236E+05
   2.17620E-02   2.69622E-03   9.38283E-01   3.65029E-03   3.36084E-02   2.18225E+04  -5.13970E+04  -4.11898E+04  -8.89799E+04  -1.59245E+05
   2.16620E-02   2.69650E-03   9.38379E-01   3.65067E-03   3.36118E-02   2.17812E+04  -5.13967E+04  -4.11885E+04  -8.89736E+04  -1.59254E+05
   2.15620E-02   2.69677E-03   9.38475E-01   3.65104E-03   3.36153E-02   2.17397E+04  -5.13965E+04  -4.11873E+04  -8.89673E+04  -1.59263E+05
   2.14620E-02   2.69705E-03   9.38571E-01   3.65141E-03   3.36187E-02   2.16980E+04  -5.13962E+04  -4.11860E+04  -8.89609E+04  -1.59272E+05
   2.13620E-02   2.69732E-03   9.38667E-01   3.65179E-03   3.36221E-02   2.16562E+04  -5.13959E+04  -4.11848E+04  -8.89546E+04  -1.59281E+05
   2.12620E-02   2.69760E-03   9.38763E-01   3.65216E-03   3.36256E-02   2.16142E+04  -5.13957E+04  -4.11835E+04  -8.89483E+04  -1.59290E+05
   2.11620E-02   2.69787E-03   9.38859E-01   3.65253E-03   3.36290E-02   2.15720E+04  -5.13954E+04  -4.11823E+04  -8.89420E+04  -1.59299E+05
   2.10620E-02   2.69815E-03   9.38954E-01   3.65290E-03   3.36324E-02   2.15296E+04  -5.13951E+04  -4.11810E+04  -8.89356E+04  -1.59308E+05
   2.09620E-02   2.69843E-03   9.39050E-01   3.65328E-03   3.36359E-02   2.14871E+04  -5.13949E+04  -4.11798E+04  -8.89293E+04  -1.59317E+05
   2.08620E-02   2.69870E-03   9.39146E-01   3.65365E-03   3.36393E-02   2.14444E+04  -5.13946E+04  -4.11785E+04  -8.89230E+04  -1.59325E+05
   2.07620E-02   2.69898E-03   9.39242E-01   3.65402E-03   3.36428E-02   2.14014E+04  -5.13943E+04  -4.11773E+04  -8.89167E+04  -1.59334E+05
   2.06620E-02   2.69925E-03   9.39338E-01   3.65440E-03   3.36462E-02   2.13583E+04  -5.13941E+04  -4.11760E+04  -8.89104E+04  -1.59343E+05
   2.05620E-02   2.69953E-03   9.39434E-01   3.65477E-03   3.36496E-02   2.13150E+04  -5.13938E+04  -4.11748E+04  -8.89041E+04  -1.59352E+05
   2.04620E-02   2.69980E-03   9.39530E-01   3.65514E-03   3.36531E-02   2.12716E+04  -5.13935E+04  -4.11735E+04  -8.88978E+04  -1.59361E+05
   2.03620E-02   2.70008E-03   9.39626E-01   3.65552E-03   3.36565E-02   2.12279E+04  -5.13933E+04  -4.11723E+04  -8.88915E+04  -1.59370E+05
   2.02620E-02   2.70036E-03   9.39722E-01   3.65589E-03   3.36599E-02   2.11840E+04  -5.13930E+04  -4.11710E+04  -8.88852E+04  -1.59379E+05
   2.01620E-02   2.70063E-03   9.39818E-01   3.65626E-03   3.36634E-02   2.11399E+04  -5.13928E+04  -4.11698E+04  -8.88789E+04  -1.59388E+05
   2.00620E-02   2.70091E-03   9.39914E-01   3.65664E-03   3.36668E-02   2.10957E+04  -5.13925E+04  -4.11686E+04  -8.88726E+04  -1.59397E+05
   1.99620E-02   2.70118E-03   9.40010E-01   3.65701E-03   3.36702E-02   2.10512E+04  -5.13923E+04  -4.11673E+04  -8.88663E+04  -1.59406E+05
   1.98620E-02   2.70146E-03   9.40105E-01   3.65738E-03   3.36737E-02   2.10065E+04  -5.13920E+04  -4.11661E+04  -8.88600E+04  -1.59415E+05
   1.97620E-02   2.70173E-03   9.40201E-01   3.65776E-03   3.36771E-02   2.09617E+04  -5.13918E+04  -4.11648E+04  -8.88537E+04  -1.59424E+05
   1.96620E-02   2.70201E-03   9.40297E-01   3.65813E-03   3.36805E-02   2.09166E+04  -5.13915E+04  -4.11636E+04  -8.88474E+04  -1.59433E+05
   1.95620E-02   2.70228E-03   9.40393E-01   3.65850E-03   3.36840E-02   2.08713E+04  -5.13912E+04  -4.11624E+04  -8.88411E+04  -1.59442E+05
   1.94620E-02   2.70256E-03   9.40489E-01   3.65888E-03   3.36874E-02   2.08258E+04  -5.13910E+04  -4.11611E+04  -8.88348E+04  -1.59451E+05
   1.93620E-02   2.70284E-03   9.40585E-01   3.65925E-03   3.36909E-02   2.07801E+04  -5.13907E+04  -4.11599E+04  -8.88285E+04  -1.59460E+05
   1.92620E-02   2.70311E-03   9.40681E-01   3.65962E-03   3.36943E-02   2.07342E+04  -5.13905E+04  -4.11586E+04  -8.88222E+04  -1.59469E+05
   1.91620E-02   2.70339E-03   9.40777E-01   3.65999E-03   3.36977E-02   2.06880E+04  -5.13902E+04  -4.11574E+04  -8.88159E+04  -1.59478E+05
   1.90620E-02   2.70366E-03   9.40873E-01   3.66037E-03   3.37012E-02   2.06416E+04  -5.13900E+04  -4.11562E+04  -8.88097E+04  -1.59487E+05
   1.89620E-02   2.70394E-03   9.40969E-01   3.66074E-03   3.37046E-02   2.05951E+04  -5.13898E+04  -4.11549E+04  -8.88034E+04  -1.59496E+05
   1.88620E-02   2.70421E-03   9.41065E-01   3.66111E-03   3.37080E-02   2.05482E+04  -5.13895E+04  -4.11537E+04  -8.87971E+04  -1.59505E+05
   1.87620E-02   2.70449E-03   9.41161E-01   3.66149E-03   3.37115E-02   2.05012E+04  -5.13893E+04  -4.11525E+04  -8.87908E+04  -1.59514E+05
   1.86620E-02   2.70477E-03   9.41256E-01   3.66186E-03   3.37149E-02   2.04539E+04  -5.13890E+04  -4.11512E+04  -8.87845E+04  -1.59523E+05
   1.85620E-02   2.70504E-03   9.41352E-01   3.66223E-03   3.37183E-02   2.04064E+04  -5.13888E+04  -4.11500E+04  -8.87783E+04  -1.59531E+05
   1.84620E-02   2.70532E-03   9.41448E-01   3.66261E-03   3.37218E-02   2.03587E+04  -5.13885E+04  -4.11487E+04  -8.87720E+04  -1.59540E+05
   1.83620E-02   2.70559E-03   9.41544E-01   3.66298E-03   3.37252E-02   2.03107E+04  -5.13883E+04  -4.11475E+04  -8.87657E+04  -1.59549E+05
   1.82620E-02   2.70587E-03   9.41640E-01   3.66335E-03   3.37286E-02   2.02625E+04  -5.13881E+04  -4.11463E+04  -8.87595E+04  -1.59558E+05
   1.81620E-02   2.70614E-03   9.41736E-01   3.66373E-03   3.37321E-02   2.02141E+04  -5.13878E+04  -4.11451E+04  -8.87532E+04  -1.59567E+05
   1.80620E-02   2.70642E-03   9.41832E-01   3.66410E-03   3.37355E-02   2.01654E+04  -5.13876E+04  -4.11438E+04  -8.87469E+04  -1.59576E+05
   1.79620E-02   2.70669E-03   9.41928E-01   3.66447E-03   3.37390E-02   2.01164E+04  -5.13873E+04  -4.11426E+04  -8.87407E+04  -1.59585E+05
   1.78620E-02   2.70697E-03   9.42024E-01   3.66485E-03   3.37424E-02   2.00673E+04  -5.13871E+04  -4.11414E+04  -8.87344E+04  -1.59594E+05
   1.77620E-02   2.70725E-03   9.42120E-01   3.66522E-03   3.37458E-02   2.00178E+04  -5.13869E+04  -4.11401E+04  -8.87282E+04  -1.59603E+05
   1.76620E-02   2.70752E-03   9.42216E-01   3.66559E-03   3.37493E-02   1.99681E+04  -5.13866E+04  -4.11389E+04  -8.87219E+04  -1.59612E+05
   1.75620E-02   2.70780E-03   9.42312E-01   3.66596E-03   3.37527E-02   1.99182E+04  -5.13864E+04  -4.11377E+04  -8.87157E+04  -1.59621E+05
   1.74620E-02   2.70807E-03   9.42407E-01   3.66634E-03   3.37561E-02   1.98679E+04  -5.13862E+04  -4.11364E+04  -8.87094E+04  -1.59630E+05
   1.73620E-02   2.70835E-03   9.42503E-01   3.66671E-03   3.37596E-02   1.98174E+04  -5.13859E+04  -4.11352E+04  -8.87032E+04  -1.59639E+05
   1.72620E-02   2.70862E-03   9.42599E-01   3.66708E-03   3.37630E-02   1.97667E+04  -5.13857E+04  -4.11340E+04  -8.86969E+04  -1.59648E+05
   1.71620E-02   2.70890E-03   9.42695E-01   3.66746E-03   3.37664E-02   1.97157E+04  -5.13855E+04  -4.11328E+04  -8.86907E+04  -1.59657E+05
   1.70620E-02   2.70918E-03   9.42791E-01   3.66783E-03   3.37699E-02   1.96644E+04  -5.13853E+04  -4.11315E+04  -8.86844E+04  -1.59665E+05
   1.69620E-02   2.70945E-03   9.42887E-01   3.66820E-03   3.37733E-02   1.96128E+04  -5.13850E+04  -4.11303E+04  -8.86782E+04  -1.59674E+05
   1.68620E-02   2.70973E-03   9.42983E-01   3.66858E-03   3.37767E-02   1.95609E+04  -5.13848E+04  -4.11291E+04  -8.86719E+04  -1.59683E+05
   1.67620E-02   2.71000E-03   9.43079E-01   3.66895E-03   3.37802E-02   1.95088E+04  -5.13846E+04  -4.11279E+04  -8.86657E+04  -1.59692E+05
   1.66620E-02   2.71028E-03   9.43175E-01   3.66932E-03   3.37836E-02   1.94564E+04  -5.13844E+04  -4.11266E+04  -8.86595E+04  -1.59701E+05
   1.65620E-02   2.71055E-03   9.43271E-01   3.66970E-03   3.37870E-02   1.94037E+04  -5.13841E+04  -4.11254E+04  -8.86532E+04  -1.59710E+05
   1.64620E-02   2.71083E-03   9.43367E-01   3.67007E-03   3.37905E-02   1.93506E+04  -5.13839E+04  -4.11242E+04  -8.86470E+04  -1.59719E+05
   1.63620E-02   2.71110E-03   9.43463E-01   3.67044E-03   3.37939E-02   1.92973E+04  -5.13837E+04  -4.11230E+04  -8.86408E+04  -1.59728E+05
   1.62620E-02   2.71138E-03   9.43558E-01   3.67082E-03   3.37974E-02   1.92437E+04  -5.13835E+04  -4.11217E+04  -8.86346E+04  -1.59737E+05
   1.61620E-02   2.71166E-03   9.43654E-01   3.67119E-03   3.38008E-02   1.91898E+04  -5.13833E+04  -4.11205E+04  -8.86283E+04  -1.59746E+05
   1.60620E-02   2.71193E-03   9.43750E-01   3.67156E-03   3.38042E-02   1.91356E+04  -5.13830E+04  -4.11193E+04  -8.86221E+04  -1.59755E+05
   1.59620E-02   2.71221E-03   9.43846E-01   3.67194E-03   3.38077E-02   1.90811E+04  -5.13828E+04  -4.11181E+04  -8.86159E+04  -1.59764E+05
   1.58620E-02   2.71248E-03   9.43942E-01   3.67231E-03   3.38111E-02   1.90262E+04  -5.13826E+04  -4.11169E+04  -8.86097E+04  -1.59772E+05
   1.57620E-02   2.71276E-03   9.44038E-01   3.67268E-03   3.38145E-02   1.89710E+04  -5.13824E+04  -4.11157E+04  -8.86034E+04  -1.59781E+05
   1.56620E-02   2.71303E-03   9.44134E-01   3.67305E-03   3.38180E-02   1.89155E+04  -5.13822E+04  -4.11144E+04  -8.85972E+04  -1.59790E+05
   1.55620E-02   2.71331E-03   9.44230E-01   3.67343E-03   3.38214E-02   1.88597E+04  -5.13820E+04  -4.11132E+04  -8.85910E+04  -1.59799E+05
   1.54620E-02   2.71358E-03   9.44326E-01   3.67380E-03   3.38248E-02   1.88035E+04  -5.13817E+04  -4.11120E+04  -8.85848E+04  -1.59808E+05
   1.53620E-02   2.71386E-03   9.44422E-01   3.67417E-03   3.38283E-02   1.87470E+04  -5.13815E+04  -4.11108E+04  -8.85786E+04  -1.59817E+05
   1.52620E-02   2.71414E-03   9.44518E-01   3.67455E-03   3.38317E-02   1.86902E+04  -5.13813E+04  -4.11096E+04  -8.85724E+04  -1.59826E+05
   1.51620E-02   2.71441E-03   9.44614E-01   3.67492E-03   3.38351E-02   1.86330E+04  -5.13811E+04  -4.11084E+04  -8.85662E+04  -1.59835E+05
   1.50620E-02   2.71469E-03   9.44709E-01   3.67529E-03   3.38386E-02   1.85755E+04  -5.13809E+04  -4.11071E+04  -8.85600E+04  -1.59844E+05
   1.49620E-02   2.71496E-03   9.44805E-01   3.67567E-03   3.38420E-02   1.85176E+04  -5.13807E+04  -4.11059E+04  -8.85538E+04  -1.59853E+05
   1.48620E-02   2.71524E-03   9.44901E-01   3.67604E-03   3.38455E-02   1.84593E+04  -5.13805E+04  -4.11047E+04  -8.85476E+04  -1.59862E+05
   1.47620E-02   2.71551E-03   9.44997E-01   3.67641E-03   3.38489E-02   1.84007E+04  -5.13803E+04  -4.11035E+04  -8.85414E+04  -1.59870E+05
   1.46620E-02   2.71579E-03   9.45093E-01   3.67679E-03   3.38523E-02   1.83417E+04  -5.13801E+04  -4.11023E+04  -8.85352E+04  -1.59879E+05
   1.45620E-02   2.71607E-03   9.45189E-01   3.67716E-03   3.38558E-02   1.82823E+04  -5.13799E+04  -4.11011E+04  -8.85290E+04  -1.59888E+05
   1.44620E-02   2.71634E-03   9.45285E-01   3.67753E-03   3.38592E-02   1.82226E+04  -5.13797E+04  -4.10999E+04  -8.85228E+04  -1.59897E+05
   1.43620E-02   2.71662E-03   9.45381E-01   3.67791E-03   3.38626E-02   1.81624E+04  -5.13795E+04  -4.10987E+04  -8.85166E+04  -1.59906E+05
   1.42620E-02   2.71689E-03   9.45477E-01   3.67828E-03   3.38661E-02   1.81019E+04  -5.13793E+04  -4.10974E+04  -8.85104E+04  -1.59915E+05
   1.41620E-02   2.71717E-03   9.45573E-01   3.67865E-03   3.38695E-02   1.80410E+04  -5.13791E+04  -4.10962E+04  -8.85042E+04  -1.59924E+05
   1.40620E-02   2.71744E-03   9.45669E-01   3.67903E-03   3.38729E-02   1.79796E+04  -5.13789E+04  -4.10950E+04  -8.84980E+04  -1.59933E+05
   1.39620E-02   2.71772E-03   9.45764E-01   3.67940E-03   3.38764E-02   1.79179E+04  -5.13787E+04  -4.10938E+04  -8.84918E+04  -1.59942E+05
   1.38620E-02   2.71799E-03   9.45860E-01   3.67977E-03   3.38798E-02   1.78558E+04  -5.13785E+04  -4.10926E+04  -8.84856E+04  -1.59950E+05
   1.37620E-02   2.71827E-03   9.45956E-01   3.68014E-03   3.38832E-02   1.77932E+04  -5.13783E+04  -4.10914E+04  -8.84795E+04  -1.59959E+05
   1.36620E-02   2.71855E-03   9.46052E-01   3.68052E-03   3.38867E-02   1.77302E+04  -5.13781E+04  -4.10902E+04  -8.84733E+04  -1.59968E+05
   1.35620E-02   2.71882E-03   9.46148E-01   3.68089E-03   3.38901E-02   1.76668E+04  -5.13779E+04  -4.10890E+04  -8.84671E+04  -1.59977E+05
   1.34620E-02   2.71910E-03   9.46244E-01   3.68126E-03   3.38936E-02   1.76029E+04  -5.13777E+04  -4.10878E+04  -8.84609E+04  -1.59986E+05
   1.33620E-02   2.71937E-03   9.46340E-01   3.68164E-03   3.38970E-02   1.75386E+04  -5.13775E+04  -4.10866E+04  -8.84548E+04  -1.59995E+05
   1.32620E-02   2.71965E-03   9.46436E-01   3.68201E-03   3.39004E-02   1.74738E+04  -5.13773E+04  -4.10854E+04  -8.84486E+04  -1.60004E+05
   1.31620E-02   2.71992E-03   9.46532E-01   3.68238E-03   3.39039E-02   1.74086E+04  -5.13771E+04  -4.10842E+04  -8.84424E+04  -1.60013E+05
   1.30620E-02   2.72020E-03   9.46628E-01   3.68276E-03   3.39073E-02   1.73429E+04  -5.13769E+04  -4.10830E+04  -8.84363E+04  -1.60021E+05
   1.29620E-02   2.72048E-03   9.46724E-01   3.68313E-03   3.39107E-02   1.72767E+04  -5.13767E+04  -4.10818E+04  -8.84301E+04  -1.60030E+05
   1.28620E-02   2.72075E-03   9.46820E-01   3.68350E-03   3.39142E-02   1.72101E+04  -5.13766E+04  -4.10806E+04  -8.84239E+04  -1.60039E+05
   1.27620E-02   2.72103E-03   9.46915E-01   3.68388E-03   3.39176E-02   1.71429E+04  -5.13764E+04  -4.10794E+04  -8.84178E+04  -1.60048E+05
   1.26620E-02   2.72130E-03   9.47011E-01   3.68425E-03   3.39210E-02   1.70753E+04  -5.13762E+04  -4.10782E+04  -8.84116E+04  -1.60057E+05
   1.25620E-02   2.72158E-03   9.47107E-01   3.68462E-03   3.39245E-02   1.70072E+04  -5.13760E+04  -4.10770E+04  -8.84054E+04  -1.60066E+05
   1.24620E-02   2.72185E-03   9.47203E-01   3.68500E-03   3.39279E-02   1.69385E+04  -5.13758E+04  -4.10758E+04  -8.83993E+04  -1.60075E+05
   1.23620E-02   2.72213E-03   9.47299E-01   3.68537E-03   3.39313E-02   1.68694E+04  -5.13756E+04  -4.10746E+04  -8.83931E+04  -1.60084E+05
   1.22620E-02   2.72240E-03   9.47395E-01   3.68574E-03   3.39348E-02   1.67997E+04  -5.13755E+04  -4.10734E+04  -8.83870E+04  -1.60092E+05
   1.21620E-02   2.72268E-03   9.47491E-01   3.68611E-03   3.39382E-02   1.67294E+04  -5.13753E+04  -4.10722E+04  -8.83808E+04  -1.60101E+05
   1.20620E-02   2.72296E-03   9.47587E-01   3.68649E-03   3.39417E-02   1.66586E+04  -5.13751E+04  -4.10710E+04  -8.83747E+04  -1.60110E+05
   1.19620E-02   2.72323E-03   9.47683E-01   3.68686E-03   3.39451E-02   1.65873E+04  -5.13749E+04  -4.10698E+04  -8.83685E+04  -1.60119E+05
   1.18620E-02   2.72351E-03   9.47779E-01   3.68723E-03   3.39485E-02   1.65154E+04  -5.13747E+04  -4.10686E+04  -8.83624E+04  -1.60128E+05
   1.17620E-02   2.72378E-03   9.47875E-01   3.68761E-03   3.39520E-02   1.64429E+04  -5.13746E+04  -4.10674E+04  -8.83562E+04  -1.60137E+05
   1.16620E-02   2.72406E-03   9.47971E-01   3.68798E-03   3.39554E-02   1.63699E+04  -5.13744E+04  -4.10662E+04  -8.83501E+04  -1.60146E+05
   1.15620E-02   2.72433E-03   9.48066E-01   3.68835E-03   3.39588E-02   1.62962E+04  -5.13742E+04  -4.10650E+04  -8.83440E+04  -1.60154E+05
   1.14620E-02   2.72461E-03   9.48162E-01   3.68873E-03   3.39623E-02   1.62220E+04  -5.13740E+04  -4.10638E+04  -8.83378E+04  -1.60163E+05
   1.13620E-02   2.72489E-03   9.48258E-01   3.68910E-03   3.39657E-02   1.61471E+04  -5.13739E+04  -4.10626E+04  -8.83317E+04  -1.60172E+05
   1.12620E-02   2.72516E-03   9.48354E-01   3.68947E-03   3.39691E-02   1.60716E+04  -5.13737E+04  -4.10614E+04  -8.83256E+04  -1.60181E+05
   1.11620E-02   2.72544E-03   9.48450E-01   3.68985E-03   3.39726E-02   1.59955E+04  -5.13735E+04  -4.10602E+04  -8.83194E+04  -1.60190E+05
   1.10620E-02   2.72571E-03   9.48546E-01   3.69022E-03   3.39760E-02   1.59187E+04  -5.13733E+04  -4.10590E+04  -8.83133E+04  -1.60199E+05
   1.09620E-02   2.72599E-03   9.48642E-01   3.69059E-03   3.39794E-02   1.58412E+04  -5.13732E+04  -4.10578E+04  -8.83072E+04  -1.60208E+05
   1.08620E-02   2.72626E-03   9.48738E-01   3.69097E-03   3.39829E-02   1.57631E+04  -5.13730E+04  -4.10566E+04  -8.83010E+04  -1.60216E+05
   1.07620E-02   2.72654E-03   9.48834E-01   3.69134E-03   3.39863E-02   1.56843E+04  -5.13728E+04  -4.10554E+04  -8.82949E+04  -1.60225E+05
   1.06620E-02   2.72681E-03   9.48930E-01   3.69171E-03   3.39898E-02   1.56048E+04  -5.13727E+04  -4.10542E+04  -8.82888E+04  -1.60234E+05
   1.05620E-02   2.72709E-03   9.49026E-01   3.69209E-03   3.39932E-02   1.55246E+04  -5.13725E+04  -4.10531E+04  -8.82827E+04  -1.60243E+05
   1.04620E-02   2.72737E-03   9.49122E-01   3.69246E-03   3.39966E-02   1.54437E+04  -5.13723E+04  -4.10519E+04  -8.82765E+04  -1.60252E+05
   1.03620E-02   2.72764E-03   9.49217E-01   3.69283E-03   3.40001E-02   1.53620E+04  -5.13722E+04  -4.10507E+04  -8.82704E+04  -1.60261E+05
   1.02620E-02   2.72792E-03   9.49313E-01   3.69320E-03   3.40035E-02   1.52795E+04  -5.13720E+04  -4.10495E+04  -8.82643E+04  -1.60270E+05
   1.01620E-02   2.72819E-03   9.49409E-01   3.69358E-03   3.40069E-02   1.51964E+04  -5.13718E+04  -4.10483E+04  -8.82582E+04  -1.60278E+05
   1.00620E-02   2.72847E-03   9.49505E-01   3.69395E-03   3.40104E-02   1.51124E+04  -5.13717E+04  -4.10471E+04  -8.82521E+04  -1.60287E+05
   9.96201E-03   2.72874E-03   9.49601E-01   3.69432E-03   3.40138E-02   1.50276E+04  -5.13715E+04  -4.10459E+04  -8.82460E+04  -1.60296E+05
   9.86201E-03   2.72902E-03   9.49697E-01   3.69470E-03   3.40172E-02   1.49420E+04  -5.13714E+04  -4.10447E+04  -8.82399E+04  -1.60305E+05
   9.76201E-03   2.72930E-03   9.49793E-01   3.69507E-03   3.40207E-02   1.48556E+04  -5.13712E+04  -4.10436E+04  -8.82338E+04  -1.60314E+05
   9.66201E-03   2.72957E-03   9.49889E-01   3.69544E-03   3.40241E-02   1.47683E+04  -5.13710E+04  -4.10424E+04  -8.82277E+04  -1.60323E+05
   9.56201E-03   2.72985E-03   9.49985E-01   3.69582E-03   3.40275E-02   1.46802E+04  -5.13709E+04  -4.10412E+04  -8.82216E+04  -1.60331E+05
   9.46201E-03   2.73012E-03   9.50081E-01   3.69619E-03   3.40310E-02   1.45911E+04  -5.13707E+04  -4.10400E+04  -8.82155E+04  -1.60340E+05
   9.36201E-03   2.73040E-03   9.50177E-01   3.69656E-03   3.40344E-02   1.45012E+04  -5.13706E+04  -4.10388E+04  -8.82094E+04  -1.60349E+05
   9.26201E-03   2.73067E-03   9.50273E-01   3.69694E-03   3.40378E-02   1.44104E+04  -5.13704E+04  -4.10376E+04  -8.82033E+04  -1.60358E+05
   9.16201E-03   2.73095E-03   9.50368E-01   3.69731E-03   3.40413E-02   1.43186E+04  -5.13703E+04  -4.10365E+04  -8.81972E+04  -1.60367E+05
   9.06201E-03   2.73122E-03   9.50464E-01   3.69768E-03   3.40447E-02   1.42258E+04  -5.13701E+04  -4.10353E+04  -8.81911E+04  -1.60376E+05
   8.96201E-03   2.73150E-03   9.50560E-01   3.69806E-03   3.40482E-02   1.41321E+04  -5.13700E+04  -4.10341E+04  -8.81850E+04  -1.60384E+05
   8.86201E-03   2.73178E-03   9.50656E-01   3.69843E-03   3.40516E-02   1.40373E+04  -5.13698E+04  -4.10329E+04  -8.81789E+04  -1.60393E+05
   8.76201E-03   2.73205E-03   9.50752E-01   3.69880E-03   3.40550E-02   1.39416E+04  -5.13697E+04  -4.10317E+04  -8.81728E+04  -1.60402E+05
   8.66201E-03   2.73233E-03   9.50848E-01   3.69918E-03   3.40585E-02   1.38447E+04  -5.13695E+04  -4.10306E+04  -8.81667E+04  -1.60411E+05
   8.56201E-03   2.73260E-03   9.50944E-01   3.69955E-03   3.40619E-02   1.37468E+04  -5.13694E+04  -4.10294E+04  -8.81606E+04  -1.60420E+05
   8.46201E-03   2.73288E-03   9.51040E-01   3.69992E-03   3.40653E-02   1.36478E+04  -5.13692E+04  -4.10282E+04  -8.81545E+04  -1.60429E+05
   8.36201E-03   2.73315E-03   9.51136E-01   3.70029E-03   3.40688E-02   1.35477E+04  -5.13691E+04  -4.10270E+04  -8.81485E+04  -1.60437E+05
   8.26201E-03   2.73343E-03   9.51232E-01   3.70067E-03   3.40722E-02   1.34464E+04  -5.13689E+04  -4.10258E+04  -8.81424E+04  -1.60446E+05
   8.16201E-03   2.73371E-03   9.51328E-01   3.70104E-03   3.40756E-02   1.33439E+04  -5.13688E+04  -4.10247E+04  -8.81363E+04  -1.60455E+05
   8.06201E-03   2.73398E-03   9.51424E-01   3.70141E-03   3.40791E-02   1.32402E+04  -5.13686E+04  -4.10235E+04  -8.81302E+04  -1.60464E+05
   7.96201E-03   2.73426E-03   9.51519E-01   3.70179E-03   3.40825E-02   1.31353E+04  -5.13685E+04  -4.10223E+04  -8.81242E+04  -1.60473E+05
   7.86201E-03   2.73453E-03   9.51615E-01   3.70216E-03   3.40859E-02   1.30291E+04  -5.13684E+04  -4.10211E+04  -8.81181E+04  -1.60481E+05
   7.76201E-03   2.73481E-03   9.51711E-01   3.70253E-03   3.40894E-02   1.29216E+04  -5.13682E+04  -4.10200E+04  -8.81120E+04  -1.60490E+05
   7.66201E-03   2.73508E-03   9.51807E-01   3.70291E-03   3.40928E-02   1.28127E+04  -5.13681E+04  -4.10188E+04  -8.81060E+04  -1.60499E+05
   7.56201E-03   2.73536E-03   9.51903E-01   3.70328E-03   3.40963E-02   1.27025E+04  -5.13679E+04  -4.10176E+04  -8.80999E+04  -1.60508E+05
   7.46201E-03   2.73563E-03   9.51999E-01   3.70365E-03   3.40997E-02   1.25908E+04  -5.13678E+04  -4.10165E+04  -8.80938E+04  -1.60517E+05
   7.36201E-03   2.73591E-03   9.52095E-01   3.70403E-03   3.41031E-02   1.24777E+04  -5.13677E+04  -4.10153E+04  -8.80878E+04  -1.60526E+05
   7.26201E-03   2.73619E-03   9.52191E-01   3.70440E-03   3.41066E-02   1.23631E+04  -5.13675E+04  -4.10141E+04  -8.80817E+04  -1.60534E+05
   7.16201E-03   2.73646E-03   9.52287E-01   3.70477E-03   3.41100E-02   1.22470E+04  -5.13674E+04  -4.10129E+04  -8.80756E+04  -1.60543E+05
   7.06201E-03   2.73674E-03   9.52383E-01   3.70515E-03   3.41134E-02   1.21292E+04  -5.13673E+04  -4.10118E+04  -8.80696E+04  -1.60552E+05
   6.96201E-03   2.73701E-03   9.52479E-01   3.70552E-03   3.41169E-02   1.20099E+04  -5.13671E+04  -4.10106E+04  -8.80635E+04  -1.60561E+05
   6.86201E-03   2.73729E-03   9.52575E-01   3.70589E-03   3.41203E-02   1.18889E+04  -5.13670E+04  -4.10094E+04  -8.80575E+04  -1.60570E+05
   6.76201E-03   2.73756E-03   9.52670E-01   3.70627E-03   3.41237E-02   1.17662E+04  -5.13669E+04  -4.10083E+04  -8.80514E+04  -1.60578E+05
   6.66201E-03   2.73784E-03   9.52766E-01   3.70664E-03   3.41272E-02   1.16417E+04  -5.13667E+04  -4.10071E+04  -8.80454E+04  -1.60587E+05
   6.56201E-03   2.73812E-03   9.52862E-01   3.70701E-03   3.41306E-02   1.15154E+04  -5.13666E+04  -4.10059E+04  -8.80393E+04  -1.60596E+05
   6.46201E-03   2.73839E-03   9.52958E-01   3.70738E-03   3.41340E-02   1.13872E+04  -5.13665E+04  -4.10048E+04  -8.80333E+04  -1.60605E+05
   6.36201E-03   2.73867E-03   9.53054E-01   3.70776E-03   3.41375E-02   1.12571E+04  -5.13663E+04  -4.10036E+04  -8.80272E+04  -1.60614E+05
   6.26201E-03   2.73894E-03   9.53150E-01   3.70813E-03   3.41409E-02   1.11249E+04  -5.13662E+04  -4.10024E+04  -8.80212E+04  -1.60622E+05
   6.16201E-03   2.73922E-03   9.53246E-01   3.70850E-03   3.41444E-02   1.09908E+04  -5.13661E+04  -4.10013E+04  -8.80152E+04  -1.60631E+05
   6.06201E-03   2.73949E-03   9.53342E-01   3.70888E-03   3.41478E-02   1.08544E+04  -5.13660E+04  -4.10001E+04  -8.80091E+04  -1.60640E+05
   5.96201E-03   2.73977E-03   9.53438E-01   3.70925E-03   3.41512E-02   1.07159E+04  -5.13658E+04  -4.09989E+04  -8.80031E+04  -1.60649E+05
   5.86201E-03   2.74004E-03   9.53534E-01   3.70962E-03   3.41547E-02   1.05751E+04  -5.13657E+04  -4.09978E+04  -8.79970E+04  -1.60658E+05
   5.76201E-03   2.74032E-03   9.53630E-01   3.71000E-03   3.41581E-02   1.04320E+04  -5.13656E+04  -4.09966E+04  -8.79910E+04  -1.60666E+05
   5.66201E-03   2.74060E-03   9.53725E-01   3.71037E-03   3.41615E-02   1.02864E+04  -5.13655E+04  -4.09954E+04  -8.79850E+04  -1.60675E+05
   5.56201E-03   2.74087E-03   9.53821E-01   3.71074E-03   3.41650E-02   1.01383E+04  -5.13653E+04  -4.09943E+04  -8.79790E+04  -1.60684E+05
   5.46201E-03   2.74115E-03   9.53917E-01   3.71112E-03   3.41684E-02   9.98755E+03  -5.13652E+04  -4.09931E+04  -8.79729E+04  -1.60693E+05
   5.36201E-03   2.74142E-03   9.54013E-01   3.71149E-03   3.41718E-02   9.83411E+03  -5.13651E+04  -4.09919E+04  -8.79669E+04  -1.60702E+05
   5.26201E-03   2.74170E-03   9.54109E-01   3.71186E-03   3.41753E-02   9.67786E+03  -5.13650E+04  -4.09908E+04  -8.79609E+04  -1.60710E+05
   5.16201E-03   2.74197E-03   9.54205E-01   3.71224E-03   3.41787E-02   9.51868E+03  -5.13649E+04  -4.09896E+04  -8.79549E+04  -1.60719E+05
   5.06201E-03   2.74225E-03   9.54301E-01   3.71261E-03   3.41821E-02   9.35647E+03  -5.13648E+04  -4.09885E+04  -8.79488E+04  -1.60728E+05
   4.96201E-03   2.74253E-03   9.54397E-01   3.71298E-03   3.41856E-02   9.19110E+03  -5.13646E+04  -4.09873E+04  -8.79428E+04  -1.60737E+05
   4.86201E-03   2.74280E-03   9.54493E-01   3.71335E-03   3.41890E-02   9.02245E+03  -5.13645E+04  -4.09861E+04  -8.79368E+04  -1.60745E+05
   4.76201E-03   2.74308E-03   9.54589E-01   3.71373E-03   3.41925E-02   8.85037E+03  -5.13644E+04  -4.09850E+04  -8.79308E+04  -1.60754E+05
   4.66201E-03   2.74335E-03   9.54685E-01   3.71410E-03   3.41959E-02   8.67473E+03  -5.13643E+04  -4.09838E+04  -8.79248E+04  -1.60763E+05
   4.56201E-03   2.74363E-03   9.54781E-01   3.71447E-03   3.41993E-02   8.49536E+03  -5.13642E+04  -4.09827E+04  -8.79188E+04  -1.60772E+05
   4.46201E-03   2.74390E-03   9.54876E-01   3.71485E-03   3.42028E-02   8.31210E+03  -5.13641E+04  -4.09815E+04  -8.79127E+04  -1.60781E+05
   4.36201E-03   2.74418E-03   9.54972E-01   3.71522E-03   3.42062E-02   8.12478E+03  -5.13640E+04  -4.09804E+04  -8.79067E+04  -1.60789E+05
   4.26201E-03   2.74445E-03   9.55068E-01   3.71559E-03   3.42096E-02   7.93321E+03  -5.13639E+04  -4.09792E+04  -8.79007E+04  -1.60798E+05
   4.16201E-03   2.74473E-03   9.55164E-01   3.71597E-03   3.42131E-02   7.73718E+03  -5.13638E+04  -4.09781E+04  -8.78947E+04  -1.60807E+05
   4.06201E-03   2.74501E-03   9.55260E-01   3.71634E-03   3.42165E-02   7.53648E+03  -5.13636E+04  -4.09769E+04  -8.78887E+04  -1.60816E+05
   3.96201E-03   2.74528E-03   9.55356E-01   3.71671E-03   3.42199E-02   7.33088E+03  -5.13635E+04  -4.09757E+04  -8.78827E+04  -1.60824E+05
   3.86201E-03   2.74556E-03   9.55452E-01   3.71709E-03   3.42234E-02   7.12012E+03  -5.13634E+04  -4.09746E+04  -8.78767E+04  -1.60833E+05
   3.76201E-03   2.74583E-03   9.55548E-01   3.71746E-03   3.42268E-02   6.90393E+03  -5.13633E+04  -4.09734E+04  -8.78707E+04  -1.60842E+05
   3.66201E-03   2.74611E-03   9.55644E-01   3.71783E-03   3.42302E-02   6.68203E+03  -5.13632E+04  -4.09723E+04  -8.78647E+04  -1.60851E+05
   3.56201E-03   2.74638E-03   9.55740E-01   3.71821E-03   3.42337E-02   6.45409E+03  -5.13631E+04  -4.09711E+04  -8.78587E+04  -1.60859E+05
   3.46201E-03   2.74666E-03   9.55836E-01   3.71858E-03   3.42371E-02   6.21977E+03  -5.13630E+04  -4.09700E+04  -8.78528E+04  -1.60868E+05
   3.36201E-03   2.74694E-03   9.55932E-01   3.71895E-03   3.42405E-02   5.97870E+03  -5.13629E+04  -4.09688E+04  -8.78468E+04  -1.60877E+05
   3.26201E-03   2.74721E-03   9.56027E-01   3.71933E-03   3.42440E-02   5.73047E+03  -5.13628E+04  -4.09677E+04  -8.78408E+04  -1.60886E+05
   3.16201E-03   2.74749E-03   9.56123E-01   3.71970E-03   3.42474E-02   5.47463E+03  -5.13627E+04  -4.09665E+04  -8.78348E+04  -1.60895E+05
   3.06201E-03   2.74776E-03   9.56219E-01   3.72007E-03   3.42509E-02   5.21069E+03  -5.13626E+04  -4.09654E+04  -8.78288E+04  -1.60903E+05
   2.96201E-03   2.74804E-03   9.56315E-01   3.72044E-03   3.42543E-02   4.93812E+03  -5.13625E+04  -4.09642E+04  -8.78228E+04  -1.60912E+05
   2.86201E-03   2.74831E-03   9.56411E-01   3.72082E-03   3.42577E-02   4.65633E+03  -5.13624E+04  -4.09631E+04  -8.78168E+04  -1.60921E+05
   2.76201E-03   2.74859E-03   9.56507E-01   3.72119E-03   3.42612E-02   4.36465E+03  -5.13623E+04  -4.09619E+04  -8.78109E+04  -1.60930E+05
   2.66201E-03   2.74886E-03   9.56603E-01   3.72156E-03   3.42646E-02   4.06236E+03  -5.13622E+04  -4.09608E+04  -8.78049E+04  -1.60938E+05
   2.56201E-03   2.74914E-03   9.56699E-01   3.72194E-03   3.42680E-02   3.74864E+03  -5.13621E+04  -4.09596E+04  -8.77989E+04  -1.60947E+05
   2.46201E-03   2.74942E-03   9.56795E-01   3.72231E-03   3.42715E-02   3.42259E+03  -5.13621E+04  -4.09585E+04  -8.77929E+04  -1.60956E+05
   2.36201E-03   2.74969E-03   9.56891E-01   3.72268E-03   3.42749E-02   3.08317E+03  -5.13620E+04  -4.09574E+04  -8.77870E+04  -1.60965E+05
   2.26201E-03   2.74997E-03   9.56987E-01   3.72306E-03   3.42783E-02   2.72925E+03  -5.13619E+04  -4.09562E+04  -8.77810E+04  -1.60973E+05
   2.16201E-03   2.75024E-03   9.57083E-01   3.72343E-03   3.42818E-02   2.35949E+03  -5.13618E+04  -4.09551E+04  -8.77750E+04  -1.60982E+05
   2.06201E-03   2.75052E-03   9.57178E-01   3.72380E-03   3.42852E-02   1.97241E+03  -5.13617E+04  -4.09539E+04  -8.77691E+04  -1.60991E+05
   1.96201E-03   2.75079E-03   9.57274E-01   3.72418E-03   3.42886E-02   1.56628E+03  -5.13616E+04  -4.09528E+04  -8.77631E+04  -1.61000E+05
   1.86201E-03   2.75107E-03   9.57370E-01   3.72455E-03   3.42921E-02   1.13909E+03  -5.13615E+04  -4.09516E+04  -8.77571E+04  -1.61008E+05
   1.76201E-03   2.75134E-03   9.57466E-01   3.72492E-03   3.42955E-02   6.88544E+02  -5.13614E+04  -4.09505E+04  -8.77512E+04  -1.61017E+05
   1.66201E-03   2.75162E-03   9.57562E-01   3.72530E-03   3.42990E-02   2.11891E+02  -5.13613E+04  -4.09494E+04  -8.77452E+04  -1.61026E+05
   1.56201E-03   2.75190E-03   9.57658E-01   3.72567E-03   3.43024E-02  -2.94107E+02  -5.13613E+04  -4.09482E+04  -8.77393E+04  -1.61035E+05
   1.46201E-03   2.75217E-03   9.57754E-01   3.72604E-03   3.43058E-02  -8.33335E+02  -5.13612E+04  -4.09471E+04  -8.77333E+04  -1.61043E+05
   1.36201E-03   2.75245E-03   9.57850E-01   3.72642E-03   3.43093E-02  -1.41050E+03  -5.13611E+04  -4.09459E+04  -8.77273E+04  -1.61052E+05
   1.26201E-03   2.75272E-03   9.57946E-01   3.72679E-03   3.43127E-02  -2.03141E+03  -5.13610E+04  -4.09448E+04  -8.77214E+04  -1.61061E+05
   1.16201E-03   2.75300E-03   9.58042E-01   3.72716E-03   3.43161E-02  -2.70328E+03  -5.13609E+04  -4.09436E+04  -8.77154E+04  -1.61070E+05
   1.06201E-03   2.75327E-03   9.58138E-01   3.72753E-03   3.43196E-02  -3.43529E+03  -5.13608E+04  -4.09425E+04  -8.77095E+04  -1.61078E+05
   9.62012E-04   2.75355E-03   9.58234E-01   3.72791E-03   3.43230E-02  -4.23936E+03  -5.13608E+04  -4.09414E+04  -8.77035E+04  -1.61087E+05
   8.62012E-04   2.75383E-03   9.58329E-01   3.72828E-03   3.43264E-02  -5.13133E+03  -5.13607E+04  -4.09402E+04  -8.76976E+04  -1.61096E+05
   7.62012E-04   2.75410E-03   9.58425E-01   3.72865E-03   3.43299E-02  -6.13294E+03  -5.13606E+04  -4.09391E+04  -8.76917E+04  -1.61104E+05
   6.62012E-04   2.75438E-03   9.58521E-01   3.72903E-03   3.43333E-02  -7.27510E+03  -5.13605E+04  -4.09380E+04  -8.76857E+04  -1.61113E+05
   5.62012E-04   2.75465E-03   9.58617E-01   3.72940E-03   3.43367E-02  -8.60402E+03  -5.13605E+04  -4.09368E+04  -8.76798E+04  -1.61122E+05
   4.62012E-04   2.75493E-03   9.58713E-01   3.72977E-03   3.43402E-02  -1.01933E+04  -5.13604E+04  -4.09357E+04  -8.76738E+04  -1.61131E+05
   3.62012E-04   2.75520E-03   9.58809E-01   3.73015E-03   3.43436E-02  -1.21707E+04  -5.13603E+04  -4.09346E+04  -8.76679E+04  -1.61139E+05
   2.62012E-04   2.75548E-03   9.58905E-01   3.73052E-03   3.43471E-02  -1.47904E+04  -5.13602E+04  -4.09334E+04  -8.76620E+04  -1.61148E+05
   1.62012E-04   2.75575E-03   9.59001E-01   3.73089E-03   3.43505E-02  -1.86839E+04  -5.13602E+04  -4.09323E+04  -8.76560E+04  -1.61157E+05
   6.20121E-05   2.75603E-03   9.59097E-01   3.73127E-03   3.43539E-02  -2.64582E+04  -5.13601E+04  -4.09312E+04  -8.76501E+04  -1.61166E+05
   1.00000E-06   2.75620E-03   9.59155E-01   3.73149E-03   3.43560E-02  -5.98559E+04  -5.13600E+04  -4.09305E+04  -8.76465E+04  -1.61171E+05
