
 Phase Region for:
     FCC_A1                        
 col-1=X(C), col-2=X(CU), col-3=X(FE), col-4=X(MN), col-5=X(SI), col-6=MU(C), col-7=MU(CU), col-8=MU(FE), col-9=MU(MN), col-10=MU(SI),
   9.72763E-03   2.72939E-03   9.49826E-01   3.69520E-03   3.40219E-02  -1.80726E+04  -5.77110E+04  -4.06111E+04  -9.82905E+04  -1.58278E+05
   1.07276E-02   2.72663E-03   9.48867E-01   3.69147E-03   3.39875E-02  -1.71968E+04  -5.76433E+04  -4.06241E+04  -9.83370E+04  -1.58178E+05
   1.17276E-02   2.72388E-03   9.47908E-01   3.68774E-03   3.39531E-02  -1.63914E+04  -5.75758E+04  -4.06372E+04  -9.83837E+04  -1.58077E+05
   1.27276E-02   2.72112E-03   9.46948E-01   3.68400E-03   3.39188E-02  -1.56449E+04  -5.75086E+04  -4.06505E+04  -9.84306E+04  -1.57977E+05
   1.37276E-02   2.71837E-03   9.45989E-01   3.68027E-03   3.38844E-02  -1.49484E+04  -5.74417E+04  -4.06638E+04  -9.84776E+04  -1.57877E+05
   1.47276E-02   2.71561E-03   9.45030E-01   3.67654E-03   3.38501E-02  -1.42947E+04  -5.73750E+04  -4.06772E+04  -9.85247E+04  -1.57776E+05
   1.57276E-02   2.71285E-03   9.44071E-01   3.67281E-03   3.38157E-02  -1.36782E+04  -5.73086E+04  -4.06908E+04  -9.85720E+04  -1.57676E+05
   1.67276E-02   2.71010E-03   9.43112E-01   3.66908E-03   3.37814E-02  -1.30944E+04  -5.72424E+04  -4.07044E+04  -9.86195E+04  -1.57575E+05
   1.77276E-02   2.70734E-03   9.42153E-01   3.66535E-03   3.37470E-02  -1.25393E+04  -5.71766E+04  -4.07182E+04  -9.86671E+04  -1.57475E+05
   1.87276E-02   2.70458E-03   9.41194E-01   3.66162E-03   3.37126E-02  -1.20099E+04  -5.71110E+04  -4.07320E+04  -9.87149E+04  -1.57374E+05
   1.97276E-02   2.70183E-03   9.40234E-01   3.65788E-03   3.36783E-02  -1.15034E+04  -5.70457E+04  -4.07460E+04  -9.87629E+04  -1.57274E+05
   2.07276E-02   2.69907E-03   9.39275E-01   3.65415E-03   3.36439E-02  -1.10175E+04  -5.69806E+04  -4.07600E+04  -9.88110E+04  -1.57173E+05
   2.17276E-02   2.69632E-03   9.38316E-01   3.65042E-03   3.36096E-02  -1.05503E+04  -5.69159E+04  -4.07742E+04  -9.88593E+04  -1.57072E+05
   2.27276E-02   2.69356E-03   9.37357E-01   3.64669E-03   3.35752E-02  -1.01001E+04  -5.68514E+04  -4.07885E+04  -9.89077E+04  -1.56971E+05
   2.37276E-02   2.69080E-03   9.36398E-01   3.64296E-03   3.35409E-02  -9.66539E+03  -5.67872E+04  -4.08029E+04  -9.89563E+04  -1.56870E+05
   2.47276E-02   2.68805E-03   9.35439E-01   3.63923E-03   3.35065E-02  -9.24489E+03  -5.67234E+04  -4.08174E+04  -9.90051E+04  -1.56769E+05
   2.57276E-02   2.68529E-03   9.34479E-01   3.63549E-03   3.34722E-02  -8.83745E+03  -5.66598E+04  -4.08320E+04  -9.90540E+04  -1.56669E+05
   2.67276E-02   2.68253E-03   9.33520E-01   3.63176E-03   3.34378E-02  -8.44206E+03  -5.65964E+04  -4.08467E+04  -9.91031E+04  -1.56568E+05
   2.77276E-02   2.67978E-03   9.32561E-01   3.62803E-03   3.34034E-02  -8.05783E+03  -5.65334E+04  -4.08615E+04  -9.91524E+04  -1.56466E+05
   2.87276E-02   2.67702E-03   9.31602E-01   3.62430E-03   3.33691E-02  -7.68395E+03  -5.64707E+04  -4.08764E+04  -9.92018E+04  -1.56365E+05
   2.97276E-02   2.67427E-03   9.30643E-01   3.62057E-03   3.33347E-02  -7.31970E+03  -5.64083E+04  -4.08915E+04  -9.92514E+04  -1.56264E+05
   3.07276E-02   2.67151E-03   9.29684E-01   3.61684E-03   3.33004E-02  -6.96443E+03  -5.63462E+04  -4.09066E+04  -9.93011E+04  -1.56163E+05
   3.17276E-02   2.66875E-03   9.28724E-01   3.61311E-03   3.32660E-02  -6.61755E+03  -5.62844E+04  -4.09219E+04  -9.93511E+04  -1.56062E+05
   3.27276E-02   2.66600E-03   9.27765E-01   3.60937E-03   3.32317E-02  -6.27853E+03  -5.62228E+04  -4.09373E+04  -9.94012E+04  -1.55960E+05
   3.37276E-02   2.66324E-03   9.26806E-01   3.60564E-03   3.31973E-02  -5.94689E+03  -5.61616E+04  -4.09528E+04  -9.94514E+04  -1.55859E+05
   3.47276E-02   2.66049E-03   9.25847E-01   3.60191E-03   3.31630E-02  -5.62217E+03  -5.61008E+04  -4.09684E+04  -9.95019E+04  -1.55758E+05
   3.57276E-02   2.65773E-03   9.24888E-01   3.59818E-03   3.31286E-02  -5.30399E+03  -5.60402E+04  -4.09841E+04  -9.95525E+04  -1.55656E+05
   3.67276E-02   2.65497E-03   9.23929E-01   3.59445E-03   3.30942E-02  -4.99196E+03  -5.59799E+04  -4.09999E+04  -9.96033E+04  -1.55555E+05
   3.77276E-02   2.65222E-03   9.22970E-01   3.59072E-03   3.30599E-02  -4.68574E+03  -5.59200E+04  -4.10159E+04  -9.96542E+04  -1.55453E+05
   3.87276E-02   2.64946E-03   9.22010E-01   3.58699E-03   3.30255E-02  -4.38503E+03  -5.58604E+04  -4.10320E+04  -9.97054E+04  -1.55351E+05
   3.97276E-02   2.64670E-03   9.21051E-01   3.58325E-03   3.29912E-02  -4.08953E+03  -5.58011E+04  -4.10482E+04  -9.97567E+04  -1.55250E+05
   4.07276E-02   2.64395E-03   9.20092E-01   3.57952E-03   3.29568E-02  -3.79896E+03  -5.57421E+04  -4.10645E+04  -9.98082E+04  -1.55148E+05
   4.17276E-02   2.64119E-03   9.19133E-01   3.57579E-03   3.29225E-02  -3.51309E+03  -5.56834E+04  -4.10809E+04  -9.98598E+04  -1.55046E+05
   4.27276E-02   2.63844E-03   9.18174E-01   3.57206E-03   3.28881E-02  -3.23168E+03  -5.56251E+04  -4.10974E+04  -9.99117E+04  -1.54945E+05
   4.37276E-02   2.63568E-03   9.17215E-01   3.56833E-03   3.28537E-02  -2.95451E+03  -5.55671E+04  -4.11141E+04  -9.99637E+04  -1.54843E+05
   4.47276E-02   2.63292E-03   9.16255E-01   3.56460E-03   3.28194E-02  -2.68138E+03  -5.55095E+04  -4.11309E+04  -1.00016E+05  -1.54741E+05
   4.57276E-02   2.63017E-03   9.15296E-01   3.56086E-03   3.27850E-02  -2.41211E+03  -5.54522E+04  -4.11478E+04  -1.00068E+05  -1.54639E+05
   4.67276E-02   2.62741E-03   9.14337E-01   3.55713E-03   3.27507E-02  -2.14651E+03  -5.53952E+04  -4.11648E+04  -1.00121E+05  -1.54537E+05
   4.77276E-02   2.62465E-03   9.13378E-01   3.55340E-03   3.27163E-02  -1.88443E+03  -5.53386E+04  -4.11820E+04  -1.00174E+05  -1.54435E+05
   4.87276E-02   2.62190E-03   9.12419E-01   3.54967E-03   3.26820E-02  -1.62571E+03  -5.52823E+04  -4.11993E+04  -1.00226E+05  -1.54333E+05
   4.97276E-02   2.61914E-03   9.11460E-01   3.54594E-03   3.26476E-02  -1.37021E+03  -5.52263E+04  -4.12167E+04  -1.00280E+05  -1.54231E+05
   5.07276E-02   2.61639E-03   9.10501E-01   3.54221E-03   3.26133E-02  -1.11778E+03  -5.51708E+04  -4.12342E+04  -1.00333E+05  -1.54129E+05
   5.17276E-02   2.61363E-03   9.09541E-01   3.53848E-03   3.25789E-02  -8.68309E+02  -5.51155E+04  -4.12519E+04  -1.00386E+05  -1.54026E+05
   5.27276E-02   2.61087E-03   9.08582E-01   3.53474E-03   3.25445E-02  -6.21663E+02  -5.50606E+04  -4.12696E+04  -1.00440E+05  -1.53924E+05
   5.37276E-02   2.60812E-03   9.07623E-01   3.53101E-03   3.25102E-02  -3.77732E+02  -5.50061E+04  -4.12875E+04  -1.00494E+05  -1.53822E+05
   5.47276E-02   2.60536E-03   9.06664E-01   3.52728E-03   3.24758E-02  -1.36407E+02  -5.49520E+04  -4.13056E+04  -1.00548E+05  -1.53720E+05
   5.57276E-02   2.60260E-03   9.05705E-01   3.52355E-03   3.24415E-02   1.02413E+02  -5.48982E+04  -4.13237E+04  -1.00602E+05  -1.53617E+05
   5.67276E-02   2.59985E-03   9.04746E-01   3.51982E-03   3.24071E-02   3.38826E+02  -5.48447E+04  -4.13420E+04  -1.00656E+05  -1.53515E+05
   5.77276E-02   2.59709E-03   9.03786E-01   3.51609E-03   3.23728E-02   5.72923E+02  -5.47917E+04  -4.13605E+04  -1.00711E+05  -1.53413E+05
   5.87276E-02   2.59434E-03   9.02827E-01   3.51236E-03   3.23384E-02   8.04790E+02  -5.47390E+04  -4.13790E+04  -1.00766E+05  -1.53310E+05
   5.97276E-02   2.59158E-03   9.01868E-01   3.50862E-03   3.23040E-02   1.03451E+03  -5.46867E+04  -4.13977E+04  -1.00821E+05  -1.53208E+05
   6.07276E-02   2.58882E-03   9.00909E-01   3.50489E-03   3.22697E-02   1.26217E+03  -5.46347E+04  -4.14165E+04  -1.00876E+05  -1.53105E+05
   6.17276E-02   2.58607E-03   8.99950E-01   3.50116E-03   3.22353E-02   1.48783E+03  -5.45832E+04  -4.14355E+04  -1.00931E+05  -1.53003E+05
   6.27276E-02   2.58331E-03   8.98991E-01   3.49743E-03   3.22010E-02   1.71113E+03  -5.45320E+04  -4.14545E+04  -1.00986E+05  -1.52900E+05
   6.37276E-02   2.58056E-03   8.98031E-01   3.49370E-03   3.21666E-02   1.93292E+03  -5.44812E+04  -4.14737E+04  -1.01042E+05  -1.52797E+05
   6.47276E-02   2.57780E-03   8.97072E-01   3.48997E-03   3.21323E-02   2.15291E+03  -5.44308E+04  -4.14931E+04  -1.01098E+05  -1.52695E+05
   6.57276E-02   2.57504E-03   8.96113E-01   3.48624E-03   3.20979E-02   2.37117E+03  -5.43807E+04  -4.15126E+04  -1.01154E+05  -1.52592E+05
   6.67276E-02   2.57229E-03   8.95154E-01   3.48250E-03   3.20636E-02   2.58773E+03  -5.43311E+04  -4.15322E+04  -1.01210E+05  -1.52489E+05
   6.77276E-02   2.56953E-03   8.94195E-01   3.47877E-03   3.20292E-02   2.80267E+03  -5.42819E+04  -4.15519E+04  -1.01266E+05  -1.52386E+05
   6.87276E-02   2.56677E-03   8.93236E-01   3.47504E-03   3.19948E-02   3.01604E+03  -5.42330E+04  -4.15718E+04  -1.01323E+05  -1.52284E+05
   6.97276E-02   2.56402E-03   8.92277E-01   3.47131E-03   3.19605E-02   3.22788E+03  -5.41846E+04  -4.15919E+04  -1.01380E+05  -1.52181E+05
   7.07276E-02   2.56126E-03   8.91317E-01   3.46758E-03   3.19261E-02   3.43824E+03  -5.41366E+04  -4.16120E+04  -1.01437E+05  -1.52078E+05
   7.17276E-02   2.55851E-03   8.90358E-01   3.46385E-03   3.18918E-02   3.64717E+03  -5.40889E+04  -4.16323E+04  -1.01494E+05  -1.51975E+05
   7.27276E-02   2.55575E-03   8.89399E-01   3.46011E-03   3.18574E-02   3.85471E+03  -5.40417E+04  -4.16528E+04  -1.01551E+05  -1.51872E+05
   7.37276E-02   2.55299E-03   8.88440E-01   3.45638E-03   3.18231E-02   4.06091E+03  -5.39949E+04  -4.16734E+04  -1.01608E+05  -1.51769E+05
   7.47276E-02   2.55024E-03   8.87481E-01   3.45265E-03   3.17887E-02   4.26581E+03  -5.39485E+04  -4.16941E+04  -1.01666E+05  -1.51666E+05
   7.57276E-02   2.54748E-03   8.86522E-01   3.44892E-03   3.17544E-02   4.46944E+03  -5.39025E+04  -4.17150E+04  -1.01723E+05  -1.51563E+05
   7.67276E-02   2.54472E-03   8.85562E-01   3.44519E-03   3.17200E-02   4.67184E+03  -5.38570E+04  -4.17360E+04  -1.01781E+05  -1.51460E+05
   7.77276E-02   2.54197E-03   8.84603E-01   3.44146E-03   3.16856E-02   4.87306E+03  -5.38118E+04  -4.17571E+04  -1.01839E+05  -1.51357E+05
   7.87276E-02   2.53921E-03   8.83644E-01   3.43773E-03   3.16513E-02   5.07311E+03  -5.37671E+04  -4.17784E+04  -1.01898E+05  -1.51254E+05
   7.97276E-02   2.53646E-03   8.82685E-01   3.43399E-03   3.16169E-02   5.27204E+03  -5.37229E+04  -4.17999E+04  -1.01956E+05  -1.51150E+05
   8.07276E-02   2.53370E-03   8.81726E-01   3.43026E-03   3.15826E-02   5.46988E+03  -5.36790E+04  -4.18215E+04  -1.02015E+05  -1.51047E+05
   8.17276E-02   2.53094E-03   8.80767E-01   3.42653E-03   3.15482E-02   5.66665E+03  -5.36356E+04  -4.18432E+04  -1.02073E+05  -1.50944E+05
   8.27276E-02   2.52819E-03   8.79808E-01   3.42280E-03   3.15139E-02   5.86239E+03  -5.35926E+04  -4.18651E+04  -1.02132E+05  -1.50841E+05
   8.37276E-02   2.52543E-03   8.78848E-01   3.41907E-03   3.14795E-02   6.05713E+03  -5.35501E+04  -4.18871E+04  -1.02191E+05  -1.50737E+05
   8.47276E-02   2.52267E-03   8.77889E-01   3.41534E-03   3.14451E-02   6.25089E+03  -5.35079E+04  -4.19093E+04  -1.02251E+05  -1.50634E+05
   8.57276E-02   2.51992E-03   8.76930E-01   3.41161E-03   3.14108E-02   6.44370E+03  -5.34663E+04  -4.19316E+04  -1.02310E+05  -1.50531E+05
   8.67276E-02   2.51716E-03   8.75971E-01   3.40787E-03   3.13764E-02   6.63558E+03  -5.34251E+04  -4.19541E+04  -1.02369E+05  -1.50427E+05
   8.77276E-02   2.51441E-03   8.75012E-01   3.40414E-03   3.13421E-02   6.82657E+03  -5.33843E+04  -4.19767E+04  -1.02429E+05  -1.50324E+05
   8.87276E-02   2.51165E-03   8.74053E-01   3.40041E-03   3.13077E-02   7.01667E+03  -5.33440E+04  -4.19994E+04  -1.02489E+05  -1.50220E+05
   8.97276E-02   2.50889E-03   8.73093E-01   3.39668E-03   3.12734E-02   7.20592E+03  -5.33041E+04  -4.20224E+04  -1.02549E+05  -1.50117E+05
   9.07276E-02   2.50614E-03   8.72134E-01   3.39295E-03   3.12390E-02   7.39434E+03  -5.32647E+04  -4.20454E+04  -1.02609E+05  -1.50013E+05
   9.17276E-02   2.50338E-03   8.71175E-01   3.38922E-03   3.12047E-02   7.58195E+03  -5.32258E+04  -4.20686E+04  -1.02669E+05  -1.49910E+05
   9.27276E-02   2.50063E-03   8.70216E-01   3.38548E-03   3.11703E-02   7.76876E+03  -5.31873E+04  -4.20920E+04  -1.02729E+05  -1.49806E+05
   9.37276E-02   2.49787E-03   8.69257E-01   3.38175E-03   3.11359E-02   7.95481E+03  -5.31493E+04  -4.21156E+04  -1.02790E+05  -1.49702E+05
   9.47276E-02   2.49511E-03   8.68298E-01   3.37802E-03   3.11016E-02   8.14010E+03  -5.31118E+04  -4.21392E+04  -1.02851E+05  -1.49599E+05
   9.57276E-02   2.49236E-03   8.67338E-01   3.37429E-03   3.10672E-02   8.32466E+03  -5.30747E+04  -4.21631E+04  -1.02911E+05  -1.49495E+05
   9.67276E-02   2.48960E-03   8.66379E-01   3.37056E-03   3.10329E-02   8.50850E+03  -5.30381E+04  -4.21871E+04  -1.02972E+05  -1.49391E+05
   9.77276E-02   2.48684E-03   8.65420E-01   3.36683E-03   3.09985E-02   8.69164E+03  -5.30020E+04  -4.22112E+04  -1.03033E+05  -1.49287E+05
   9.87276E-02   2.48409E-03   8.64461E-01   3.36310E-03   3.09642E-02   8.87411E+03  -5.29663E+04  -4.22355E+04  -1.03095E+05  -1.49184E+05
   9.97276E-02   2.48133E-03   8.63502E-01   3.35936E-03   3.09298E-02   9.05590E+03  -5.29312E+04  -4.22600E+04  -1.03156E+05  -1.49080E+05
   1.00728E-01   2.47858E-03   8.62543E-01   3.35563E-03   3.08955E-02   9.23705E+03  -5.28965E+04  -4.22846E+04  -1.03217E+05  -1.48976E+05
   1.01728E-01   2.47582E-03   8.61584E-01   3.35190E-03   3.08611E-02   9.41757E+03  -5.28623E+04  -4.23094E+04  -1.03279E+05  -1.48872E+05
   1.02728E-01   2.47306E-03   8.60624E-01   3.34817E-03   3.08267E-02   9.59747E+03  -5.28286E+04  -4.23343E+04  -1.03341E+05  -1.48768E+05
   1.03728E-01   2.47031E-03   8.59665E-01   3.34444E-03   3.07924E-02   9.77676E+03  -5.27954E+04  -4.23594E+04  -1.03402E+05  -1.48664E+05
   1.04728E-01   2.46755E-03   8.58706E-01   3.34071E-03   3.07580E-02   9.95546E+03  -5.27627E+04  -4.23847E+04  -1.03464E+05  -1.48560E+05
   1.05728E-01   2.46479E-03   8.57747E-01   3.33698E-03   3.07237E-02   1.01336E+04  -5.27305E+04  -4.24101E+04  -1.03526E+05  -1.48456E+05
   1.06728E-01   2.46204E-03   8.56788E-01   3.33324E-03   3.06893E-02   1.03112E+04  -5.26988E+04  -4.24357E+04  -1.03588E+05  -1.48352E+05
   1.07728E-01   2.45928E-03   8.55829E-01   3.32951E-03   3.06550E-02   1.04882E+04  -5.26676E+04  -4.24614E+04  -1.03651E+05  -1.48248E+05
   1.08728E-01   2.45653E-03   8.54869E-01   3.32578E-03   3.06206E-02   1.06646E+04  -5.26369E+04  -4.24873E+04  -1.03713E+05  -1.48144E+05
   1.09728E-01   2.45377E-03   8.53910E-01   3.32205E-03   3.05862E-02   1.08406E+04  -5.26068E+04  -4.25134E+04  -1.03776E+05  -1.48040E+05
   1.10728E-01   2.45101E-03   8.52951E-01   3.31832E-03   3.05519E-02   1.10160E+04  -5.25771E+04  -4.25396E+04  -1.03838E+05  -1.47936E+05
   1.11728E-01   2.44826E-03   8.51992E-01   3.31459E-03   3.05175E-02   1.11910E+04  -5.25480E+04  -4.25660E+04  -1.03901E+05  -1.47831E+05
   1.12728E-01   2.44550E-03   8.51033E-01   3.31085E-03   3.04832E-02   1.13654E+04  -5.25193E+04  -4.25926E+04  -1.03964E+05  -1.47727E+05
   1.13728E-01   2.44275E-03   8.50074E-01   3.30712E-03   3.04488E-02   1.15394E+04  -5.24912E+04  -4.26193E+04  -1.04026E+05  -1.47623E+05
   1.14728E-01   2.43999E-03   8.49115E-01   3.30339E-03   3.04145E-02   1.17129E+04  -5.24636E+04  -4.26462E+04  -1.04089E+05  -1.47518E+05
   1.15728E-01   2.43723E-03   8.48155E-01   3.29966E-03   3.03801E-02   1.18859E+04  -5.24366E+04  -4.26733E+04  -1.04152E+05  -1.47414E+05
   1.16728E-01   2.43448E-03   8.47196E-01   3.29593E-03   3.03458E-02   1.20585E+04  -5.24101E+04  -4.27005E+04  -1.04216E+05  -1.47310E+05
   1.17728E-01   2.43172E-03   8.46237E-01   3.29220E-03   3.03114E-02   1.22307E+04  -5.23841E+04  -4.27279E+04  -1.04279E+05  -1.47205E+05
   1.18728E-01   2.42896E-03   8.45278E-01   3.28847E-03   3.02770E-02   1.24024E+04  -5.23587E+04  -4.27555E+04  -1.04342E+05  -1.47101E+05
   1.19728E-01   2.42621E-03   8.44319E-01   3.28473E-03   3.02427E-02   1.25738E+04  -5.23337E+04  -4.27832E+04  -1.04406E+05  -1.46996E+05
   1.20728E-01   2.42345E-03   8.43360E-01   3.28100E-03   3.02083E-02   1.27447E+04  -5.23094E+04  -4.28111E+04  -1.04469E+05  -1.46892E+05
   1.21728E-01   2.42070E-03   8.42400E-01   3.27727E-03   3.01740E-02   1.29152E+04  -5.22856E+04  -4.28392E+04  -1.04533E+05  -1.46787E+05
   1.22728E-01   2.41794E-03   8.41441E-01   3.27354E-03   3.01396E-02   1.30853E+04  -5.22623E+04  -4.28675E+04  -1.04596E+05  -1.46683E+05
   1.23728E-01   2.41518E-03   8.40482E-01   3.26981E-03   3.01053E-02   1.32550E+04  -5.22396E+04  -4.28959E+04  -1.04660E+05  -1.46578E+05
   1.24728E-01   2.41243E-03   8.39523E-01   3.26608E-03   3.00709E-02   1.34244E+04  -5.22174E+04  -4.29245E+04  -1.04724E+05  -1.46473E+05
   1.25728E-01   2.40967E-03   8.38564E-01   3.26235E-03   3.00365E-02   1.35934E+04  -5.21958E+04  -4.29533E+04  -1.04788E+05  -1.46368E+05
   1.26728E-01   2.40691E-03   8.37605E-01   3.25861E-03   3.00022E-02   1.37621E+04  -5.21748E+04  -4.29823E+04  -1.04852E+05  -1.46264E+05
   1.27728E-01   2.40416E-03   8.36645E-01   3.25488E-03   2.99678E-02   1.39304E+04  -5.21543E+04  -4.30114E+04  -1.04916E+05  -1.46159E+05
   1.28728E-01   2.40140E-03   8.35686E-01   3.25115E-03   2.99335E-02   1.40984E+04  -5.21344E+04  -4.30408E+04  -1.04980E+05  -1.46054E+05
   1.29728E-01   2.39865E-03   8.34727E-01   3.24742E-03   2.98991E-02   1.42660E+04  -5.21151E+04  -4.30703E+04  -1.05044E+05  -1.45949E+05
   1.30728E-01   2.39589E-03   8.33768E-01   3.24369E-03   2.98648E-02   1.44333E+04  -5.20963E+04  -4.31000E+04  -1.05108E+05  -1.45844E+05
   1.31728E-01   2.39313E-03   8.32809E-01   3.23996E-03   2.98304E-02   1.46004E+04  -5.20782E+04  -4.31298E+04  -1.05172E+05  -1.45739E+05
   1.32728E-01   2.39038E-03   8.31850E-01   3.23622E-03   2.97961E-02   1.47671E+04  -5.20606E+04  -4.31599E+04  -1.05237E+05  -1.45634E+05
   1.33728E-01   2.38762E-03   8.30891E-01   3.23249E-03   2.97617E-02   1.49335E+04  -5.20436E+04  -4.31901E+04  -1.05301E+05  -1.45529E+05
   1.34728E-01   2.38486E-03   8.29931E-01   3.22876E-03   2.97273E-02   1.50996E+04  -5.20271E+04  -4.32205E+04  -1.05365E+05  -1.45424E+05
   1.35728E-01   2.38211E-03   8.28972E-01   3.22503E-03   2.96930E-02   1.52654E+04  -5.20113E+04  -4.32511E+04  -1.05430E+05  -1.45319E+05
   1.36728E-01   2.37935E-03   8.28013E-01   3.22130E-03   2.96586E-02   1.54310E+04  -5.19961E+04  -4.32819E+04  -1.05495E+05  -1.45214E+05
   1.37728E-01   2.37660E-03   8.27054E-01   3.21757E-03   2.96243E-02   1.55963E+04  -5.19814E+04  -4.33129E+04  -1.05559E+05  -1.45109E+05
   1.38728E-01   2.37384E-03   8.26095E-01   3.21384E-03   2.95899E-02   1.57613E+04  -5.19674E+04  -4.33440E+04  -1.05624E+05  -1.45003E+05
   1.39728E-01   2.37108E-03   8.25136E-01   3.21010E-03   2.95556E-02   1.59261E+04  -5.19540E+04  -4.33754E+04  -1.05689E+05  -1.44898E+05
   1.40728E-01   2.36833E-03   8.24176E-01   3.20637E-03   2.95212E-02   1.60907E+04  -5.19412E+04  -4.34069E+04  -1.05753E+05  -1.44793E+05
   1.41728E-01   2.36557E-03   8.23217E-01   3.20264E-03   2.94869E-02   1.62550E+04  -5.19290E+04  -4.34386E+04  -1.05818E+05  -1.44687E+05
   1.42728E-01   2.36282E-03   8.22258E-01   3.19891E-03   2.94525E-02   1.64190E+04  -5.19174E+04  -4.34705E+04  -1.05883E+05  -1.44582E+05
   1.43728E-01   2.36006E-03   8.21299E-01   3.19518E-03   2.94181E-02   1.65829E+04  -5.19064E+04  -4.35027E+04  -1.05948E+05  -1.44477E+05
   1.44728E-01   2.35730E-03   8.20340E-01   3.19145E-03   2.93838E-02   1.67465E+04  -5.18961E+04  -4.35350E+04  -1.06013E+05  -1.44371E+05
   1.45728E-01   2.35455E-03   8.19381E-01   3.18772E-03   2.93494E-02   1.69100E+04  -5.18864E+04  -4.35675E+04  -1.06078E+05  -1.44265E+05
   1.46728E-01   2.35179E-03   8.18422E-01   3.18398E-03   2.93151E-02   1.70732E+04  -5.18773E+04  -4.36002E+04  -1.06143E+05  -1.44160E+05
   1.47728E-01   2.34903E-03   8.17462E-01   3.18025E-03   2.92807E-02   1.72362E+04  -5.18688E+04  -4.36331E+04  -1.06208E+05  -1.44054E+05
   1.48728E-01   2.34628E-03   8.16503E-01   3.17652E-03   2.92464E-02   1.73990E+04  -5.18610E+04  -4.36662E+04  -1.06273E+05  -1.43949E+05
   1.49728E-01   2.34352E-03   8.15544E-01   3.17279E-03   2.92120E-02   1.75617E+04  -5.18538E+04  -4.36995E+04  -1.06338E+05  -1.43843E+05
   1.50728E-01   2.34077E-03   8.14585E-01   3.16906E-03   2.91776E-02   1.77242E+04  -5.18473E+04  -4.37330E+04  -1.06403E+05  -1.43737E+05
   1.51728E-01   2.33801E-03   8.13626E-01   3.16533E-03   2.91433E-02   1.78865E+04  -5.18415E+04  -4.37667E+04  -1.06469E+05  -1.43631E+05
   1.52728E-01   2.33525E-03   8.12667E-01   3.16159E-03   2.91089E-02   1.80486E+04  -5.18363E+04  -4.38006E+04  -1.06534E+05  -1.43525E+05
   1.53728E-01   2.33250E-03   8.11707E-01   3.15786E-03   2.90746E-02   1.82106E+04  -5.18317E+04  -4.38347E+04  -1.06599E+05  -1.43420E+05
   1.54728E-01   2.32974E-03   8.10748E-01   3.15413E-03   2.90402E-02   1.83724E+04  -5.18278E+04  -4.38690E+04  -1.06665E+05  -1.43314E+05
   1.55728E-01   2.32698E-03   8.09789E-01   3.15040E-03   2.90059E-02   1.85341E+04  -5.18246E+04  -4.39035E+04  -1.06730E+05  -1.43208E+05
   1.56728E-01   2.32423E-03   8.08830E-01   3.14667E-03   2.89715E-02   1.86957E+04  -5.18221E+04  -4.39383E+04  -1.06795E+05  -1.43102E+05
   1.57728E-01   2.32147E-03   8.07871E-01   3.14294E-03   2.89372E-02   1.88571E+04  -5.18202E+04  -4.39732E+04  -1.06861E+05  -1.42996E+05
   1.58728E-01   2.31872E-03   8.06912E-01   3.13921E-03   2.89028E-02   1.90185E+04  -5.18190E+04  -4.40084E+04  -1.06926E+05  -1.42890E+05
   1.59728E-01   2.31596E-03   8.05952E-01   3.13547E-03   2.88684E-02   1.91797E+04  -5.18185E+04  -4.40438E+04  -1.06992E+05  -1.42783E+05
   1.60728E-01   2.31320E-03   8.04993E-01   3.13174E-03   2.88341E-02   1.93408E+04  -5.18187E+04  -4.40793E+04  -1.07058E+05  -1.42677E+05
   1.61728E-01   2.31045E-03   8.04034E-01   3.12801E-03   2.87997E-02   1.95018E+04  -5.18196E+04  -4.41152E+04  -1.07123E+05  -1.42571E+05
   1.62728E-01   2.30769E-03   8.03075E-01   3.12428E-03   2.87654E-02   1.96627E+04  -5.18212E+04  -4.41512E+04  -1.07189E+05  -1.42465E+05
   1.63728E-01   2.30494E-03   8.02116E-01   3.12055E-03   2.87310E-02   1.98235E+04  -5.18235E+04  -4.41874E+04  -1.07255E+05  -1.42359E+05
   1.64728E-01   2.30218E-03   8.01157E-01   3.11682E-03   2.86967E-02   1.99842E+04  -5.18265E+04  -4.42239E+04  -1.07321E+05  -1.42252E+05
   1.65728E-01   2.29942E-03   8.00198E-01   3.11309E-03   2.86623E-02   2.01448E+04  -5.18303E+04  -4.42606E+04  -1.07386E+05  -1.42146E+05
   1.66728E-01   2.29667E-03   7.99238E-01   3.10935E-03   2.86280E-02   2.03054E+04  -5.18347E+04  -4.42975E+04  -1.07452E+05  -1.42039E+05
   1.67728E-01   2.29391E-03   7.98279E-01   3.10562E-03   2.85936E-02   2.04660E+04  -5.18399E+04  -4.43347E+04  -1.07518E+05  -1.41933E+05
   1.68728E-01   2.29115E-03   7.97320E-01   3.10189E-03   2.85592E-02   2.06264E+04  -5.18458E+04  -4.43720E+04  -1.07584E+05  -1.41826E+05
   1.69728E-01   2.28840E-03   7.96361E-01   3.09816E-03   2.85249E-02   2.07869E+04  -5.18524E+04  -4.44097E+04  -1.07650E+05  -1.41720E+05
   1.70728E-01   2.28564E-03   7.95402E-01   3.09443E-03   2.84905E-02   2.09473E+04  -5.18598E+04  -4.44475E+04  -1.07716E+05  -1.41613E+05
   1.71728E-01   2.28289E-03   7.94443E-01   3.09070E-03   2.84562E-02   2.11076E+04  -5.18679E+04  -4.44856E+04  -1.07782E+05  -1.41507E+05
   1.72728E-01   2.28013E-03   7.93483E-01   3.08696E-03   2.84218E-02   2.12679E+04  -5.18768E+04  -4.45239E+04  -1.07849E+05  -1.41400E+05
   1.73728E-01   2.27737E-03   7.92524E-01   3.08323E-03   2.83875E-02   2.14282E+04  -5.18864E+04  -4.45624E+04  -1.07915E+05  -1.41294E+05
   1.74728E-01   2.27462E-03   7.91565E-01   3.07950E-03   2.83531E-02   2.15885E+04  -5.18968E+04  -4.46012E+04  -1.07981E+05  -1.41187E+05
   1.75728E-01   2.27186E-03   7.90606E-01   3.07577E-03   2.83187E-02   2.17488E+04  -5.19080E+04  -4.46403E+04  -1.08047E+05  -1.41080E+05
   1.76728E-01   2.26910E-03   7.89647E-01   3.07204E-03   2.82844E-02   2.19091E+04  -5.19199E+04  -4.46796E+04  -1.08114E+05  -1.40973E+05
   1.77728E-01   2.26635E-03   7.88688E-01   3.06831E-03   2.82500E-02   2.20694E+04  -5.19327E+04  -4.47191E+04  -1.08180E+05  -1.40867E+05
   1.78728E-01   2.26359E-03   7.87729E-01   3.06458E-03   2.82157E-02   2.22297E+04  -5.19462E+04  -4.47589E+04  -1.08247E+05  -1.40760E+05
   1.79728E-01   2.26084E-03   7.86769E-01   3.06084E-03   2.81813E-02   2.23901E+04  -5.19605E+04  -4.47989E+04  -1.08314E+05  -1.40653E+05
   1.80728E-01   2.25808E-03   7.85810E-01   3.05711E-03   2.81470E-02   2.25504E+04  -5.19756E+04  -4.48392E+04  -1.08380E+05  -1.40546E+05
   1.81728E-01   2.25532E-03   7.84851E-01   3.05338E-03   2.81126E-02   2.27108E+04  -5.19915E+04  -4.48797E+04  -1.08447E+05  -1.40439E+05
   1.82728E-01   2.25257E-03   7.83892E-01   3.04965E-03   2.80783E-02   2.28713E+04  -5.20082E+04  -4.49205E+04  -1.08514E+05  -1.40332E+05
   1.83728E-01   2.24981E-03   7.82933E-01   3.04592E-03   2.80439E-02   2.30318E+04  -5.20258E+04  -4.49616E+04  -1.08581E+05  -1.40225E+05
   1.84728E-01   2.24705E-03   7.81974E-01   3.04219E-03   2.80095E-02   2.31923E+04  -5.20441E+04  -4.50029E+04  -1.08648E+05  -1.40118E+05
   1.85728E-01   2.24430E-03   7.81014E-01   3.03846E-03   2.79752E-02   2.33529E+04  -5.20633E+04  -4.50445E+04  -1.08715E+05  -1.40011E+05
   1.86728E-01   2.24154E-03   7.80055E-01   3.03472E-03   2.79408E-02   2.35136E+04  -5.20833E+04  -4.50863E+04  -1.08782E+05  -1.39904E+05
   1.87728E-01   2.23879E-03   7.79096E-01   3.03099E-03   2.79065E-02   2.36744E+04  -5.21042E+04  -4.51284E+04  -1.08850E+05  -1.39797E+05
   1.88728E-01   2.23603E-03   7.78137E-01   3.02726E-03   2.78721E-02   2.38353E+04  -5.21259E+04  -4.51708E+04  -1.08917E+05  -1.39690E+05
   1.89728E-01   2.23327E-03   7.77178E-01   3.02353E-03   2.78378E-02   2.39962E+04  -5.21485E+04  -4.52135E+04  -1.08985E+05  -1.39583E+05
   1.90728E-01   2.23052E-03   7.76219E-01   3.01980E-03   2.78034E-02   2.41572E+04  -5.21720E+04  -4.52565E+04  -1.09052E+05  -1.39476E+05
   1.91728E-01   2.22776E-03   7.75259E-01   3.01607E-03   2.77691E-02   2.43184E+04  -5.21963E+04  -4.52997E+04  -1.09120E+05  -1.39369E+05
   1.92728E-01   2.22501E-03   7.74300E-01   3.01233E-03   2.77347E-02   2.44797E+04  -5.22215E+04  -4.53432E+04  -1.09188E+05  -1.39262E+05
   1.93728E-01   2.22225E-03   7.73341E-01   3.00860E-03   2.77003E-02   2.46410E+04  -5.22476E+04  -4.53870E+04  -1.09256E+05  -1.39155E+05
   1.94728E-01   2.21949E-03   7.72382E-01   3.00487E-03   2.76660E-02   2.48026E+04  -5.22746E+04  -4.54311E+04  -1.09324E+05  -1.39048E+05
   1.95728E-01   2.21674E-03   7.71423E-01   3.00114E-03   2.76316E-02   2.49642E+04  -5.23025E+04  -4.54754E+04  -1.09392E+05  -1.38941E+05
   1.96728E-01   2.21398E-03   7.70464E-01   2.99741E-03   2.75973E-02   2.51260E+04  -5.23312E+04  -4.55201E+04  -1.09461E+05  -1.38834E+05
   1.97728E-01   2.21122E-03   7.69505E-01   2.99368E-03   2.75629E-02   2.52880E+04  -5.23610E+04  -4.55651E+04  -1.09529E+05  -1.38727E+05
   1.98728E-01   2.20847E-03   7.68545E-01   2.98995E-03   2.75286E-02   2.54501E+04  -5.23916E+04  -4.56103E+04  -1.09598E+05  -1.38620E+05
   1.99728E-01   2.20571E-03   7.67586E-01   2.98621E-03   2.74942E-02   2.56123E+04  -5.24232E+04  -4.56559E+04  -1.09666E+05  -1.38513E+05
   2.00728E-01   2.20296E-03   7.66627E-01   2.98248E-03   2.74598E-02   2.57748E+04  -5.24557E+04  -4.57018E+04  -1.09735E+05  -1.38406E+05
   2.01728E-01   2.20020E-03   7.65668E-01   2.97875E-03   2.74255E-02   2.59374E+04  -5.24891E+04  -4.57480E+04  -1.09804E+05  -1.38298E+05
   2.02728E-01   2.19744E-03   7.64709E-01   2.97502E-03   2.73911E-02   2.61002E+04  -5.25235E+04  -4.57944E+04  -1.09874E+05  -1.38191E+05
   2.03728E-01   2.19469E-03   7.63750E-01   2.97129E-03   2.73568E-02   2.62632E+04  -5.25589E+04  -4.58413E+04  -1.09943E+05  -1.38084E+05
   2.04728E-01   2.19193E-03   7.62790E-01   2.96756E-03   2.73224E-02   2.64264E+04  -5.25953E+04  -4.58884E+04  -1.10013E+05  -1.37977E+05
   2.05728E-01   2.18917E-03   7.61831E-01   2.96383E-03   2.72881E-02   2.65898E+04  -5.26326E+04  -4.59358E+04  -1.10082E+05  -1.37870E+05
   2.06728E-01   2.18642E-03   7.60872E-01   2.96009E-03   2.72537E-02   2.67534E+04  -5.26709E+04  -4.59836E+04  -1.10152E+05  -1.37764E+05
   2.07728E-01   2.18366E-03   7.59913E-01   2.95636E-03   2.72194E-02   2.69173E+04  -5.27103E+04  -4.60317E+04  -1.10222E+05  -1.37657E+05
   2.08728E-01   2.18091E-03   7.58954E-01   2.95263E-03   2.71850E-02   2.70813E+04  -5.27506E+04  -4.60801E+04  -1.10293E+05  -1.37550E+05
   2.09728E-01   2.17815E-03   7.57995E-01   2.94890E-03   2.71506E-02   2.72456E+04  -5.27919E+04  -4.61289E+04  -1.10363E+05  -1.37443E+05
   2.10728E-01   2.17539E-03   7.57036E-01   2.94517E-03   2.71163E-02   2.74102E+04  -5.28343E+04  -4.61780E+04  -1.10434E+05  -1.37336E+05
   2.11728E-01   2.17264E-03   7.56076E-01   2.94144E-03   2.70819E-02   2.75750E+04  -5.28777E+04  -4.62274E+04  -1.10505E+05  -1.37229E+05
   2.12728E-01   2.16988E-03   7.55117E-01   2.93770E-03   2.70476E-02   2.77400E+04  -5.29222E+04  -4.62772E+04  -1.10576E+05  -1.37122E+05
   2.13728E-01   2.16713E-03   7.54158E-01   2.93397E-03   2.70132E-02   2.79054E+04  -5.29677E+04  -4.63273E+04  -1.10647E+05  -1.37016E+05
   2.14728E-01   2.16437E-03   7.53199E-01   2.93024E-03   2.69789E-02   2.80710E+04  -5.30143E+04  -4.63778E+04  -1.10719E+05  -1.36909E+05
   2.15728E-01   2.16161E-03   7.52240E-01   2.92651E-03   2.69445E-02   2.82368E+04  -5.30619E+04  -4.64286E+04  -1.10790E+05  -1.36802E+05
   2.16728E-01   2.15886E-03   7.51281E-01   2.92278E-03   2.69101E-02   2.84030E+04  -5.31106E+04  -4.64798E+04  -1.10862E+05  -1.36696E+05
   2.17728E-01   2.15610E-03   7.50321E-01   2.91905E-03   2.68758E-02   2.85695E+04  -5.31604E+04  -4.65314E+04  -1.10935E+05  -1.36589E+05
   2.18728E-01   2.15334E-03   7.49362E-01   2.91532E-03   2.68414E-02   2.87362E+04  -5.32113E+04  -4.65833E+04  -1.11007E+05  -1.36483E+05
   2.19728E-01   2.15059E-03   7.48403E-01   2.91158E-03   2.68071E-02   2.89033E+04  -5.32634E+04  -4.66356E+04  -1.11080E+05  -1.36377E+05
   2.20728E-01   2.14783E-03   7.47444E-01   2.90785E-03   2.67727E-02   2.90706E+04  -5.33165E+04  -4.66882E+04  -1.11153E+05  -1.36270E+05
   2.21728E-01   2.14508E-03   7.46485E-01   2.90412E-03   2.67384E-02   2.92383E+04  -5.33708E+04  -4.67412E+04  -1.11226E+05  -1.36164E+05
   2.22728E-01   2.14232E-03   7.45526E-01   2.90039E-03   2.67040E-02   2.94063E+04  -5.34262E+04  -4.67946E+04  -1.11299E+05  -1.36058E+05
   2.23728E-01   2.13956E-03   7.44566E-01   2.89666E-03   2.66697E-02   2.95747E+04  -5.34827E+04  -4.68484E+04  -1.11373E+05  -1.35952E+05
   2.24728E-01   2.13681E-03   7.43607E-01   2.89293E-03   2.66353E-02   2.97434E+04  -5.35405E+04  -4.69026E+04  -1.11447E+05  -1.35846E+05
   2.25728E-01   2.13405E-03   7.42648E-01   2.88920E-03   2.66009E-02   2.99124E+04  -5.35993E+04  -4.69572E+04  -1.11521E+05  -1.35740E+05
   2.26728E-01   2.13129E-03   7.41689E-01   2.88546E-03   2.65666E-02   3.00818E+04  -5.36594E+04  -4.70121E+04  -1.11596E+05  -1.35634E+05
   2.27728E-01   2.12854E-03   7.40730E-01   2.88173E-03   2.65322E-02   3.02516E+04  -5.37207E+04  -4.70675E+04  -1.11671E+05  -1.35528E+05
   2.28728E-01   2.12578E-03   7.39771E-01   2.87800E-03   2.64979E-02   3.04217E+04  -5.37831E+04  -4.71233E+04  -1.11746E+05  -1.35422E+05
   2.29728E-01   2.12303E-03   7.38812E-01   2.87427E-03   2.64635E-02   3.05922E+04  -5.38468E+04  -4.71794E+04  -1.11821E+05  -1.35317E+05
   2.30728E-01   2.12027E-03   7.37852E-01   2.87054E-03   2.64292E-02   3.07630E+04  -5.39117E+04  -4.72360E+04  -1.11897E+05  -1.35211E+05
   2.31728E-01   2.11751E-03   7.36893E-01   2.86681E-03   2.63948E-02   3.09343E+04  -5.39778E+04  -4.72930E+04  -1.11973E+05  -1.35106E+05
   2.32728E-01   2.11476E-03   7.35934E-01   2.86307E-03   2.63605E-02   3.11059E+04  -5.40451E+04  -4.73504E+04  -1.12049E+05  -1.35001E+05
   2.33728E-01   2.11200E-03   7.34975E-01   2.85934E-03   2.63261E-02   3.12780E+04  -5.41138E+04  -4.74082E+04  -1.12126E+05  -1.34895E+05
   2.34728E-01   2.10924E-03   7.34016E-01   2.85561E-03   2.62917E-02   3.14504E+04  -5.41836E+04  -4.74665E+04  -1.12203E+05  -1.34790E+05
   2.35728E-01   2.10649E-03   7.33057E-01   2.85188E-03   2.62574E-02   3.16233E+04  -5.42548E+04  -4.75252E+04  -1.12280E+05  -1.34685E+05
   2.36728E-01   2.10373E-03   7.32097E-01   2.84815E-03   2.62230E-02   3.17966E+04  -5.43272E+04  -4.75843E+04  -1.12358E+05  -1.34581E+05
   2.37728E-01   2.10098E-03   7.31138E-01   2.84442E-03   2.61887E-02   3.19703E+04  -5.44009E+04  -4.76439E+04  -1.12435E+05  -1.34476E+05
   2.38728E-01   2.09822E-03   7.30179E-01   2.84069E-03   2.61543E-02   3.21444E+04  -5.44760E+04  -4.77039E+04  -1.12514E+05  -1.34371E+05
   2.39728E-01   2.09546E-03   7.29220E-01   2.83695E-03   2.61200E-02   3.23190E+04  -5.45523E+04  -4.77643E+04  -1.12592E+05  -1.34267E+05
   2.40728E-01   2.09271E-03   7.28261E-01   2.83322E-03   2.60856E-02   3.24940E+04  -5.46300E+04  -4.78252E+04  -1.12671E+05  -1.34163E+05
   2.41728E-01   2.08995E-03   7.27302E-01   2.82949E-03   2.60512E-02   3.26695E+04  -5.47091E+04  -4.78866E+04  -1.12750E+05  -1.34058E+05
   2.42728E-01   2.08720E-03   7.26343E-01   2.82576E-03   2.60169E-02   3.28454E+04  -5.47894E+04  -4.79484E+04  -1.12830E+05  -1.33954E+05
   2.43728E-01   2.08444E-03   7.25383E-01   2.82203E-03   2.59825E-02   3.30217E+04  -5.48712E+04  -4.80107E+04  -1.12910E+05  -1.33851E+05
   2.44728E-01   2.08168E-03   7.24424E-01   2.81830E-03   2.59482E-02   3.31986E+04  -5.49543E+04  -4.80734E+04  -1.12990E+05  -1.33747E+05
   2.45728E-01   2.07893E-03   7.23465E-01   2.81457E-03   2.59138E-02   3.33759E+04  -5.50388E+04  -4.81366E+04  -1.13071E+05  -1.33643E+05
   2.46728E-01   2.07617E-03   7.22506E-01   2.81083E-03   2.58795E-02   3.35537E+04  -5.51247E+04  -4.82003E+04  -1.13152E+05  -1.33540E+05
   2.47728E-01   2.07341E-03   7.21547E-01   2.80710E-03   2.58451E-02   3.37320E+04  -5.52120E+04  -4.82645E+04  -1.13233E+05  -1.33437E+05
   2.48728E-01   2.07066E-03   7.20588E-01   2.80337E-03   2.58108E-02   3.39108E+04  -5.53007E+04  -4.83291E+04  -1.13315E+05  -1.33333E+05
   2.49728E-01   2.06790E-03   7.19628E-01   2.79964E-03   2.57764E-02   3.40900E+04  -5.53909E+04  -4.83943E+04  -1.13397E+05  -1.33230E+05
   2.50728E-01   2.06515E-03   7.18669E-01   2.79591E-03   2.57420E-02   3.42698E+04  -5.54825E+04  -4.84600E+04  -1.13479E+05  -1.33128E+05
   2.51728E-01   2.06239E-03   7.17710E-01   2.79218E-03   2.57077E-02   3.44501E+04  -5.55755E+04  -4.85261E+04  -1.13562E+05  -1.33025E+05
   2.52728E-01   2.05963E-03   7.16751E-01   2.78844E-03   2.56733E-02   3.46309E+04  -5.56701E+04  -4.85928E+04  -1.13645E+05  -1.32923E+05
   2.53728E-01   2.05688E-03   7.15792E-01   2.78471E-03   2.56390E-02   3.48122E+04  -5.57661E+04  -4.86599E+04  -1.13729E+05  -1.32821E+05
   2.54728E-01   2.05412E-03   7.14833E-01   2.78098E-03   2.56046E-02   3.49941E+04  -5.58636E+04  -4.87276E+04  -1.13812E+05  -1.32718E+05
   2.55728E-01   2.05136E-03   7.13873E-01   2.77725E-03   2.55703E-02   3.51765E+04  -5.59626E+04  -4.87958E+04  -1.13897E+05  -1.32617E+05
   2.56728E-01   2.04861E-03   7.12914E-01   2.77352E-03   2.55359E-02   3.53594E+04  -5.60632E+04  -4.88645E+04  -1.13981E+05  -1.32515E+05
   2.57728E-01   2.04585E-03   7.11955E-01   2.76979E-03   2.55016E-02   3.55429E+04  -5.61652E+04  -4.89338E+04  -1.14067E+05  -1.32414E+05
   2.58728E-01   2.04310E-03   7.10996E-01   2.76606E-03   2.54672E-02   3.57270E+04  -5.62688E+04  -4.90036E+04  -1.14152E+05  -1.32312E+05
   2.59728E-01   2.04034E-03   7.10037E-01   2.76232E-03   2.54328E-02   3.59116E+04  -5.63740E+04  -4.90739E+04  -1.14238E+05  -1.32211E+05
   2.60728E-01   2.03758E-03   7.09078E-01   2.75859E-03   2.53985E-02   3.60968E+04  -5.64808E+04  -4.91448E+04  -1.14324E+05  -1.32110E+05
   2.61728E-01   2.03483E-03   7.08119E-01   2.75486E-03   2.53641E-02   3.62826E+04  -5.65891E+04  -4.92163E+04  -1.14411E+05  -1.32010E+05
   2.62728E-01   2.03207E-03   7.07159E-01   2.75113E-03   2.53298E-02   3.64689E+04  -5.66990E+04  -4.92883E+04  -1.14498E+05  -1.31909E+05
   2.63728E-01   2.02931E-03   7.06200E-01   2.74740E-03   2.52954E-02   3.66559E+04  -5.68106E+04  -4.93608E+04  -1.14585E+05  -1.31809E+05
   2.64728E-01   2.02656E-03   7.05241E-01   2.74367E-03   2.52611E-02   3.68434E+04  -5.69237E+04  -4.94340E+04  -1.14673E+05  -1.31709E+05
   2.65728E-01   2.02380E-03   7.04282E-01   2.73994E-03   2.52267E-02   3.70316E+04  -5.70386E+04  -4.95077E+04  -1.14761E+05  -1.31610E+05
   2.66728E-01   2.02105E-03   7.03323E-01   2.73620E-03   2.51923E-02   3.72062E+04  -5.71408E+04  -4.95773E+04  -1.14805E+05  -1.31496E+05
   2.67728E-01   2.01829E-03   7.02364E-01   2.73247E-03   2.51580E-02   3.73729E+04  -5.72359E+04  -4.96447E+04  -1.14820E+05  -1.31375E+05
   2.68728E-01   2.01553E-03   7.01404E-01   2.72874E-03   2.51236E-02   3.75424E+04  -5.73343E+04  -4.97134E+04  -1.14842E+05  -1.31255E+05
   2.69728E-01   2.01278E-03   7.00445E-01   2.72501E-03   2.50893E-02   3.77147E+04  -5.74361E+04  -4.97834E+04  -1.14869E+05  -1.31137E+05
   2.70728E-01   2.01002E-03   6.99486E-01   2.72128E-03   2.50549E-02   3.78895E+04  -5.75411E+04  -4.98547E+04  -1.14902E+05  -1.31020E+05
   2.71728E-01   2.00727E-03   6.98527E-01   2.71755E-03   2.50206E-02   3.80669E+04  -5.76493E+04  -4.99271E+04  -1.14940E+05  -1.30906E+05
   2.72728E-01   2.00451E-03   6.97568E-01   2.71382E-03   2.49862E-02   3.82467E+04  -5.77608E+04  -5.00008E+04  -1.14983E+05  -1.30793E+05
   2.73728E-01   2.00175E-03   6.96609E-01   2.71008E-03   2.49519E-02   3.84289E+04  -5.78754E+04  -5.00756E+04  -1.15031E+05  -1.30682E+05
   2.74728E-01   1.99900E-03   6.95650E-01   2.70635E-03   2.49175E-02   3.86133E+04  -5.79933E+04  -5.01517E+04  -1.15084E+05  -1.30573E+05
   2.75728E-01   1.99624E-03   6.94690E-01   2.70262E-03   2.48831E-02   3.87999E+04  -5.81142E+04  -5.02288E+04  -1.15142E+05  -1.30465E+05
   2.76728E-01   1.99348E-03   6.93731E-01   2.69889E-03   2.48488E-02   3.89886E+04  -5.82382E+04  -5.03071E+04  -1.15205E+05  -1.30358E+05
   2.77728E-01   1.99073E-03   6.92772E-01   2.69516E-03   2.48144E-02   3.91794E+04  -5.83654E+04  -5.03866E+04  -1.15272E+05  -1.30254E+05
   2.78728E-01   1.98797E-03   6.91813E-01   2.69143E-03   2.47801E-02   3.93722E+04  -5.84955E+04  -5.04671E+04  -1.15344E+05  -1.30150E+05
   2.79728E-01   1.98522E-03   6.90854E-01   2.68769E-03   2.47457E-02   3.95668E+04  -5.86288E+04  -5.05487E+04  -1.15419E+05  -1.30049E+05
   2.80728E-01   1.98246E-03   6.89895E-01   2.68396E-03   2.47114E-02   3.97634E+04  -5.87650E+04  -5.06313E+04  -1.15499E+05  -1.29948E+05
   2.81728E-01   1.97970E-03   6.88935E-01   2.68023E-03   2.46770E-02   3.99617E+04  -5.89043E+04  -5.07151E+04  -1.15583E+05  -1.29850E+05
   2.82728E-01   1.97695E-03   6.87976E-01   2.67650E-03   2.46426E-02   4.01618E+04  -5.90466E+04  -5.07998E+04  -1.15670E+05  -1.29752E+05
   2.83728E-01   1.97419E-03   6.87017E-01   2.67277E-03   2.46083E-02   4.03636E+04  -5.91919E+04  -5.08856E+04  -1.15762E+05  -1.29656E+05
   2.84728E-01   1.97143E-03   6.86058E-01   2.66904E-03   2.45739E-02   4.05670E+04  -5.93401E+04  -5.09724E+04  -1.15857E+05  -1.29561E+05
   2.85728E-01   1.96868E-03   6.85099E-01   2.66531E-03   2.45396E-02   4.07721E+04  -5.94913E+04  -5.10603E+04  -1.15956E+05  -1.29468E+05
   2.86728E-01   1.96592E-03   6.84140E-01   2.66157E-03   2.45052E-02   4.09786E+04  -5.96455E+04  -5.11491E+04  -1.16058E+05  -1.29376E+05
   2.87728E-01   1.96317E-03   6.83180E-01   2.65784E-03   2.44709E-02   4.11867E+04  -5.98026E+04  -5.12389E+04  -1.16164E+05  -1.29285E+05
   2.88728E-01   1.96041E-03   6.82221E-01   2.65411E-03   2.44365E-02   4.13963E+04  -5.99626E+04  -5.13297E+04  -1.16273E+05  -1.29196E+05
   2.89728E-01   1.95765E-03   6.81262E-01   2.65038E-03   2.44022E-02   4.16073E+04  -6.01256E+04  -5.14214E+04  -1.16386E+05  -1.29108E+05
   2.90728E-01   1.95490E-03   6.80303E-01   2.64665E-03   2.43678E-02   4.18196E+04  -6.02915E+04  -5.15142E+04  -1.16502E+05  -1.29021E+05
   2.91728E-01   1.95214E-03   6.79344E-01   2.64292E-03   2.43334E-02   4.20334E+04  -6.04603E+04  -5.16078E+04  -1.16620E+05  -1.28935E+05
   2.92728E-01   1.94939E-03   6.78385E-01   2.63919E-03   2.42991E-02   4.22484E+04  -6.06321E+04  -5.17025E+04  -1.16742E+05  -1.28851E+05
   2.93728E-01   1.94663E-03   6.77426E-01   2.63545E-03   2.42647E-02   4.24647E+04  -6.08067E+04  -5.17980E+04  -1.16867E+05  -1.28768E+05
   2.94728E-01   1.94387E-03   6.76466E-01   2.63172E-03   2.42304E-02   4.26823E+04  -6.09843E+04  -5.18945E+04  -1.16995E+05  -1.28686E+05
   2.95728E-01   1.94112E-03   6.75507E-01   2.62799E-03   2.41960E-02   4.29011E+04  -6.11648E+04  -5.19919E+04  -1.17126E+05  -1.28605E+05
   2.96728E-01   1.93836E-03   6.74548E-01   2.62426E-03   2.41617E-02   4.31211E+04  -6.13483E+04  -5.20903E+04  -1.17260E+05  -1.28525E+05
   2.97728E-01   1.93560E-03   6.73589E-01   2.62053E-03   2.41273E-02   4.33422E+04  -6.15346E+04  -5.21895E+04  -1.17397E+05  -1.28447E+05
   2.98728E-01   1.93285E-03   6.72630E-01   2.61680E-03   2.40930E-02   4.35645E+04  -6.17238E+04  -5.22897E+04  -1.17536E+05  -1.28370E+05
   2.99728E-01   1.93009E-03   6.71671E-01   2.61306E-03   2.40586E-02   4.37878E+04  -6.19160E+04  -5.23907E+04  -1.17678E+05  -1.28294E+05
   2.99990E-01   1.92937E-03   6.71419E-01   2.61209E-03   2.40496E-02   4.38466E+04  -6.19669E+04  -5.24174E+04  -1.17716E+05  -1.28274E+05

 Phase Region for:
     FCC_A1                        
 col-1=X(C), col-2=X(CU), col-3=X(FE), col-4=X(MN), col-5=X(SI), col-6=MU(C), col-7=MU(CU), col-8=MU(FE), col-9=MU(MN), col-10=MU(SI),
   9.72763E-03   2.72939E-03   9.49826E-01   3.69520E-03   3.40219E-02  -1.80726E+04  -5.77110E+04  -4.06111E+04  -9.82905E+04  -1.58278E+05
   8.72763E-03   2.73215E-03   9.50785E-01   3.69893E-03   3.40562E-02  -1.90342E+04  -5.77790E+04  -4.05981E+04  -9.82441E+04  -1.58378E+05
   7.72763E-03   2.73490E-03   9.51744E-01   3.70266E-03   3.40906E-02  -2.01025E+04  -5.78472E+04  -4.05853E+04  -9.81979E+04  -1.58478E+05
   6.72763E-03   2.73766E-03   9.52703E-01   3.70639E-03   3.41249E-02  -2.13073E+04  -5.79157E+04  -4.05726E+04  -9.81518E+04  -1.58578E+05
   5.72763E-03   2.74041E-03   9.53663E-01   3.71012E-03   3.41593E-02  -2.26928E+04  -5.79845E+04  -4.05600E+04  -9.81059E+04  -1.58678E+05
   4.72763E-03   2.74317E-03   9.54622E-01   3.71386E-03   3.41936E-02  -2.43285E+04  -5.80535E+04  -4.05474E+04  -9.80601E+04  -1.58778E+05
   3.72763E-03   2.74593E-03   9.55581E-01   3.71759E-03   3.42280E-02  -2.63344E+04  -5.81228E+04  -4.05350E+04  -9.80145E+04  -1.58878E+05
   2.72763E-03   2.74868E-03   9.56540E-01   3.72132E-03   3.42623E-02  -2.89445E+04  -5.81923E+04  -4.05226E+04  -9.79690E+04  -1.58977E+05
   1.72763E-03   2.75144E-03   9.57499E-01   3.72505E-03   3.42967E-02  -3.27224E+04  -5.82620E+04  -4.05104E+04  -9.79237E+04  -1.59077E+05
   7.27626E-04   2.75420E-03   9.58458E-01   3.72878E-03   3.43311E-02  -3.98016E+04  -5.83320E+04  -4.04983E+04  -9.78785E+04  -1.59177E+05
   1.00000E-05   2.75617E-03   9.59147E-01   3.73146E-03   3.43557E-02  -7.45496E+04  -5.83824E+04  -4.04896E+04  -9.78462E+04  -1.59248E+05
