
 Phase Region for:
     FCC_A1                        
 col-1=X(C), col-2=X(CU), col-3=X(FE), col-4=X(MN), col-5=X(SI), col-6=MU(C), col-7=MU(CU), col-8=MU(FE), col-9=MU(MN), col-10=MU(SI),
   9.72763E-03   2.72939E-03   9.49826E-01   3.69520E-03   3.40219E-02  -2.59671E+04  -6.93026E+04  -4.77612E+04  -1.10366E+05  -1.64247E+05
   1.07276E-02   2.72663E-03   9.48867E-01   3.69147E-03   3.39875E-02  -2.50082E+04  -6.92354E+04  -4.77752E+04  -1.10411E+05  -1.64147E+05
   1.17276E-02   2.72388E-03   9.47908E-01   3.68774E-03   3.39531E-02  -2.41271E+04  -6.91684E+04  -4.77892E+04  -1.10456E+05  -1.64047E+05
   1.27276E-02   2.72112E-03   9.46948E-01   3.68400E-03   3.39188E-02  -2.33108E+04  -6.91018E+04  -4.78033E+04  -1.10501E+05  -1.63947E+05
   1.37276E-02   2.71837E-03   9.45989E-01   3.68027E-03   3.38844E-02  -2.25497E+04  -6.90353E+04  -4.78175E+04  -1.10547E+05  -1.63847E+05
   1.47276E-02   2.71561E-03   9.45030E-01   3.67654E-03   3.38501E-02  -2.18358E+04  -6.89692E+04  -4.78319E+04  -1.10592E+05  -1.63746E+05
   1.57276E-02   2.71285E-03   9.44071E-01   3.67281E-03   3.38157E-02  -2.11631E+04  -6.89033E+04  -4.78463E+04  -1.10638E+05  -1.63646E+05
   1.67276E-02   2.71010E-03   9.43112E-01   3.66908E-03   3.37814E-02  -2.05262E+04  -6.88377E+04  -4.78609E+04  -1.10684E+05  -1.63546E+05
   1.77276E-02   2.70734E-03   9.42153E-01   3.66535E-03   3.37470E-02  -1.99212E+04  -6.87724E+04  -4.78755E+04  -1.10730E+05  -1.63446E+05
   1.87276E-02   2.70458E-03   9.41194E-01   3.66162E-03   3.37126E-02  -1.93444E+04  -6.87074E+04  -4.78903E+04  -1.10777E+05  -1.63345E+05
   1.97276E-02   2.70183E-03   9.40234E-01   3.65788E-03   3.36783E-02  -1.87929E+04  -6.86426E+04  -4.79052E+04  -1.10823E+05  -1.63245E+05
   2.07276E-02   2.69907E-03   9.39275E-01   3.65415E-03   3.36439E-02  -1.82642E+04  -6.85781E+04  -4.79201E+04  -1.10870E+05  -1.63144E+05
   2.17276E-02   2.69632E-03   9.38316E-01   3.65042E-03   3.36096E-02  -1.77561E+04  -6.85139E+04  -4.79352E+04  -1.10917E+05  -1.63044E+05
   2.27276E-02   2.69356E-03   9.37357E-01   3.64669E-03   3.35752E-02  -1.72667E+04  -6.84500E+04  -4.79504E+04  -1.10964E+05  -1.62943E+05
   2.37276E-02   2.69080E-03   9.36398E-01   3.64296E-03   3.35409E-02  -1.67944E+04  -6.83864E+04  -4.79658E+04  -1.11011E+05  -1.62842E+05
   2.47276E-02   2.68805E-03   9.35439E-01   3.63923E-03   3.35065E-02  -1.63379E+04  -6.83230E+04  -4.79812E+04  -1.11058E+05  -1.62742E+05
   2.57276E-02   2.68529E-03   9.34479E-01   3.63549E-03   3.34722E-02  -1.58957E+04  -6.82600E+04  -4.79967E+04  -1.11105E+05  -1.62641E+05
   2.67276E-02   2.68253E-03   9.33520E-01   3.63176E-03   3.34378E-02  -1.54669E+04  -6.81972E+04  -4.80124E+04  -1.11153E+05  -1.62540E+05
   2.77276E-02   2.67978E-03   9.32561E-01   3.62803E-03   3.34034E-02  -1.50503E+04  -6.81348E+04  -4.80281E+04  -1.11201E+05  -1.62439E+05
   2.87276E-02   2.67702E-03   9.31602E-01   3.62430E-03   3.33691E-02  -1.46452E+04  -6.80726E+04  -4.80440E+04  -1.11249E+05  -1.62338E+05
   2.97276E-02   2.67427E-03   9.30643E-01   3.62057E-03   3.33347E-02  -1.42508E+04  -6.80108E+04  -4.80600E+04  -1.11297E+05  -1.62238E+05
   3.07276E-02   2.67151E-03   9.29684E-01   3.61684E-03   3.33004E-02  -1.38662E+04  -6.79492E+04  -4.80761E+04  -1.11345E+05  -1.62137E+05
   3.17276E-02   2.66875E-03   9.28724E-01   3.61311E-03   3.32660E-02  -1.34909E+04  -6.78880E+04  -4.80923E+04  -1.11394E+05  -1.62036E+05
   3.27276E-02   2.66600E-03   9.27765E-01   3.60937E-03   3.32317E-02  -1.31243E+04  -6.78271E+04  -4.81086E+04  -1.11442E+05  -1.61934E+05
   3.37276E-02   2.66324E-03   9.26806E-01   3.60564E-03   3.31973E-02  -1.27659E+04  -6.77664E+04  -4.81251E+04  -1.11491E+05  -1.61833E+05
   3.47276E-02   2.66049E-03   9.25847E-01   3.60191E-03   3.31630E-02  -1.24151E+04  -6.77061E+04  -4.81416E+04  -1.11540E+05  -1.61732E+05
   3.57276E-02   2.65773E-03   9.24888E-01   3.59818E-03   3.31286E-02  -1.20715E+04  -6.76461E+04  -4.81583E+04  -1.11589E+05  -1.61631E+05
   3.67276E-02   2.65497E-03   9.23929E-01   3.59445E-03   3.30942E-02  -1.17347E+04  -6.75864E+04  -4.81751E+04  -1.11638E+05  -1.61530E+05
   3.77276E-02   2.65222E-03   9.22970E-01   3.59072E-03   3.30599E-02  -1.14044E+04  -6.75271E+04  -4.81921E+04  -1.11688E+05  -1.61428E+05
   3.87276E-02   2.64946E-03   9.22010E-01   3.58699E-03   3.30255E-02  -1.10801E+04  -6.74681E+04  -4.82091E+04  -1.11737E+05  -1.61327E+05
   3.97276E-02   2.64670E-03   9.21051E-01   3.58325E-03   3.29912E-02  -1.07616E+04  -6.74093E+04  -4.82263E+04  -1.11787E+05  -1.61226E+05
   4.07276E-02   2.64395E-03   9.20092E-01   3.57952E-03   3.29568E-02  -1.04486E+04  -6.73510E+04  -4.82436E+04  -1.11837E+05  -1.61124E+05
   4.17276E-02   2.64119E-03   9.19133E-01   3.57579E-03   3.29225E-02  -1.01407E+04  -6.72929E+04  -4.82610E+04  -1.11887E+05  -1.61023E+05
   4.27276E-02   2.63844E-03   9.18174E-01   3.57206E-03   3.28881E-02  -9.83781E+03  -6.72352E+04  -4.82785E+04  -1.11938E+05  -1.60921E+05
   4.37276E-02   2.63568E-03   9.17215E-01   3.56833E-03   3.28537E-02  -9.53958E+03  -6.71778E+04  -4.82961E+04  -1.11988E+05  -1.60819E+05
   4.47276E-02   2.63292E-03   9.16255E-01   3.56460E-03   3.28194E-02  -9.24583E+03  -6.71207E+04  -4.83139E+04  -1.12039E+05  -1.60718E+05
   4.57276E-02   2.63017E-03   9.15296E-01   3.56086E-03   3.27850E-02  -8.95635E+03  -6.70640E+04  -4.83318E+04  -1.12090E+05  -1.60616E+05
   4.67276E-02   2.62741E-03   9.14337E-01   3.55713E-03   3.27507E-02  -8.67093E+03  -6.70077E+04  -4.83499E+04  -1.12141E+05  -1.60514E+05
   4.77276E-02   2.62465E-03   9.13378E-01   3.55340E-03   3.27163E-02  -8.38941E+03  -6.69516E+04  -4.83680E+04  -1.12192E+05  -1.60413E+05
   4.87276E-02   2.62190E-03   9.12419E-01   3.54967E-03   3.26820E-02  -8.11161E+03  -6.68960E+04  -4.83863E+04  -1.12243E+05  -1.60311E+05
   4.97276E-02   2.61914E-03   9.11460E-01   3.54594E-03   3.26476E-02  -7.83737E+03  -6.68406E+04  -4.84047E+04  -1.12295E+05  -1.60209E+05
   5.07276E-02   2.61639E-03   9.10501E-01   3.54221E-03   3.26133E-02  -7.56655E+03  -6.67857E+04  -4.84232E+04  -1.12346E+05  -1.60107E+05
   5.17276E-02   2.61363E-03   9.09541E-01   3.53848E-03   3.25789E-02  -7.29899E+03  -6.67311E+04  -4.84419E+04  -1.12398E+05  -1.60005E+05
   5.27276E-02   2.61087E-03   9.08582E-01   3.53474E-03   3.25445E-02  -7.03456E+03  -6.66768E+04  -4.84607E+04  -1.12451E+05  -1.59903E+05
   5.37276E-02   2.60812E-03   9.07623E-01   3.53101E-03   3.25102E-02  -6.77315E+03  -6.66229E+04  -4.84796E+04  -1.12503E+05  -1.59801E+05
   5.47276E-02   2.60536E-03   9.06664E-01   3.52728E-03   3.24758E-02  -6.51463E+03  -6.65694E+04  -4.84987E+04  -1.12555E+05  -1.59699E+05
   5.57276E-02   2.60260E-03   9.05705E-01   3.52355E-03   3.24415E-02  -6.25888E+03  -6.65162E+04  -4.85179E+04  -1.12608E+05  -1.59597E+05
   5.67276E-02   2.59985E-03   9.04746E-01   3.51982E-03   3.24071E-02  -6.00581E+03  -6.64634E+04  -4.85372E+04  -1.12661E+05  -1.59495E+05
   5.77276E-02   2.59709E-03   9.03786E-01   3.51609E-03   3.23728E-02  -5.75530E+03  -6.64110E+04  -4.85567E+04  -1.12714E+05  -1.59393E+05
   5.87276E-02   2.59434E-03   9.02827E-01   3.51236E-03   3.23384E-02  -5.50727E+03  -6.63589E+04  -4.85762E+04  -1.12767E+05  -1.59291E+05
   5.97276E-02   2.59158E-03   9.01868E-01   3.50862E-03   3.23040E-02  -5.26163E+03  -6.63072E+04  -4.85960E+04  -1.12821E+05  -1.59189E+05
   6.07276E-02   2.58882E-03   9.00909E-01   3.50489E-03   3.22697E-02  -5.01828E+03  -6.62559E+04  -4.86158E+04  -1.12874E+05  -1.59086E+05
   6.17276E-02   2.58607E-03   8.99950E-01   3.50116E-03   3.22353E-02  -4.77714E+03  -6.62050E+04  -4.86358E+04  -1.12928E+05  -1.58984E+05
   6.27276E-02   2.58331E-03   8.98991E-01   3.49743E-03   3.22010E-02  -4.53814E+03  -6.61545E+04  -4.86560E+04  -1.12982E+05  -1.58882E+05
   6.37276E-02   2.58056E-03   8.98031E-01   3.49370E-03   3.21666E-02  -4.30120E+03  -6.61043E+04  -4.86762E+04  -1.13036E+05  -1.58780E+05
   6.47276E-02   2.57780E-03   8.97072E-01   3.48997E-03   3.21323E-02  -4.06668E+03  -6.60546E+04  -4.86966E+04  -1.13090E+05  -1.58677E+05
   6.57276E-02   2.57504E-03   8.96113E-01   3.48624E-03   3.20979E-02  -3.83373E+03  -6.60052E+04  -4.87172E+04  -1.13144E+05  -1.58575E+05
   6.67276E-02   2.57229E-03   8.95154E-01   3.48250E-03   3.20636E-02  -3.60265E+03  -6.59562E+04  -4.87379E+04  -1.13199E+05  -1.58472E+05
   6.77276E-02   2.56953E-03   8.94195E-01   3.47877E-03   3.20292E-02  -3.37337E+03  -6.59077E+04  -4.87587E+04  -1.13254E+05  -1.58370E+05
   6.87276E-02   2.56677E-03   8.93236E-01   3.47504E-03   3.19948E-02  -3.14584E+03  -6.58595E+04  -4.87796E+04  -1.13309E+05  -1.58267E+05
   6.97276E-02   2.56402E-03   8.92277E-01   3.47131E-03   3.19605E-02  -2.92000E+03  -6.58117E+04  -4.88007E+04  -1.13364E+05  -1.58165E+05
   7.07276E-02   2.56126E-03   8.91317E-01   3.46758E-03   3.19261E-02  -2.69579E+03  -6.57644E+04  -4.88220E+04  -1.13420E+05  -1.58062E+05
   7.17276E-02   2.55851E-03   8.90358E-01   3.46385E-03   3.18918E-02  -2.47318E+03  -6.57174E+04  -4.88434E+04  -1.13475E+05  -1.57960E+05
   7.27276E-02   2.55575E-03   8.89399E-01   3.46011E-03   3.18574E-02  -2.25209E+03  -6.56709E+04  -4.88649E+04  -1.13531E+05  -1.57857E+05
   7.37276E-02   2.55299E-03   8.88440E-01   3.45638E-03   3.18231E-02  -2.03250E+03  -6.56247E+04  -4.88866E+04  -1.13587E+05  -1.57754E+05
   7.47276E-02   2.55024E-03   8.87481E-01   3.45265E-03   3.17887E-02  -1.81435E+03  -6.55790E+04  -4.89084E+04  -1.13643E+05  -1.57652E+05
   7.57276E-02   2.54748E-03   8.86522E-01   3.44892E-03   3.17544E-02  -1.59760E+03  -6.55338E+04  -4.89304E+04  -1.13699E+05  -1.57549E+05
   7.67276E-02   2.54472E-03   8.85562E-01   3.44519E-03   3.17200E-02  -1.38221E+03  -6.54889E+04  -4.89525E+04  -1.13756E+05  -1.57446E+05
   7.77276E-02   2.54197E-03   8.84603E-01   3.44146E-03   3.16856E-02  -1.16814E+03  -6.54445E+04  -4.89748E+04  -1.13812E+05  -1.57343E+05
   7.87276E-02   2.53921E-03   8.83644E-01   3.43773E-03   3.16513E-02  -9.55349E+02  -6.54005E+04  -4.89972E+04  -1.13869E+05  -1.57240E+05
   7.97276E-02   2.53646E-03   8.82685E-01   3.43399E-03   3.16169E-02  -7.43800E+02  -6.53569E+04  -4.90198E+04  -1.13926E+05  -1.57138E+05
   8.07276E-02   2.53370E-03   8.81726E-01   3.43026E-03   3.15826E-02  -5.33459E+02  -6.53138E+04  -4.90425E+04  -1.13983E+05  -1.57035E+05
   8.17276E-02   2.53094E-03   8.80767E-01   3.42653E-03   3.15482E-02  -3.24290E+02  -6.52711E+04  -4.90654E+04  -1.14041E+05  -1.56932E+05
   8.27276E-02   2.52819E-03   8.79808E-01   3.42280E-03   3.15139E-02  -1.16262E+02  -6.52288E+04  -4.90884E+04  -1.14098E+05  -1.56829E+05
   8.37276E-02   2.52543E-03   8.78848E-01   3.41907E-03   3.14795E-02   9.06578E+01  -6.51870E+04  -4.91115E+04  -1.14156E+05  -1.56726E+05
   8.47276E-02   2.52267E-03   8.77889E-01   3.41534E-03   3.14451E-02   2.96500E+02  -6.51456E+04  -4.91349E+04  -1.14214E+05  -1.56623E+05
   8.57276E-02   2.51992E-03   8.76930E-01   3.41161E-03   3.14108E-02   5.01295E+02  -6.51047E+04  -4.91583E+04  -1.14272E+05  -1.56520E+05
   8.67276E-02   2.51716E-03   8.75971E-01   3.40787E-03   3.13764E-02   7.05070E+02  -6.50643E+04  -4.91820E+04  -1.14330E+05  -1.56417E+05
   8.77276E-02   2.51441E-03   8.75012E-01   3.40414E-03   3.13421E-02   9.07854E+02  -6.50243E+04  -4.92058E+04  -1.14388E+05  -1.56314E+05
   8.87276E-02   2.51165E-03   8.74053E-01   3.40041E-03   3.13077E-02   1.10967E+03  -6.49847E+04  -4.92297E+04  -1.14447E+05  -1.56211E+05
   8.97276E-02   2.50889E-03   8.73093E-01   3.39668E-03   3.12734E-02   1.31055E+03  -6.49456E+04  -4.92538E+04  -1.14506E+05  -1.56108E+05
   9.07276E-02   2.50614E-03   8.72134E-01   3.39295E-03   3.12390E-02   1.51052E+03  -6.49070E+04  -4.92780E+04  -1.14565E+05  -1.56004E+05
   9.17276E-02   2.50338E-03   8.71175E-01   3.38922E-03   3.12047E-02   1.70959E+03  -6.48688E+04  -4.93025E+04  -1.14624E+05  -1.55901E+05
   9.27276E-02   2.50063E-03   8.70216E-01   3.38548E-03   3.11703E-02   1.90780E+03  -6.48312E+04  -4.93270E+04  -1.14683E+05  -1.55798E+05
   9.37276E-02   2.49787E-03   8.69257E-01   3.38175E-03   3.11359E-02   2.10516E+03  -6.47940E+04  -4.93517E+04  -1.14742E+05  -1.55695E+05
   9.47276E-02   2.49511E-03   8.68298E-01   3.37802E-03   3.11016E-02   2.30170E+03  -6.47572E+04  -4.93766E+04  -1.14802E+05  -1.55592E+05
   9.57276E-02   2.49236E-03   8.67338E-01   3.37429E-03   3.10672E-02   2.49743E+03  -6.47210E+04  -4.94017E+04  -1.14861E+05  -1.55488E+05
   9.67276E-02   2.48960E-03   8.66379E-01   3.37056E-03   3.10329E-02   2.69239E+03  -6.46852E+04  -4.94269E+04  -1.14921E+05  -1.55385E+05
   9.77276E-02   2.48684E-03   8.65420E-01   3.36683E-03   3.09985E-02   2.88658E+03  -6.46499E+04  -4.94523E+04  -1.14981E+05  -1.55282E+05
   9.87276E-02   2.48409E-03   8.64461E-01   3.36310E-03   3.09642E-02   3.08003E+03  -6.46151E+04  -4.94778E+04  -1.15042E+05  -1.55178E+05
   9.97276E-02   2.48133E-03   8.63502E-01   3.35936E-03   3.09298E-02   3.27276E+03  -6.45808E+04  -4.95035E+04  -1.15102E+05  -1.55075E+05
   1.00728E-01   2.47858E-03   8.62543E-01   3.35563E-03   3.08955E-02   3.46478E+03  -6.45470E+04  -4.95294E+04  -1.15162E+05  -1.54972E+05
   1.01728E-01   2.47582E-03   8.61584E-01   3.35190E-03   3.08611E-02   3.65612E+03  -6.45137E+04  -4.95554E+04  -1.15223E+05  -1.54868E+05
   1.02728E-01   2.47306E-03   8.60624E-01   3.34817E-03   3.08267E-02   3.84678E+03  -6.44809E+04  -4.95816E+04  -1.15284E+05  -1.54765E+05
   1.03728E-01   2.47031E-03   8.59665E-01   3.34444E-03   3.07924E-02   4.03679E+03  -6.44486E+04  -4.96080E+04  -1.15345E+05  -1.54661E+05
   1.04728E-01   2.46755E-03   8.58706E-01   3.34071E-03   3.07580E-02   4.22616E+03  -6.44168E+04  -4.96345E+04  -1.15406E+05  -1.54558E+05
   1.05728E-01   2.46479E-03   8.57747E-01   3.33698E-03   3.07237E-02   4.41491E+03  -6.43855E+04  -4.96612E+04  -1.15467E+05  -1.54454E+05
   1.06728E-01   2.46204E-03   8.56788E-01   3.33324E-03   3.06893E-02   4.60305E+03  -6.43548E+04  -4.96881E+04  -1.15529E+05  -1.54351E+05
   1.07728E-01   2.45928E-03   8.55829E-01   3.32951E-03   3.06550E-02   4.79060E+03  -6.43245E+04  -4.97151E+04  -1.15590E+05  -1.54247E+05
   1.08728E-01   2.45653E-03   8.54869E-01   3.32578E-03   3.06206E-02   4.97757E+03  -6.42948E+04  -4.97423E+04  -1.15652E+05  -1.54144E+05
   1.09728E-01   2.45377E-03   8.53910E-01   3.32205E-03   3.05862E-02   5.16397E+03  -6.42656E+04  -4.97697E+04  -1.15714E+05  -1.54040E+05
   1.10728E-01   2.45101E-03   8.52951E-01   3.31832E-03   3.05519E-02   5.34983E+03  -6.42369E+04  -4.97973E+04  -1.15776E+05  -1.53936E+05
   1.11728E-01   2.44826E-03   8.51992E-01   3.31459E-03   3.05175E-02   5.53515E+03  -6.42087E+04  -4.98250E+04  -1.15838E+05  -1.53833E+05
   1.12728E-01   2.44550E-03   8.51033E-01   3.31085E-03   3.04832E-02   5.71994E+03  -6.41811E+04  -4.98529E+04  -1.15900E+05  -1.53729E+05
   1.13728E-01   2.44275E-03   8.50074E-01   3.30712E-03   3.04488E-02   5.90423E+03  -6.41540E+04  -4.98810E+04  -1.15963E+05  -1.53625E+05
   1.14728E-01   2.43999E-03   8.49115E-01   3.30339E-03   3.04145E-02   6.08801E+03  -6.41275E+04  -4.99092E+04  -1.16026E+05  -1.53522E+05
   1.15728E-01   2.43723E-03   8.48155E-01   3.29966E-03   3.03801E-02   6.27131E+03  -6.41015E+04  -4.99377E+04  -1.16088E+05  -1.53418E+05
   1.16728E-01   2.43448E-03   8.47196E-01   3.29593E-03   3.03458E-02   6.45414E+03  -6.40760E+04  -4.99663E+04  -1.16151E+05  -1.53314E+05
   1.17728E-01   2.43172E-03   8.46237E-01   3.29220E-03   3.03114E-02   6.63650E+03  -6.40511E+04  -4.99951E+04  -1.16214E+05  -1.53210E+05
   1.18728E-01   2.42896E-03   8.45278E-01   3.28847E-03   3.02770E-02   6.81841E+03  -6.40268E+04  -5.00240E+04  -1.16277E+05  -1.53107E+05
   1.19728E-01   2.42621E-03   8.44319E-01   3.28473E-03   3.02427E-02   6.99988E+03  -6.40030E+04  -5.00532E+04  -1.16341E+05  -1.53003E+05
   1.20728E-01   2.42345E-03   8.43360E-01   3.28100E-03   3.02083E-02   7.18093E+03  -6.39798E+04  -5.00825E+04  -1.16404E+05  -1.52899E+05
   1.21728E-01   2.42070E-03   8.42400E-01   3.27727E-03   3.01740E-02   7.36155E+03  -6.39571E+04  -5.01120E+04  -1.16468E+05  -1.52795E+05
   1.22728E-01   2.41794E-03   8.41441E-01   3.27354E-03   3.01396E-02   7.54176E+03  -6.39350E+04  -5.01417E+04  -1.16531E+05  -1.52691E+05
   1.23728E-01   2.41518E-03   8.40482E-01   3.26981E-03   3.01053E-02   7.72158E+03  -6.39135E+04  -5.01716E+04  -1.16595E+05  -1.52587E+05
   1.24728E-01   2.41243E-03   8.39523E-01   3.26608E-03   3.00709E-02   7.90100E+03  -6.38925E+04  -5.02017E+04  -1.16659E+05  -1.52483E+05
   1.25728E-01   2.40967E-03   8.38564E-01   3.26235E-03   3.00365E-02   8.08005E+03  -6.38722E+04  -5.02320E+04  -1.16723E+05  -1.52380E+05
   1.26728E-01   2.40691E-03   8.37605E-01   3.25861E-03   3.00022E-02   8.25873E+03  -6.38524E+04  -5.02624E+04  -1.16788E+05  -1.52276E+05
   1.27728E-01   2.40416E-03   8.36645E-01   3.25488E-03   2.99678E-02   8.43706E+03  -6.38332E+04  -5.02930E+04  -1.16852E+05  -1.52172E+05
   1.28728E-01   2.40140E-03   8.35686E-01   3.25115E-03   2.99335E-02   8.61503E+03  -6.38145E+04  -5.03238E+04  -1.16916E+05  -1.52068E+05
   1.29728E-01   2.39865E-03   8.34727E-01   3.24742E-03   2.98991E-02   8.79266E+03  -6.37965E+04  -5.03549E+04  -1.16981E+05  -1.51964E+05
   1.30728E-01   2.39589E-03   8.33768E-01   3.24369E-03   2.98648E-02   8.96996E+03  -6.37791E+04  -5.03861E+04  -1.17046E+05  -1.51860E+05
   1.31728E-01   2.39313E-03   8.32809E-01   3.23996E-03   2.98304E-02   9.14693E+03  -6.37622E+04  -5.04175E+04  -1.17111E+05  -1.51755E+05
   1.32728E-01   2.39038E-03   8.31850E-01   3.23622E-03   2.97961E-02   9.32360E+03  -6.37460E+04  -5.04490E+04  -1.17176E+05  -1.51651E+05
   1.33728E-01   2.38762E-03   8.30891E-01   3.23249E-03   2.97617E-02   9.49995E+03  -6.37304E+04  -5.04808E+04  -1.17241E+05  -1.51547E+05
   1.34728E-01   2.38486E-03   8.29931E-01   3.22876E-03   2.97273E-02   9.67601E+03  -6.37154E+04  -5.05128E+04  -1.17306E+05  -1.51443E+05
   1.35728E-01   2.38211E-03   8.28972E-01   3.22503E-03   2.96930E-02   9.85178E+03  -6.37010E+04  -5.05450E+04  -1.17372E+05  -1.51339E+05
   1.36728E-01   2.37935E-03   8.28013E-01   3.22130E-03   2.96586E-02   1.00273E+04  -6.36872E+04  -5.05773E+04  -1.17437E+05  -1.51235E+05
   1.37728E-01   2.37660E-03   8.27054E-01   3.21757E-03   2.96243E-02   1.02025E+04  -6.36741E+04  -5.06099E+04  -1.17503E+05  -1.51131E+05
   1.38728E-01   2.37384E-03   8.26095E-01   3.21384E-03   2.95899E-02   1.03774E+04  -6.36616E+04  -5.06427E+04  -1.17569E+05  -1.51027E+05
   1.39728E-01   2.37108E-03   8.25136E-01   3.21010E-03   2.95556E-02   1.05521E+04  -6.36497E+04  -5.06756E+04  -1.17634E+05  -1.50922E+05
   1.40728E-01   2.36833E-03   8.24176E-01   3.20637E-03   2.95212E-02   1.07266E+04  -6.36384E+04  -5.07088E+04  -1.17700E+05  -1.50818E+05
   1.41728E-01   2.36557E-03   8.23217E-01   3.20264E-03   2.94869E-02   1.09008E+04  -6.36278E+04  -5.07422E+04  -1.17767E+05  -1.50714E+05
   1.42728E-01   2.36282E-03   8.22258E-01   3.19891E-03   2.94525E-02   1.10748E+04  -6.36178E+04  -5.07758E+04  -1.17833E+05  -1.50610E+05
   1.43728E-01   2.36006E-03   8.21299E-01   3.19518E-03   2.94181E-02   1.12485E+04  -6.36085E+04  -5.08096E+04  -1.17899E+05  -1.50505E+05
   1.44728E-01   2.35730E-03   8.20340E-01   3.19145E-03   2.93838E-02   1.14221E+04  -6.35998E+04  -5.08436E+04  -1.17966E+05  -1.50401E+05
   1.45728E-01   2.35455E-03   8.19381E-01   3.18772E-03   2.93494E-02   1.15954E+04  -6.35918E+04  -5.08778E+04  -1.18032E+05  -1.50297E+05
   1.46728E-01   2.35179E-03   8.18422E-01   3.18398E-03   2.93151E-02   1.17685E+04  -6.35844E+04  -5.09122E+04  -1.18099E+05  -1.50192E+05
   1.47728E-01   2.34903E-03   8.17462E-01   3.18025E-03   2.92807E-02   1.19414E+04  -6.35777E+04  -5.09468E+04  -1.18166E+05  -1.50088E+05
   1.48728E-01   2.34628E-03   8.16503E-01   3.17652E-03   2.92464E-02   1.21141E+04  -6.35717E+04  -5.09816E+04  -1.18233E+05  -1.49984E+05
   1.49728E-01   2.34352E-03   8.15544E-01   3.17279E-03   2.92120E-02   1.22867E+04  -6.35663E+04  -5.10167E+04  -1.18300E+05  -1.49879E+05
   1.50728E-01   2.34077E-03   8.14585E-01   3.16906E-03   2.91776E-02   1.24591E+04  -6.35617E+04  -5.10519E+04  -1.18367E+05  -1.49775E+05
   1.51728E-01   2.33801E-03   8.13626E-01   3.16533E-03   2.91433E-02   1.26313E+04  -6.35577E+04  -5.10874E+04  -1.18435E+05  -1.49671E+05
   1.52728E-01   2.33525E-03   8.12667E-01   3.16159E-03   2.91089E-02   1.28033E+04  -6.35544E+04  -5.11231E+04  -1.18502E+05  -1.49566E+05
   1.53728E-01   2.33250E-03   8.11707E-01   3.15786E-03   2.90746E-02   1.29752E+04  -6.35517E+04  -5.11590E+04  -1.18570E+05  -1.49462E+05
   1.54728E-01   2.32974E-03   8.10748E-01   3.15413E-03   2.90402E-02   1.31470E+04  -6.35498E+04  -5.11951E+04  -1.18638E+05  -1.49357E+05
   1.55728E-01   2.32698E-03   8.09789E-01   3.15040E-03   2.90059E-02   1.33186E+04  -6.35486E+04  -5.12315E+04  -1.18705E+05  -1.49253E+05
   1.56728E-01   2.32423E-03   8.08830E-01   3.14667E-03   2.89715E-02   1.34900E+04  -6.35481E+04  -5.12681E+04  -1.18773E+05  -1.49148E+05
   1.57728E-01   2.32147E-03   8.07871E-01   3.14294E-03   2.89372E-02   1.36614E+04  -6.35483E+04  -5.13049E+04  -1.18842E+05  -1.49044E+05
   1.58728E-01   2.31872E-03   8.06912E-01   3.13921E-03   2.89028E-02   1.38326E+04  -6.35492E+04  -5.13419E+04  -1.18910E+05  -1.48939E+05
   1.59728E-01   2.31596E-03   8.05952E-01   3.13547E-03   2.88684E-02   1.40037E+04  -6.35508E+04  -5.13792E+04  -1.18978E+05  -1.48835E+05
   1.60728E-01   2.31320E-03   8.04993E-01   3.13174E-03   2.88341E-02   1.41747E+04  -6.35532E+04  -5.14167E+04  -1.19047E+05  -1.48731E+05
   1.61728E-01   2.31045E-03   8.04034E-01   3.12801E-03   2.87997E-02   1.43457E+04  -6.35563E+04  -5.14544E+04  -1.19115E+05  -1.48626E+05
   1.62728E-01   2.30769E-03   8.03075E-01   3.12428E-03   2.87654E-02   1.45165E+04  -6.35601E+04  -5.14923E+04  -1.19184E+05  -1.48521E+05
   1.63728E-01   2.30494E-03   8.02116E-01   3.12055E-03   2.87310E-02   1.46872E+04  -6.35646E+04  -5.15305E+04  -1.19253E+05  -1.48417E+05
   1.64728E-01   2.30218E-03   8.01157E-01   3.11682E-03   2.86967E-02   1.48579E+04  -6.35699E+04  -5.15689E+04  -1.19322E+05  -1.48312E+05
   1.65728E-01   2.29942E-03   8.00198E-01   3.11309E-03   2.86623E-02   1.50285E+04  -6.35760E+04  -5.16076E+04  -1.19391E+05  -1.48208E+05
   1.66728E-01   2.29667E-03   7.99238E-01   3.10935E-03   2.86280E-02   1.51990E+04  -6.35828E+04  -5.16465E+04  -1.19460E+05  -1.48103E+05
   1.67728E-01   2.29391E-03   7.98279E-01   3.10562E-03   2.85936E-02   1.53694E+04  -6.35904E+04  -5.16856E+04  -1.19530E+05  -1.47999E+05
   1.68728E-01   2.29115E-03   7.97320E-01   3.10189E-03   2.85592E-02   1.55398E+04  -6.35987E+04  -5.17250E+04  -1.19599E+05  -1.47894E+05
   1.69728E-01   2.28840E-03   7.96361E-01   3.09816E-03   2.85249E-02   1.57102E+04  -6.36079E+04  -5.17646E+04  -1.19669E+05  -1.47790E+05
   1.70728E-01   2.28564E-03   7.95402E-01   3.09443E-03   2.84905E-02   1.58805E+04  -6.36177E+04  -5.18045E+04  -1.19739E+05  -1.47685E+05
   1.71728E-01   2.28289E-03   7.94443E-01   3.09070E-03   2.84562E-02   1.60508E+04  -6.36284E+04  -5.18446E+04  -1.19809E+05  -1.47581E+05
   1.72728E-01   2.28013E-03   7.93483E-01   3.08696E-03   2.84218E-02   1.62211E+04  -6.36399E+04  -5.18850E+04  -1.19879E+05  -1.47476E+05
   1.73728E-01   2.27737E-03   7.92524E-01   3.08323E-03   2.83875E-02   1.63913E+04  -6.36522E+04  -5.19256E+04  -1.19950E+05  -1.47372E+05
   1.74728E-01   2.27462E-03   7.91565E-01   3.07950E-03   2.83531E-02   1.65615E+04  -6.36652E+04  -5.19665E+04  -1.20020E+05  -1.47267E+05
   1.75728E-01   2.27186E-03   7.90606E-01   3.07577E-03   2.83187E-02   1.67318E+04  -6.36791E+04  -5.20076E+04  -1.20091E+05  -1.47163E+05
   1.76728E-01   2.26910E-03   7.89647E-01   3.07204E-03   2.82844E-02   1.69020E+04  -6.36938E+04  -5.20490E+04  -1.20161E+05  -1.47058E+05
   1.77728E-01   2.26635E-03   7.88688E-01   3.06831E-03   2.82500E-02   1.70722E+04  -6.37093E+04  -5.20907E+04  -1.20232E+05  -1.46954E+05
   1.78728E-01   2.26359E-03   7.87729E-01   3.06458E-03   2.82157E-02   1.72425E+04  -6.37256E+04  -5.21326E+04  -1.20303E+05  -1.46849E+05
   1.79728E-01   2.26084E-03   7.86769E-01   3.06084E-03   2.81813E-02   1.74127E+04  -6.37428E+04  -5.21748E+04  -1.20375E+05  -1.46745E+05
   1.80728E-01   2.25808E-03   7.85810E-01   3.05711E-03   2.81470E-02   1.75830E+04  -6.37608E+04  -5.22172E+04  -1.20446E+05  -1.46640E+05
   1.81728E-01   2.25532E-03   7.84851E-01   3.05338E-03   2.81126E-02   1.77533E+04  -6.37796E+04  -5.22599E+04  -1.20518E+05  -1.46536E+05
   1.82728E-01   2.25257E-03   7.83892E-01   3.04965E-03   2.80783E-02   1.79237E+04  -6.37993E+04  -5.23029E+04  -1.20589E+05  -1.46431E+05
   1.83728E-01   2.24981E-03   7.82933E-01   3.04592E-03   2.80439E-02   1.80941E+04  -6.38199E+04  -5.23462E+04  -1.20661E+05  -1.46327E+05
   1.84728E-01   2.24705E-03   7.81974E-01   3.04219E-03   2.80095E-02   1.82646E+04  -6.38413E+04  -5.23897E+04  -1.20733E+05  -1.46222E+05
   1.85728E-01   2.24430E-03   7.81014E-01   3.03846E-03   2.79752E-02   1.84351E+04  -6.38636E+04  -5.24335E+04  -1.20806E+05  -1.46118E+05
   1.86728E-01   2.24154E-03   7.80055E-01   3.03472E-03   2.79408E-02   1.86057E+04  -6.38868E+04  -5.24776E+04  -1.20878E+05  -1.46014E+05
   1.87728E-01   2.23879E-03   7.79096E-01   3.03099E-03   2.79065E-02   1.87763E+04  -6.39109E+04  -5.25220E+04  -1.20951E+05  -1.45909E+05
   1.88728E-01   2.23603E-03   7.78137E-01   3.02726E-03   2.78721E-02   1.89470E+04  -6.39358E+04  -5.25666E+04  -1.21024E+05  -1.45805E+05
   1.89728E-01   2.23327E-03   7.77178E-01   3.02353E-03   2.78378E-02   1.91179E+04  -6.39617E+04  -5.26116E+04  -1.21097E+05  -1.45701E+05
   1.90728E-01   2.23052E-03   7.76219E-01   3.01980E-03   2.78034E-02   1.92888E+04  -6.39884E+04  -5.26568E+04  -1.21170E+05  -1.45596E+05
   1.91728E-01   2.22776E-03   7.75259E-01   3.01607E-03   2.77691E-02   1.94598E+04  -6.40161E+04  -5.27023E+04  -1.21244E+05  -1.45492E+05
   1.92728E-01   2.22501E-03   7.74300E-01   3.01233E-03   2.77347E-02   1.96309E+04  -6.40447E+04  -5.27482E+04  -1.21317E+05  -1.45388E+05
   1.93728E-01   2.22225E-03   7.73341E-01   3.00860E-03   2.77003E-02   1.98021E+04  -6.40743E+04  -5.27943E+04  -1.21391E+05  -1.45284E+05
   1.94728E-01   2.21949E-03   7.72382E-01   3.00487E-03   2.76660E-02   1.99735E+04  -6.41047E+04  -5.28407E+04  -1.21465E+05  -1.45180E+05
   1.95728E-01   2.21674E-03   7.71423E-01   3.00114E-03   2.76316E-02   2.01450E+04  -6.41361E+04  -5.28874E+04  -1.21540E+05  -1.45075E+05
   1.96728E-01   2.21398E-03   7.70464E-01   2.99741E-03   2.75973E-02   2.03166E+04  -6.41685E+04  -5.29344E+04  -1.21614E+05  -1.44971E+05
   1.97728E-01   2.21122E-03   7.69505E-01   2.99368E-03   2.75629E-02   2.04883E+04  -6.42018E+04  -5.29818E+04  -1.21689E+05  -1.44867E+05
   1.98728E-01   2.20847E-03   7.68545E-01   2.98995E-03   2.75286E-02   2.06602E+04  -6.42361E+04  -5.30294E+04  -1.21764E+05  -1.44763E+05
   1.99728E-01   2.20571E-03   7.67586E-01   2.98621E-03   2.74942E-02   2.08323E+04  -6.42714E+04  -5.30774E+04  -1.21839E+05  -1.44659E+05
   2.00728E-01   2.20296E-03   7.66627E-01   2.98248E-03   2.74598E-02   2.10045E+04  -6.43076E+04  -5.31256E+04  -1.21915E+05  -1.44556E+05
   2.01728E-01   2.20020E-03   7.65668E-01   2.97875E-03   2.74255E-02   2.11768E+04  -6.43449E+04  -5.31742E+04  -1.21990E+05  -1.44452E+05
   2.02728E-01   2.19744E-03   7.64709E-01   2.97502E-03   2.73911E-02   2.13494E+04  -6.43831E+04  -5.32231E+04  -1.22066E+05  -1.44348E+05
   2.03728E-01   2.19469E-03   7.63750E-01   2.97129E-03   2.73568E-02   2.15221E+04  -6.44224E+04  -5.32724E+04  -1.22143E+05  -1.44244E+05
   2.04728E-01   2.19193E-03   7.62790E-01   2.96756E-03   2.73224E-02   2.16950E+04  -6.44627E+04  -5.33219E+04  -1.22219E+05  -1.44141E+05
   2.05728E-01   2.18917E-03   7.61831E-01   2.96383E-03   2.72881E-02   2.18681E+04  -6.45040E+04  -5.33718E+04  -1.22296E+05  -1.44037E+05
   2.06728E-01   2.18642E-03   7.60872E-01   2.96009E-03   2.72537E-02   2.20414E+04  -6.45463E+04  -5.34220E+04  -1.22373E+05  -1.43934E+05
   2.07728E-01   2.18366E-03   7.59913E-01   2.95636E-03   2.72194E-02   2.22149E+04  -6.45897E+04  -5.34726E+04  -1.22450E+05  -1.43830E+05
   2.08728E-01   2.18091E-03   7.58954E-01   2.95263E-03   2.71850E-02   2.23886E+04  -6.46342E+04  -5.35235E+04  -1.22528E+05  -1.43727E+05
   2.09728E-01   2.17815E-03   7.57995E-01   2.94890E-03   2.71506E-02   2.25625E+04  -6.46797E+04  -5.35747E+04  -1.22606E+05  -1.43624E+05
   2.10728E-01   2.17539E-03   7.57036E-01   2.94517E-03   2.71163E-02   2.27367E+04  -6.47263E+04  -5.36263E+04  -1.22684E+05  -1.43520E+05
   2.11728E-01   2.17264E-03   7.56076E-01   2.94144E-03   2.70819E-02   2.29110E+04  -6.47739E+04  -5.36783E+04  -1.22763E+05  -1.43417E+05
   2.12728E-01   2.16988E-03   7.55117E-01   2.93770E-03   2.70476E-02   2.30857E+04  -6.48227E+04  -5.37306E+04  -1.22842E+05  -1.43314E+05
   2.13728E-01   2.16713E-03   7.54158E-01   2.93397E-03   2.70132E-02   2.32605E+04  -6.48725E+04  -5.37832E+04  -1.22921E+05  -1.43211E+05
   2.14728E-01   2.16437E-03   7.53199E-01   2.93024E-03   2.69789E-02   2.34357E+04  -6.49235E+04  -5.38362E+04  -1.23000E+05  -1.43109E+05
   2.15728E-01   2.16161E-03   7.52240E-01   2.92651E-03   2.69445E-02   2.36111E+04  -6.49756E+04  -5.38896E+04  -1.23080E+05  -1.43006E+05
   2.16728E-01   2.15886E-03   7.51281E-01   2.92278E-03   2.69101E-02   2.37867E+04  -6.50288E+04  -5.39433E+04  -1.23160E+05  -1.42903E+05
   2.17728E-01   2.15610E-03   7.50321E-01   2.91905E-03   2.68758E-02   2.39626E+04  -6.50832E+04  -5.39974E+04  -1.23241E+05  -1.42801E+05
   2.18728E-01   2.15334E-03   7.49362E-01   2.91532E-03   2.68414E-02   2.41388E+04  -6.51387E+04  -5.40519E+04  -1.23322E+05  -1.42698E+05
   2.19728E-01   2.15059E-03   7.48403E-01   2.91158E-03   2.68071E-02   2.43153E+04  -6.51953E+04  -5.41067E+04  -1.23403E+05  -1.42596E+05
   2.20728E-01   2.14783E-03   7.47444E-01   2.90785E-03   2.67727E-02   2.44921E+04  -6.52532E+04  -5.41620E+04  -1.23484E+05  -1.42494E+05
   2.21728E-01   2.14508E-03   7.46485E-01   2.90412E-03   2.67384E-02   2.46692E+04  -6.53122E+04  -5.42176E+04  -1.23566E+05  -1.42392E+05
   2.22728E-01   2.14232E-03   7.45526E-01   2.90039E-03   2.67040E-02   2.48465E+04  -6.53724E+04  -5.42736E+04  -1.23649E+05  -1.42290E+05
   2.23728E-01   2.13956E-03   7.44566E-01   2.89666E-03   2.66697E-02   2.50242E+04  -6.54338E+04  -5.43300E+04  -1.23731E+05  -1.42188E+05
   2.24728E-01   2.13681E-03   7.43607E-01   2.89293E-03   2.66353E-02   2.52023E+04  -6.54965E+04  -5.43868E+04  -1.23814E+05  -1.42086E+05
   2.25728E-01   2.13405E-03   7.42648E-01   2.88920E-03   2.66009E-02   2.53806E+04  -6.55603E+04  -5.44439E+04  -1.23898E+05  -1.41984E+05
   2.26728E-01   2.13129E-03   7.41689E-01   2.88546E-03   2.65666E-02   2.55593E+04  -6.56254E+04  -5.45015E+04  -1.23982E+05  -1.41883E+05
   2.27728E-01   2.12854E-03   7.40730E-01   2.88173E-03   2.65322E-02   2.57383E+04  -6.56917E+04  -5.45595E+04  -1.24066E+05  -1.41782E+05
   2.28728E-01   2.12578E-03   7.39771E-01   2.87800E-03   2.64979E-02   2.59176E+04  -6.57593E+04  -5.46179E+04  -1.24151E+05  -1.41681E+05
   2.29728E-01   2.12303E-03   7.38812E-01   2.87427E-03   2.64635E-02   2.60973E+04  -6.58282E+04  -5.46767E+04  -1.24236E+05  -1.41580E+05
   2.30728E-01   2.12027E-03   7.37852E-01   2.87054E-03   2.64292E-02   2.62774E+04  -6.58983E+04  -5.47359E+04  -1.24321E+05  -1.41479E+05
   2.31728E-01   2.11751E-03   7.36893E-01   2.86681E-03   2.63948E-02   2.64578E+04  -6.59698E+04  -5.47956E+04  -1.24407E+05  -1.41378E+05
   2.32728E-01   2.11476E-03   7.35934E-01   2.86307E-03   2.63605E-02   2.66386E+04  -6.60425E+04  -5.48556E+04  -1.24494E+05  -1.41277E+05
   2.33728E-01   2.11200E-03   7.34975E-01   2.85934E-03   2.63261E-02   2.68198E+04  -6.61166E+04  -5.49161E+04  -1.24581E+05  -1.41177E+05
   2.34728E-01   2.10924E-03   7.34016E-01   2.85561E-03   2.62917E-02   2.70014E+04  -6.61919E+04  -5.49771E+04  -1.24668E+05  -1.41077E+05
   2.35728E-01   2.10649E-03   7.33057E-01   2.85188E-03   2.62574E-02   2.71833E+04  -6.62687E+04  -5.50384E+04  -1.24756E+05  -1.40977E+05
   2.36728E-01   2.10373E-03   7.32097E-01   2.84815E-03   2.62230E-02   2.73657E+04  -6.63467E+04  -5.51002E+04  -1.24844E+05  -1.40877E+05
   2.37728E-01   2.10098E-03   7.31138E-01   2.84442E-03   2.61887E-02   2.75484E+04  -6.64262E+04  -5.51625E+04  -1.24933E+05  -1.40778E+05
   2.38728E-01   2.09822E-03   7.30179E-01   2.84069E-03   2.61543E-02   2.77316E+04  -6.65070E+04  -5.52252E+04  -1.25023E+05  -1.40678E+05
   2.39728E-01   2.09546E-03   7.29220E-01   2.83695E-03   2.61200E-02   2.79152E+04  -6.65892E+04  -5.52883E+04  -1.25112E+05  -1.40579E+05
   2.40728E-01   2.09271E-03   7.28261E-01   2.83322E-03   2.60856E-02   2.80992E+04  -6.66728E+04  -5.53520E+04  -1.25203E+05  -1.40480E+05
   2.41728E-01   2.08995E-03   7.27302E-01   2.82949E-03   2.60512E-02   2.82836E+04  -6.67579E+04  -5.54160E+04  -1.25294E+05  -1.40381E+05
   2.42728E-01   2.08720E-03   7.26343E-01   2.82576E-03   2.60169E-02   2.84684E+04  -6.68443E+04  -5.54806E+04  -1.25385E+05  -1.40282E+05
   2.43728E-01   2.08444E-03   7.25383E-01   2.82203E-03   2.59825E-02   2.86537E+04  -6.69322E+04  -5.55456E+04  -1.25477E+05  -1.40184E+05
   2.44728E-01   2.08168E-03   7.24424E-01   2.81830E-03   2.59482E-02   2.88395E+04  -6.70216E+04  -5.56110E+04  -1.25570E+05  -1.40086E+05
   2.45728E-01   2.07893E-03   7.23465E-01   2.81457E-03   2.59138E-02   2.90257E+04  -6.71124E+04  -5.56770E+04  -1.25663E+05  -1.39988E+05
   2.46728E-01   2.07617E-03   7.22506E-01   2.81083E-03   2.58795E-02   2.92124E+04  -6.72047E+04  -5.57434E+04  -1.25756E+05  -1.39890E+05
   2.47728E-01   2.07341E-03   7.21547E-01   2.80710E-03   2.58451E-02   2.93995E+04  -6.72985E+04  -5.58104E+04  -1.25851E+05  -1.39793E+05
   2.48728E-01   2.07066E-03   7.20588E-01   2.80337E-03   2.58108E-02   2.95871E+04  -6.73938E+04  -5.58778E+04  -1.25945E+05  -1.39696E+05
   2.49728E-01   2.06790E-03   7.19628E-01   2.79964E-03   2.57764E-02   2.97752E+04  -6.74906E+04  -5.59457E+04  -1.26041E+05  -1.39599E+05
   2.50728E-01   2.06515E-03   7.18669E-01   2.79591E-03   2.57420E-02   2.99637E+04  -6.75890E+04  -5.60141E+04  -1.26137E+05  -1.39502E+05
   2.51728E-01   2.06239E-03   7.17710E-01   2.79218E-03   2.57077E-02   3.01528E+04  -6.76889E+04  -5.60831E+04  -1.26234E+05  -1.39406E+05
   2.52728E-01   2.05963E-03   7.16751E-01   2.78844E-03   2.56733E-02   3.03424E+04  -6.77903E+04  -5.61525E+04  -1.26331E+05  -1.39310E+05
   2.53728E-01   2.05688E-03   7.15792E-01   2.78471E-03   2.56390E-02   3.05324E+04  -6.78934E+04  -5.62224E+04  -1.26429E+05  -1.39214E+05
   2.54728E-01   2.05412E-03   7.14833E-01   2.78098E-03   2.56046E-02   3.07230E+04  -6.79981E+04  -5.62929E+04  -1.26527E+05  -1.39118E+05
   2.55728E-01   2.05136E-03   7.13873E-01   2.77725E-03   2.55703E-02   3.09141E+04  -6.81043E+04  -5.63639E+04  -1.26627E+05  -1.39023E+05
   2.56728E-01   2.04861E-03   7.12914E-01   2.77352E-03   2.55359E-02   3.11056E+04  -6.82122E+04  -5.64354E+04  -1.26727E+05  -1.38928E+05
   2.57728E-01   2.04585E-03   7.11955E-01   2.76979E-03   2.55016E-02   3.12978E+04  -6.83217E+04  -5.65075E+04  -1.26827E+05  -1.38833E+05
   2.58728E-01   2.04310E-03   7.10996E-01   2.76606E-03   2.54672E-02   3.14904E+04  -6.84329E+04  -5.65800E+04  -1.26928E+05  -1.38739E+05
   2.59728E-01   2.04034E-03   7.10037E-01   2.76232E-03   2.54328E-02   3.16836E+04  -6.85457E+04  -5.66532E+04  -1.27030E+05  -1.38645E+05
   2.60728E-01   2.03758E-03   7.09078E-01   2.75859E-03   2.53985E-02   3.18774E+04  -6.86603E+04  -5.67269E+04  -1.27133E+05  -1.38551E+05
   2.61728E-01   2.03483E-03   7.08119E-01   2.75486E-03   2.53641E-02   3.20716E+04  -6.87765E+04  -5.68011E+04  -1.27237E+05  -1.38458E+05
   2.62728E-01   2.03207E-03   7.07159E-01   2.75113E-03   2.53298E-02   3.22665E+04  -6.88944E+04  -5.68759E+04  -1.27341E+05  -1.38365E+05
   2.63728E-01   2.02931E-03   7.06200E-01   2.74740E-03   2.52954E-02   3.24619E+04  -6.90141E+04  -5.69512E+04  -1.27446E+05  -1.38272E+05
   2.64728E-01   2.02656E-03   7.05241E-01   2.74367E-03   2.52611E-02   3.26579E+04  -6.91355E+04  -5.70272E+04  -1.27551E+05  -1.38180E+05
   2.65728E-01   2.02380E-03   7.04282E-01   2.73994E-03   2.52267E-02   3.28544E+04  -6.92587E+04  -5.71036E+04  -1.27658E+05  -1.38088E+05
   2.66728E-01   2.02105E-03   7.03323E-01   2.73620E-03   2.51923E-02   3.30515E+04  -6.93837E+04  -5.71807E+04  -1.27765E+05  -1.37996E+05
   2.67728E-01   2.01829E-03   7.02364E-01   2.73247E-03   2.51580E-02   3.32492E+04  -6.95105E+04  -5.72584E+04  -1.27873E+05  -1.37905E+05
   2.68728E-01   2.01553E-03   7.01404E-01   2.72874E-03   2.51236E-02   3.34475E+04  -6.96390E+04  -5.73366E+04  -1.27981E+05  -1.37814E+05
   2.69728E-01   2.01278E-03   7.00445E-01   2.72501E-03   2.50893E-02   3.36464E+04  -6.97695E+04  -5.74154E+04  -1.28091E+05  -1.37723E+05
   2.70728E-01   2.01002E-03   6.99486E-01   2.72128E-03   2.50549E-02   3.38459E+04  -6.99017E+04  -5.74949E+04  -1.28201E+05  -1.37633E+05
   2.71728E-01   2.00727E-03   6.98527E-01   2.71755E-03   2.50206E-02   3.40460E+04  -7.00358E+04  -5.75749E+04  -1.28313E+05  -1.37543E+05
   2.72728E-01   2.00451E-03   6.97568E-01   2.71382E-03   2.49862E-02   3.42467E+04  -7.01718E+04  -5.76556E+04  -1.28425E+05  -1.37454E+05
   2.73728E-01   2.00175E-03   6.96609E-01   2.71008E-03   2.49519E-02   3.44480E+04  -7.03097E+04  -5.77368E+04  -1.28538E+05  -1.37365E+05
   2.74728E-01   1.99900E-03   6.95650E-01   2.70635E-03   2.49175E-02   3.46499E+04  -7.04496E+04  -5.78187E+04  -1.28651E+05  -1.37277E+05
   2.75728E-01   1.99624E-03   6.94690E-01   2.70262E-03   2.48831E-02   3.48525E+04  -7.05913E+04  -5.79012E+04  -1.28766E+05  -1.37189E+05
   2.76728E-01   1.99348E-03   6.93731E-01   2.69889E-03   2.48488E-02   3.50557E+04  -7.07350E+04  -5.79843E+04  -1.28882E+05  -1.37101E+05
   2.77728E-01   1.99073E-03   6.92772E-01   2.69516E-03   2.48144E-02   3.52595E+04  -7.08807E+04  -5.80681E+04  -1.28998E+05  -1.37014E+05
   2.78728E-01   1.98797E-03   6.91813E-01   2.69143E-03   2.47801E-02   3.54640E+04  -7.10283E+04  -5.81525E+04  -1.29116E+05  -1.36927E+05
   2.79728E-01   1.98522E-03   6.90854E-01   2.68769E-03   2.47457E-02   3.56692E+04  -7.11780E+04  -5.82375E+04  -1.29234E+05  -1.36841E+05
   2.80728E-01   1.98246E-03   6.89895E-01   2.68396E-03   2.47114E-02   3.58749E+04  -7.13297E+04  -5.83232E+04  -1.29353E+05  -1.36755E+05
   2.81728E-01   1.97970E-03   6.88935E-01   2.68023E-03   2.46770E-02   3.60814E+04  -7.14835E+04  -5.84096E+04  -1.29474E+05  -1.36670E+05
   2.82728E-01   1.97695E-03   6.87976E-01   2.67650E-03   2.46426E-02   3.62885E+04  -7.16393E+04  -5.84966E+04  -1.29595E+05  -1.36585E+05
   2.83728E-01   1.97419E-03   6.87017E-01   2.67277E-03   2.46083E-02   3.64962E+04  -7.17972E+04  -5.85843E+04  -1.29717E+05  -1.36501E+05
   2.84728E-01   1.97143E-03   6.86058E-01   2.66904E-03   2.45739E-02   3.67047E+04  -7.19572E+04  -5.86726E+04  -1.29840E+05  -1.36417E+05
   2.85728E-01   1.96868E-03   6.85099E-01   2.66531E-03   2.45396E-02   3.69138E+04  -7.21193E+04  -5.87616E+04  -1.29965E+05  -1.36334E+05
   2.86728E-01   1.96592E-03   6.84140E-01   2.66157E-03   2.45052E-02   3.71236E+04  -7.22836E+04  -5.88514E+04  -1.30090E+05  -1.36251E+05
   2.87728E-01   1.96317E-03   6.83180E-01   2.65784E-03   2.44709E-02   3.73341E+04  -7.24500E+04  -5.89418E+04  -1.30216E+05  -1.36169E+05
   2.88728E-01   1.96041E-03   6.82221E-01   2.65411E-03   2.44365E-02   3.75452E+04  -7.26186E+04  -5.90328E+04  -1.30344E+05  -1.36088E+05
   2.89728E-01   1.95765E-03   6.81262E-01   2.65038E-03   2.44022E-02   3.77571E+04  -7.27894E+04  -5.91246E+04  -1.30472E+05  -1.36007E+05
   2.90728E-01   1.95490E-03   6.80303E-01   2.64665E-03   2.43678E-02   3.79697E+04  -7.29624E+04  -5.92171E+04  -1.30602E+05  -1.35926E+05
   2.91728E-01   1.95214E-03   6.79344E-01   2.64292E-03   2.43334E-02   3.81829E+04  -7.31377E+04  -5.93103E+04  -1.30733E+05  -1.35846E+05
   2.92728E-01   1.94939E-03   6.78385E-01   2.63919E-03   2.42991E-02   3.83969E+04  -7.33153E+04  -5.94043E+04  -1.30864E+05  -1.35767E+05
   2.93728E-01   1.94663E-03   6.77426E-01   2.63545E-03   2.42647E-02   3.86116E+04  -7.34951E+04  -5.94989E+04  -1.30997E+05  -1.35688E+05
   2.94728E-01   1.94387E-03   6.76466E-01   2.63172E-03   2.42304E-02   3.88270E+04  -7.36773E+04  -5.95943E+04  -1.31132E+05  -1.35610E+05
   2.95728E-01   1.94112E-03   6.75507E-01   2.62799E-03   2.41960E-02   3.90431E+04  -7.38617E+04  -5.96904E+04  -1.31267E+05  -1.35533E+05
   2.96728E-01   1.93836E-03   6.74548E-01   2.62426E-03   2.41617E-02   3.92599E+04  -7.40486E+04  -5.97872E+04  -1.31403E+05  -1.35456E+05
   2.97728E-01   1.93560E-03   6.73589E-01   2.62053E-03   2.41273E-02   3.94775E+04  -7.42377E+04  -5.98848E+04  -1.31541E+05  -1.35380E+05
   2.98728E-01   1.93285E-03   6.72630E-01   2.61680E-03   2.40930E-02   3.96958E+04  -7.44293E+04  -5.99831E+04  -1.31680E+05  -1.35304E+05
   2.99728E-01   1.93009E-03   6.71671E-01   2.61306E-03   2.40586E-02   3.99148E+04  -7.46234E+04  -6.00822E+04  -1.31820E+05  -1.35229E+05
   2.99990E-01   1.92937E-03   6.71419E-01   2.61209E-03   2.40496E-02   3.99724E+04  -7.46747E+04  -6.01083E+04  -1.31857E+05  -1.35210E+05

 Phase Region for:
     FCC_A1                        
 col-1=X(C), col-2=X(CU), col-3=X(FE), col-4=X(MN), col-5=X(SI), col-6=MU(C), col-7=MU(CU), col-8=MU(FE), col-9=MU(MN), col-10=MU(SI),
   9.72763E-03   2.72939E-03   9.49826E-01   3.69520E-03   3.40219E-02  -2.59671E+04  -6.93026E+04  -4.77612E+04  -1.10366E+05  -1.64247E+05
   8.72763E-03   2.73215E-03   9.50785E-01   3.69893E-03   3.40562E-02  -2.70206E+04  -6.93700E+04  -4.77474E+04  -1.10321E+05  -1.64347E+05
   7.72763E-03   2.73490E-03   9.51744E-01   3.70266E-03   3.40906E-02  -2.81918E+04  -6.94378E+04  -4.77337E+04  -1.10276E+05  -1.64447E+05
   6.72763E-03   2.73766E-03   9.52703E-01   3.70639E-03   3.41249E-02  -2.95135E+04  -6.95057E+04  -4.77201E+04  -1.10231E+05  -1.64546E+05
   5.72763E-03   2.74041E-03   9.53663E-01   3.71012E-03   3.41593E-02  -3.10344E+04  -6.95740E+04  -4.77066E+04  -1.10187E+05  -1.64646E+05
   4.72763E-03   2.74317E-03   9.54622E-01   3.71386E-03   3.41936E-02  -3.28314E+04  -6.96425E+04  -4.76932E+04  -1.10142E+05  -1.64746E+05
   3.72763E-03   2.74593E-03   9.55581E-01   3.71759E-03   3.42280E-02  -3.50366E+04  -6.97112E+04  -4.76798E+04  -1.10098E+05  -1.64845E+05
   2.72763E-03   2.74868E-03   9.56540E-01   3.72132E-03   3.42623E-02  -3.79081E+04  -6.97802E+04  -4.76666E+04  -1.10054E+05  -1.64945E+05
   1.72763E-03   2.75144E-03   9.57499E-01   3.72505E-03   3.42967E-02  -4.20673E+04  -6.98494E+04  -4.76535E+04  -1.10010E+05  -1.65044E+05
   7.27626E-04   2.75420E-03   9.58458E-01   3.72878E-03   3.43311E-02  -4.98671E+04  -6.99189E+04  -4.76405E+04  -1.09967E+05  -1.65144E+05
   1.00000E-05   2.75617E-03   9.59147E-01   3.73146E-03   3.43557E-02  -8.81809E+04  -6.99689E+04  -4.76312E+04  -1.09935E+05  -1.65215E+05
