
 Phase Region for:
     BCC_A2                        
 col-1=X(C), col-2=X(CU), col-3=X(FE), col-4=X(MN), col-5=X(SI), col-6=MU(C), col-7=MU(CU), col-8=MU(FE), col-9=MU(MN), col-10=MU(SI),
   2.88620E-02   2.67665E-03   9.31473E-01   3.62380E-03   3.33645E-02   1.43505E+04  -6.49435E+04  -4.81558E+04  -1.04409E+05  -1.65276E+05
   9.99900E-03   2.72864E-03   9.49566E-01   3.69419E-03   3.40125E-02   3.98894E+03  -6.49476E+04  -4.79050E+04  -1.03312E+05  -1.66877E+05

 Phase Region for:
     BCC_A2                        
 col-1=X(C), col-2=X(CU), col-3=X(FE), col-4=X(MN), col-5=X(SI), col-6=MU(C), col-7=MU(CU), col-8=MU(FE), col-9=MU(MN), col-10=MU(SI),
   2.88620E-02   2.67665E-03   9.31473E-01   3.62380E-03   3.33645E-02   1.43505E+04  -6.49435E+04  -4.81558E+04  -1.04409E+05  -1.65276E+05
   2.87620E-02   2.67693E-03   9.31569E-01   3.62417E-03   3.33679E-02   1.43147E+04  -6.49434E+04  -4.81544E+04  -1.04403E+05  -1.65284E+05
   2.86620E-02   2.67720E-03   9.31665E-01   3.62455E-03   3.33713E-02   1.42787E+04  -6.49434E+04  -4.81531E+04  -1.04397E+05  -1.65293E+05
   2.85620E-02   2.67748E-03   9.31761E-01   3.62492E-03   3.33748E-02   1.42427E+04  -6.49433E+04  -4.81517E+04  -1.04391E+05  -1.65301E+05
   2.84620E-02   2.67775E-03   9.31857E-01   3.62529E-03   3.33782E-02   1.42065E+04  -6.49432E+04  -4.81503E+04  -1.04385E+05  -1.65310E+05
   2.83620E-02   2.67803E-03   9.31953E-01   3.62566E-03   3.33816E-02   1.41702E+04  -6.49431E+04  -4.81489E+04  -1.04379E+05  -1.65319E+05
   2.82620E-02   2.67831E-03   9.32049E-01   3.62604E-03   3.33851E-02   1.41338E+04  -6.49431E+04  -4.81475E+04  -1.04373E+05  -1.65327E+05
   2.81620E-02   2.67858E-03   9.32144E-01   3.62641E-03   3.33885E-02   1.40973E+04  -6.49430E+04  -4.81461E+04  -1.04367E+05  -1.65336E+05
   2.80620E-02   2.67886E-03   9.32240E-01   3.62678E-03   3.33920E-02   1.40607E+04  -6.49429E+04  -4.81447E+04  -1.04361E+05  -1.65344E+05
   2.79620E-02   2.67913E-03   9.32336E-01   3.62716E-03   3.33954E-02   1.40240E+04  -6.49428E+04  -4.81433E+04  -1.04355E+05  -1.65353E+05
   2.78620E-02   2.67941E-03   9.32432E-01   3.62753E-03   3.33988E-02   1.39872E+04  -6.49428E+04  -4.81419E+04  -1.04349E+05  -1.65361E+05
   2.77620E-02   2.67968E-03   9.32528E-01   3.62790E-03   3.34023E-02   1.39502E+04  -6.49427E+04  -4.81406E+04  -1.04343E+05  -1.65370E+05
   2.76620E-02   2.67996E-03   9.32624E-01   3.62828E-03   3.34057E-02   1.39132E+04  -6.49426E+04  -4.81392E+04  -1.04337E+05  -1.65379E+05
   2.75620E-02   2.68023E-03   9.32720E-01   3.62865E-03   3.34091E-02   1.38760E+04  -6.49426E+04  -4.81378E+04  -1.04331E+05  -1.65387E+05
   2.74620E-02   2.68051E-03   9.32816E-01   3.62902E-03   3.34126E-02   1.38387E+04  -6.49425E+04  -4.81364E+04  -1.04325E+05  -1.65396E+05
   2.73620E-02   2.68079E-03   9.32912E-01   3.62940E-03   3.34160E-02   1.38013E+04  -6.49424E+04  -4.81350E+04  -1.04319E+05  -1.65404E+05
   2.72620E-02   2.68106E-03   9.33008E-01   3.62977E-03   3.34194E-02   1.37638E+04  -6.49424E+04  -4.81336E+04  -1.04313E+05  -1.65413E+05
   2.71620E-02   2.68134E-03   9.33104E-01   3.63014E-03   3.34229E-02   1.37261E+04  -6.49423E+04  -4.81323E+04  -1.04307E+05  -1.65421E+05
   2.70620E-02   2.68161E-03   9.33200E-01   3.63052E-03   3.34263E-02   1.36884E+04  -6.49423E+04  -4.81309E+04  -1.04301E+05  -1.65430E+05
   2.69620E-02   2.68189E-03   9.33295E-01   3.63089E-03   3.34297E-02   1.36505E+04  -6.49422E+04  -4.81295E+04  -1.04295E+05  -1.65439E+05
   2.68620E-02   2.68216E-03   9.33391E-01   3.63126E-03   3.34332E-02   1.36125E+04  -6.49421E+04  -4.81281E+04  -1.04289E+05  -1.65447E+05
   2.67620E-02   2.68244E-03   9.33487E-01   3.63164E-03   3.34366E-02   1.35743E+04  -6.49421E+04  -4.81267E+04  -1.04283E+05  -1.65456E+05
   2.66620E-02   2.68272E-03   9.33583E-01   3.63201E-03   3.34401E-02   1.35361E+04  -6.49420E+04  -4.81254E+04  -1.04277E+05  -1.65464E+05
   2.65620E-02   2.68299E-03   9.33679E-01   3.63238E-03   3.34435E-02   1.34977E+04  -6.49420E+04  -4.81240E+04  -1.04271E+05  -1.65473E+05
   2.64620E-02   2.68327E-03   9.33775E-01   3.63275E-03   3.34469E-02   1.34592E+04  -6.49419E+04  -4.81226E+04  -1.04265E+05  -1.65481E+05
   2.63620E-02   2.68354E-03   9.33871E-01   3.63313E-03   3.34504E-02   1.34206E+04  -6.49419E+04  -4.81212E+04  -1.04259E+05  -1.65490E+05
   2.62620E-02   2.68382E-03   9.33967E-01   3.63350E-03   3.34538E-02   1.33818E+04  -6.49418E+04  -4.81199E+04  -1.04253E+05  -1.65498E+05
   2.61620E-02   2.68409E-03   9.34063E-01   3.63387E-03   3.34572E-02   1.33429E+04  -6.49418E+04  -4.81185E+04  -1.04247E+05  -1.65507E+05
   2.60620E-02   2.68437E-03   9.34159E-01   3.63425E-03   3.34607E-02   1.33039E+04  -6.49417E+04  -4.81171E+04  -1.04242E+05  -1.65516E+05
   2.59620E-02   2.68464E-03   9.34255E-01   3.63462E-03   3.34641E-02   1.32647E+04  -6.49417E+04  -4.81157E+04  -1.04236E+05  -1.65524E+05
   2.58620E-02   2.68492E-03   9.34351E-01   3.63499E-03   3.34675E-02   1.32255E+04  -6.49416E+04  -4.81144E+04  -1.04230E+05  -1.65533E+05
   2.57620E-02   2.68520E-03   9.34446E-01   3.63537E-03   3.34710E-02   1.31860E+04  -6.49416E+04  -4.81130E+04  -1.04224E+05  -1.65541E+05
   2.56620E-02   2.68547E-03   9.34542E-01   3.63574E-03   3.34744E-02   1.31465E+04  -6.49415E+04  -4.81116E+04  -1.04218E+05  -1.65550E+05
   2.55620E-02   2.68575E-03   9.34638E-01   3.63611E-03   3.34778E-02   1.31068E+04  -6.49415E+04  -4.81103E+04  -1.04212E+05  -1.65558E+05
   2.54620E-02   2.68602E-03   9.34734E-01   3.63649E-03   3.34813E-02   1.30670E+04  -6.49414E+04  -4.81089E+04  -1.04206E+05  -1.65567E+05
   2.53620E-02   2.68630E-03   9.34830E-01   3.63686E-03   3.34847E-02   1.30270E+04  -6.49414E+04  -4.81075E+04  -1.04200E+05  -1.65575E+05
   2.52620E-02   2.68657E-03   9.34926E-01   3.63723E-03   3.34882E-02   1.29870E+04  -6.49414E+04  -4.81061E+04  -1.04194E+05  -1.65584E+05
   2.51620E-02   2.68685E-03   9.35022E-01   3.63761E-03   3.34916E-02   1.29467E+04  -6.49413E+04  -4.81048E+04  -1.04188E+05  -1.65593E+05
   2.50620E-02   2.68713E-03   9.35118E-01   3.63798E-03   3.34950E-02   1.29064E+04  -6.49413E+04  -4.81034E+04  -1.04182E+05  -1.65601E+05
   2.49620E-02   2.68740E-03   9.35214E-01   3.63835E-03   3.34985E-02   1.28658E+04  -6.49412E+04  -4.81020E+04  -1.04176E+05  -1.65610E+05
   2.48620E-02   2.68768E-03   9.35310E-01   3.63872E-03   3.35019E-02   1.28252E+04  -6.49412E+04  -4.81007E+04  -1.04170E+05  -1.65618E+05
   2.47620E-02   2.68795E-03   9.35406E-01   3.63910E-03   3.35053E-02   1.27844E+04  -6.49412E+04  -4.80993E+04  -1.04164E+05  -1.65627E+05
   2.46620E-02   2.68823E-03   9.35502E-01   3.63947E-03   3.35088E-02   1.27434E+04  -6.49411E+04  -4.80979E+04  -1.04158E+05  -1.65635E+05
   2.45620E-02   2.68850E-03   9.35597E-01   3.63984E-03   3.35122E-02   1.27024E+04  -6.49411E+04  -4.80966E+04  -1.04153E+05  -1.65644E+05
   2.44620E-02   2.68878E-03   9.35693E-01   3.64022E-03   3.35156E-02   1.26611E+04  -6.49411E+04  -4.80952E+04  -1.04147E+05  -1.65652E+05
   2.43620E-02   2.68905E-03   9.35789E-01   3.64059E-03   3.35191E-02   1.26197E+04  -6.49410E+04  -4.80939E+04  -1.04141E+05  -1.65661E+05
   2.42620E-02   2.68933E-03   9.35885E-01   3.64096E-03   3.35225E-02   1.25782E+04  -6.49410E+04  -4.80925E+04  -1.04135E+05  -1.65669E+05
   2.41620E-02   2.68961E-03   9.35981E-01   3.64134E-03   3.35259E-02   1.25365E+04  -6.49410E+04  -4.80911E+04  -1.04129E+05  -1.65678E+05
   2.40620E-02   2.68988E-03   9.36077E-01   3.64171E-03   3.35294E-02   1.24947E+04  -6.49410E+04  -4.80898E+04  -1.04123E+05  -1.65686E+05
   2.39620E-02   2.69016E-03   9.36173E-01   3.64208E-03   3.35328E-02   1.24527E+04  -6.49409E+04  -4.80884E+04  -1.04117E+05  -1.65695E+05
   2.38620E-02   2.69043E-03   9.36269E-01   3.64246E-03   3.35363E-02   1.24106E+04  -6.49409E+04  -4.80871E+04  -1.04111E+05  -1.65704E+05
   2.37620E-02   2.69071E-03   9.36365E-01   3.64283E-03   3.35397E-02   1.23683E+04  -6.49409E+04  -4.80857E+04  -1.04105E+05  -1.65712E+05
   2.36620E-02   2.69098E-03   9.36461E-01   3.64320E-03   3.35431E-02   1.23258E+04  -6.49409E+04  -4.80843E+04  -1.04099E+05  -1.65721E+05
   2.35620E-02   2.69126E-03   9.36557E-01   3.64358E-03   3.35466E-02   1.22832E+04  -6.49408E+04  -4.80830E+04  -1.04093E+05  -1.65729E+05
   2.34620E-02   2.69154E-03   9.36653E-01   3.64395E-03   3.35500E-02   1.22404E+04  -6.49408E+04  -4.80816E+04  -1.04088E+05  -1.65738E+05
   2.33620E-02   2.69181E-03   9.36748E-01   3.64432E-03   3.35534E-02   1.21975E+04  -6.49408E+04  -4.80803E+04  -1.04082E+05  -1.65746E+05
   2.32620E-02   2.69209E-03   9.36844E-01   3.64470E-03   3.35569E-02   1.21544E+04  -6.49408E+04  -4.80789E+04  -1.04076E+05  -1.65755E+05
   2.31620E-02   2.69236E-03   9.36940E-01   3.64507E-03   3.35603E-02   1.21111E+04  -6.49408E+04  -4.80776E+04  -1.04070E+05  -1.65763E+05
   2.30620E-02   2.69264E-03   9.37036E-01   3.64544E-03   3.35637E-02   1.20677E+04  -6.49407E+04  -4.80762E+04  -1.04064E+05  -1.65772E+05
   2.29620E-02   2.69291E-03   9.37132E-01   3.64581E-03   3.35672E-02   1.20241E+04  -6.49407E+04  -4.80749E+04  -1.04058E+05  -1.65780E+05
   2.28620E-02   2.69319E-03   9.37228E-01   3.64619E-03   3.35706E-02   1.19803E+04  -6.49407E+04  -4.80735E+04  -1.04052E+05  -1.65789E+05
   2.27620E-02   2.69346E-03   9.37324E-01   3.64656E-03   3.35740E-02   1.19364E+04  -6.49407E+04  -4.80722E+04  -1.04046E+05  -1.65797E+05
   2.26620E-02   2.69374E-03   9.37420E-01   3.64693E-03   3.35775E-02   1.18923E+04  -6.49407E+04  -4.80708E+04  -1.04040E+05  -1.65806E+05
   2.25620E-02   2.69402E-03   9.37516E-01   3.64731E-03   3.35809E-02   1.18480E+04  -6.49407E+04  -4.80695E+04  -1.04035E+05  -1.65814E+05
   2.24620E-02   2.69429E-03   9.37612E-01   3.64768E-03   3.35843E-02   1.18036E+04  -6.49407E+04  -4.80681E+04  -1.04029E+05  -1.65823E+05
   2.23620E-02   2.69457E-03   9.37708E-01   3.64805E-03   3.35878E-02   1.17590E+04  -6.49406E+04  -4.80668E+04  -1.04023E+05  -1.65831E+05
   2.22620E-02   2.69484E-03   9.37803E-01   3.64843E-03   3.35912E-02   1.17142E+04  -6.49406E+04  -4.80654E+04  -1.04017E+05  -1.65840E+05
   2.21620E-02   2.69512E-03   9.37899E-01   3.64880E-03   3.35947E-02   1.16692E+04  -6.49406E+04  -4.80641E+04  -1.04011E+05  -1.65848E+05
   2.20620E-02   2.69539E-03   9.37995E-01   3.64917E-03   3.35981E-02   1.16240E+04  -6.49406E+04  -4.80627E+04  -1.04005E+05  -1.65857E+05
   2.19620E-02   2.69567E-03   9.38091E-01   3.64955E-03   3.36015E-02   1.15787E+04  -6.49406E+04  -4.80614E+04  -1.03999E+05  -1.65865E+05
   2.18620E-02   2.69595E-03   9.38187E-01   3.64992E-03   3.36050E-02   1.15331E+04  -6.49406E+04  -4.80600E+04  -1.03994E+05  -1.65874E+05
   2.17620E-02   2.69622E-03   9.38283E-01   3.65029E-03   3.36084E-02   1.14874E+04  -6.49406E+04  -4.80587E+04  -1.03988E+05  -1.65883E+05
   2.16620E-02   2.69650E-03   9.38379E-01   3.65067E-03   3.36118E-02   1.14415E+04  -6.49406E+04  -4.80573E+04  -1.03982E+05  -1.65891E+05
   2.15620E-02   2.69677E-03   9.38475E-01   3.65104E-03   3.36153E-02   1.13954E+04  -6.49406E+04  -4.80560E+04  -1.03976E+05  -1.65900E+05
   2.14620E-02   2.69705E-03   9.38571E-01   3.65141E-03   3.36187E-02   1.13491E+04  -6.49406E+04  -4.80546E+04  -1.03970E+05  -1.65908E+05
   2.13620E-02   2.69732E-03   9.38667E-01   3.65179E-03   3.36221E-02   1.13027E+04  -6.49406E+04  -4.80533E+04  -1.03964E+05  -1.65917E+05
   2.12620E-02   2.69760E-03   9.38763E-01   3.65216E-03   3.36256E-02   1.12560E+04  -6.49406E+04  -4.80520E+04  -1.03958E+05  -1.65925E+05
   2.11620E-02   2.69787E-03   9.38859E-01   3.65253E-03   3.36290E-02   1.12091E+04  -6.49406E+04  -4.80506E+04  -1.03953E+05  -1.65934E+05
   2.10620E-02   2.69815E-03   9.38954E-01   3.65290E-03   3.36324E-02   1.11620E+04  -6.49406E+04  -4.80493E+04  -1.03947E+05  -1.65942E+05
   2.09620E-02   2.69843E-03   9.39050E-01   3.65328E-03   3.36359E-02   1.11148E+04  -6.49406E+04  -4.80479E+04  -1.03941E+05  -1.65951E+05
   2.08620E-02   2.69870E-03   9.39146E-01   3.65365E-03   3.36393E-02   1.10673E+04  -6.49406E+04  -4.80466E+04  -1.03935E+05  -1.65959E+05
   2.07620E-02   2.69898E-03   9.39242E-01   3.65402E-03   3.36428E-02   1.10196E+04  -6.49406E+04  -4.80453E+04  -1.03929E+05  -1.65968E+05
   2.06620E-02   2.69925E-03   9.39338E-01   3.65440E-03   3.36462E-02   1.09718E+04  -6.49407E+04  -4.80439E+04  -1.03923E+05  -1.65976E+05
   2.05620E-02   2.69953E-03   9.39434E-01   3.65477E-03   3.36496E-02   1.09237E+04  -6.49407E+04  -4.80426E+04  -1.03917E+05  -1.65985E+05
   2.04620E-02   2.69980E-03   9.39530E-01   3.65514E-03   3.36531E-02   1.08754E+04  -6.49407E+04  -4.80413E+04  -1.03912E+05  -1.65993E+05
   2.03620E-02   2.70008E-03   9.39626E-01   3.65552E-03   3.36565E-02   1.08269E+04  -6.49407E+04  -4.80399E+04  -1.03906E+05  -1.66002E+05
   2.02620E-02   2.70036E-03   9.39722E-01   3.65589E-03   3.36599E-02   1.07781E+04  -6.49407E+04  -4.80386E+04  -1.03900E+05  -1.66010E+05
   2.01620E-02   2.70063E-03   9.39818E-01   3.65626E-03   3.36634E-02   1.07292E+04  -6.49407E+04  -4.80372E+04  -1.03894E+05  -1.66019E+05
   2.00620E-02   2.70091E-03   9.39914E-01   3.65664E-03   3.36668E-02   1.06800E+04  -6.49407E+04  -4.80359E+04  -1.03888E+05  -1.66027E+05
   1.99620E-02   2.70118E-03   9.40010E-01   3.65701E-03   3.36702E-02   1.06307E+04  -6.49407E+04  -4.80346E+04  -1.03882E+05  -1.66036E+05
   1.98620E-02   2.70146E-03   9.40105E-01   3.65738E-03   3.36737E-02   1.05811E+04  -6.49408E+04  -4.80332E+04  -1.03877E+05  -1.66044E+05
   1.97620E-02   2.70173E-03   9.40201E-01   3.65776E-03   3.36771E-02   1.05312E+04  -6.49408E+04  -4.80319E+04  -1.03871E+05  -1.66053E+05
   1.96620E-02   2.70201E-03   9.40297E-01   3.65813E-03   3.36805E-02   1.04812E+04  -6.49408E+04  -4.80306E+04  -1.03865E+05  -1.66061E+05
   1.95620E-02   2.70228E-03   9.40393E-01   3.65850E-03   3.36840E-02   1.04309E+04  -6.49408E+04  -4.80293E+04  -1.03859E+05  -1.66070E+05
   1.94620E-02   2.70256E-03   9.40489E-01   3.65888E-03   3.36874E-02   1.03804E+04  -6.49408E+04  -4.80279E+04  -1.03853E+05  -1.66078E+05
   1.93620E-02   2.70284E-03   9.40585E-01   3.65925E-03   3.36909E-02   1.03296E+04  -6.49409E+04  -4.80266E+04  -1.03848E+05  -1.66087E+05
   1.92620E-02   2.70311E-03   9.40681E-01   3.65962E-03   3.36943E-02   1.02786E+04  -6.49409E+04  -4.80253E+04  -1.03842E+05  -1.66095E+05
   1.91620E-02   2.70339E-03   9.40777E-01   3.65999E-03   3.36977E-02   1.02274E+04  -6.49409E+04  -4.80239E+04  -1.03836E+05  -1.66104E+05
   1.90620E-02   2.70366E-03   9.40873E-01   3.66037E-03   3.37012E-02   1.01759E+04  -6.49409E+04  -4.80226E+04  -1.03830E+05  -1.66112E+05
   1.89620E-02   2.70394E-03   9.40969E-01   3.66074E-03   3.37046E-02   1.01242E+04  -6.49410E+04  -4.80213E+04  -1.03824E+05  -1.66121E+05
   1.88620E-02   2.70421E-03   9.41065E-01   3.66111E-03   3.37080E-02   1.00723E+04  -6.49410E+04  -4.80200E+04  -1.03819E+05  -1.66129E+05
   1.87620E-02   2.70449E-03   9.41161E-01   3.66149E-03   3.37115E-02   1.00200E+04  -6.49410E+04  -4.80186E+04  -1.03813E+05  -1.66137E+05
   1.86620E-02   2.70477E-03   9.41256E-01   3.66186E-03   3.37149E-02   9.96758E+03  -6.49411E+04  -4.80173E+04  -1.03807E+05  -1.66146E+05
   1.85620E-02   2.70504E-03   9.41352E-01   3.66223E-03   3.37183E-02   9.91486E+03  -6.49411E+04  -4.80160E+04  -1.03801E+05  -1.66154E+05
   1.84620E-02   2.70532E-03   9.41448E-01   3.66261E-03   3.37218E-02   9.86188E+03  -6.49411E+04  -4.80147E+04  -1.03795E+05  -1.66163E+05
   1.83620E-02   2.70559E-03   9.41544E-01   3.66298E-03   3.37252E-02   9.80864E+03  -6.49412E+04  -4.80133E+04  -1.03790E+05  -1.66171E+05
   1.82620E-02   2.70587E-03   9.41640E-01   3.66335E-03   3.37286E-02   9.75514E+03  -6.49412E+04  -4.80120E+04  -1.03784E+05  -1.66180E+05
   1.81620E-02   2.70614E-03   9.41736E-01   3.66373E-03   3.37321E-02   9.70137E+03  -6.49412E+04  -4.80107E+04  -1.03778E+05  -1.66188E+05
   1.80620E-02   2.70642E-03   9.41832E-01   3.66410E-03   3.37355E-02   9.64733E+03  -6.49413E+04  -4.80094E+04  -1.03772E+05  -1.66197E+05
   1.79620E-02   2.70669E-03   9.41928E-01   3.66447E-03   3.37390E-02   9.59301E+03  -6.49413E+04  -4.80081E+04  -1.03766E+05  -1.66205E+05
   1.78620E-02   2.70697E-03   9.42024E-01   3.66485E-03   3.37424E-02   9.53842E+03  -6.49413E+04  -4.80067E+04  -1.03761E+05  -1.66214E+05
   1.77620E-02   2.70725E-03   9.42120E-01   3.66522E-03   3.37458E-02   9.48356E+03  -6.49414E+04  -4.80054E+04  -1.03755E+05  -1.66222E+05
   1.76620E-02   2.70752E-03   9.42216E-01   3.66559E-03   3.37493E-02   9.42841E+03  -6.49414E+04  -4.80041E+04  -1.03749E+05  -1.66231E+05
   1.75620E-02   2.70780E-03   9.42312E-01   3.66596E-03   3.37527E-02   9.37298E+03  -6.49415E+04  -4.80028E+04  -1.03743E+05  -1.66239E+05
   1.74620E-02   2.70807E-03   9.42407E-01   3.66634E-03   3.37561E-02   9.31725E+03  -6.49415E+04  -4.80015E+04  -1.03737E+05  -1.66248E+05
   1.73620E-02   2.70835E-03   9.42503E-01   3.66671E-03   3.37596E-02   9.26124E+03  -6.49415E+04  -4.80002E+04  -1.03732E+05  -1.66256E+05
   1.72620E-02   2.70862E-03   9.42599E-01   3.66708E-03   3.37630E-02   9.20493E+03  -6.49416E+04  -4.79988E+04  -1.03726E+05  -1.66265E+05
   1.71620E-02   2.70890E-03   9.42695E-01   3.66746E-03   3.37664E-02   9.14832E+03  -6.49416E+04  -4.79975E+04  -1.03720E+05  -1.66273E+05
   1.70620E-02   2.70918E-03   9.42791E-01   3.66783E-03   3.37699E-02   9.09141E+03  -6.49417E+04  -4.79962E+04  -1.03714E+05  -1.66282E+05
   1.69620E-02   2.70945E-03   9.42887E-01   3.66820E-03   3.37733E-02   9.03420E+03  -6.49417E+04  -4.79949E+04  -1.03709E+05  -1.66290E+05
   1.68620E-02   2.70973E-03   9.42983E-01   3.66858E-03   3.37767E-02   8.97667E+03  -6.49418E+04  -4.79936E+04  -1.03703E+05  -1.66299E+05
   1.67620E-02   2.71000E-03   9.43079E-01   3.66895E-03   3.37802E-02   8.91883E+03  -6.49418E+04  -4.79923E+04  -1.03697E+05  -1.66307E+05
   1.66620E-02   2.71028E-03   9.43175E-01   3.66932E-03   3.37836E-02   8.86068E+03  -6.49419E+04  -4.79910E+04  -1.03691E+05  -1.66315E+05
   1.65620E-02   2.71055E-03   9.43271E-01   3.66970E-03   3.37870E-02   8.80220E+03  -6.49419E+04  -4.79896E+04  -1.03686E+05  -1.66324E+05
   1.64620E-02   2.71083E-03   9.43367E-01   3.67007E-03   3.37905E-02   8.74341E+03  -6.49420E+04  -4.79883E+04  -1.03680E+05  -1.66332E+05
   1.63620E-02   2.71110E-03   9.43463E-01   3.67044E-03   3.37939E-02   8.68428E+03  -6.49420E+04  -4.79870E+04  -1.03674E+05  -1.66341E+05
   1.62620E-02   2.71138E-03   9.43558E-01   3.67082E-03   3.37974E-02   8.62482E+03  -6.49421E+04  -4.79857E+04  -1.03668E+05  -1.66349E+05
   1.61620E-02   2.71166E-03   9.43654E-01   3.67119E-03   3.38008E-02   8.56502E+03  -6.49421E+04  -4.79844E+04  -1.03663E+05  -1.66358E+05
   1.60620E-02   2.71193E-03   9.43750E-01   3.67156E-03   3.38042E-02   8.50488E+03  -6.49422E+04  -4.79831E+04  -1.03657E+05  -1.66366E+05
   1.59620E-02   2.71221E-03   9.43846E-01   3.67194E-03   3.38077E-02   8.44440E+03  -6.49423E+04  -4.79818E+04  -1.03651E+05  -1.66375E+05
   1.58620E-02   2.71248E-03   9.43942E-01   3.67231E-03   3.38111E-02   8.38357E+03  -6.49423E+04  -4.79805E+04  -1.03645E+05  -1.66383E+05
   1.57620E-02   2.71276E-03   9.44038E-01   3.67268E-03   3.38145E-02   8.32238E+03  -6.49424E+04  -4.79792E+04  -1.03640E+05  -1.66392E+05
   1.56620E-02   2.71303E-03   9.44134E-01   3.67305E-03   3.38180E-02   8.26084E+03  -6.49424E+04  -4.79779E+04  -1.03634E+05  -1.66400E+05
   1.55620E-02   2.71331E-03   9.44230E-01   3.67343E-03   3.38214E-02   8.19893E+03  -6.49425E+04  -4.79766E+04  -1.03628E+05  -1.66409E+05
   1.54620E-02   2.71358E-03   9.44326E-01   3.67380E-03   3.38248E-02   8.13666E+03  -6.49426E+04  -4.79753E+04  -1.03622E+05  -1.66417E+05
   1.53620E-02   2.71386E-03   9.44422E-01   3.67417E-03   3.38283E-02   8.07401E+03  -6.49426E+04  -4.79740E+04  -1.03617E+05  -1.66425E+05
   1.52620E-02   2.71414E-03   9.44518E-01   3.67455E-03   3.38317E-02   8.01099E+03  -6.49427E+04  -4.79727E+04  -1.03611E+05  -1.66434E+05
   1.51620E-02   2.71441E-03   9.44614E-01   3.67492E-03   3.38351E-02   7.94758E+03  -6.49428E+04  -4.79714E+04  -1.03605E+05  -1.66442E+05
   1.50620E-02   2.71469E-03   9.44709E-01   3.67529E-03   3.38386E-02   7.88379E+03  -6.49428E+04  -4.79701E+04  -1.03599E+05  -1.66451E+05
   1.49620E-02   2.71496E-03   9.44805E-01   3.67567E-03   3.38420E-02   7.81961E+03  -6.49429E+04  -4.79688E+04  -1.03594E+05  -1.66459E+05
   1.48620E-02   2.71524E-03   9.44901E-01   3.67604E-03   3.38455E-02   7.75502E+03  -6.49430E+04  -4.79675E+04  -1.03588E+05  -1.66468E+05
   1.47620E-02   2.71551E-03   9.44997E-01   3.67641E-03   3.38489E-02   7.69004E+03  -6.49430E+04  -4.79662E+04  -1.03582E+05  -1.66476E+05
   1.46620E-02   2.71579E-03   9.45093E-01   3.67679E-03   3.38523E-02   7.62464E+03  -6.49431E+04  -4.79649E+04  -1.03576E+05  -1.66485E+05
   1.45620E-02   2.71607E-03   9.45189E-01   3.67716E-03   3.38558E-02   7.55883E+03  -6.49432E+04  -4.79636E+04  -1.03571E+05  -1.66493E+05
   1.44620E-02   2.71634E-03   9.45285E-01   3.67753E-03   3.38592E-02   7.49260E+03  -6.49433E+04  -4.79623E+04  -1.03565E+05  -1.66501E+05
   1.43620E-02   2.71662E-03   9.45381E-01   3.67791E-03   3.38626E-02   7.42595E+03  -6.49433E+04  -4.79610E+04  -1.03559E+05  -1.66510E+05
   1.42620E-02   2.71689E-03   9.45477E-01   3.67828E-03   3.38661E-02   7.35886E+03  -6.49434E+04  -4.79597E+04  -1.03554E+05  -1.66518E+05
   1.41620E-02   2.71717E-03   9.45573E-01   3.67865E-03   3.38695E-02   7.29134E+03  -6.49435E+04  -4.79584E+04  -1.03548E+05  -1.66527E+05
   1.40620E-02   2.71744E-03   9.45669E-01   3.67903E-03   3.38729E-02   7.22337E+03  -6.49436E+04  -4.79571E+04  -1.03542E+05  -1.66535E+05
   1.39620E-02   2.71772E-03   9.45764E-01   3.67940E-03   3.38764E-02   7.15495E+03  -6.49436E+04  -4.79558E+04  -1.03536E+05  -1.66544E+05
   1.38620E-02   2.71799E-03   9.45860E-01   3.67977E-03   3.38798E-02   7.08608E+03  -6.49437E+04  -4.79545E+04  -1.03531E+05  -1.66552E+05
   1.37620E-02   2.71827E-03   9.45956E-01   3.68014E-03   3.38832E-02   7.01674E+03  -6.49438E+04  -4.79532E+04  -1.03525E+05  -1.66561E+05
   1.36620E-02   2.71855E-03   9.46052E-01   3.68052E-03   3.38867E-02   6.94693E+03  -6.49439E+04  -4.79519E+04  -1.03519E+05  -1.66569E+05
   1.35620E-02   2.71882E-03   9.46148E-01   3.68089E-03   3.38901E-02   6.87664E+03  -6.49440E+04  -4.79506E+04  -1.03514E+05  -1.66577E+05
   1.34620E-02   2.71910E-03   9.46244E-01   3.68126E-03   3.38936E-02   6.80587E+03  -6.49441E+04  -4.79493E+04  -1.03508E+05  -1.66586E+05
   1.33620E-02   2.71937E-03   9.46340E-01   3.68164E-03   3.38970E-02   6.73461E+03  -6.49441E+04  -4.79480E+04  -1.03502E+05  -1.66594E+05
   1.32620E-02   2.71965E-03   9.46436E-01   3.68201E-03   3.39004E-02   6.66285E+03  -6.49442E+04  -4.79468E+04  -1.03497E+05  -1.66603E+05
   1.31620E-02   2.71992E-03   9.46532E-01   3.68238E-03   3.39039E-02   6.59058E+03  -6.49443E+04  -4.79455E+04  -1.03491E+05  -1.66611E+05
   1.30620E-02   2.72020E-03   9.46628E-01   3.68276E-03   3.39073E-02   6.51780E+03  -6.49444E+04  -4.79442E+04  -1.03485E+05  -1.66620E+05
   1.29620E-02   2.72048E-03   9.46724E-01   3.68313E-03   3.39107E-02   6.44449E+03  -6.49445E+04  -4.79429E+04  -1.03479E+05  -1.66628E+05
   1.28620E-02   2.72075E-03   9.46820E-01   3.68350E-03   3.39142E-02   6.37066E+03  -6.49446E+04  -4.79416E+04  -1.03474E+05  -1.66636E+05
   1.27620E-02   2.72103E-03   9.46915E-01   3.68388E-03   3.39176E-02   6.29629E+03  -6.49447E+04  -4.79403E+04  -1.03468E+05  -1.66645E+05
   1.26620E-02   2.72130E-03   9.47011E-01   3.68425E-03   3.39210E-02   6.22137E+03  -6.49448E+04  -4.79390E+04  -1.03462E+05  -1.66653E+05
   1.25620E-02   2.72158E-03   9.47107E-01   3.68462E-03   3.39245E-02   6.14589E+03  -6.49449E+04  -4.79377E+04  -1.03457E+05  -1.66662E+05
   1.24620E-02   2.72185E-03   9.47203E-01   3.68500E-03   3.39279E-02   6.06985E+03  -6.49450E+04  -4.79365E+04  -1.03451E+05  -1.66670E+05
   1.23620E-02   2.72213E-03   9.47299E-01   3.68537E-03   3.39313E-02   5.99324E+03  -6.49450E+04  -4.79352E+04  -1.03445E+05  -1.66679E+05
   1.22620E-02   2.72240E-03   9.47395E-01   3.68574E-03   3.39348E-02   5.91604E+03  -6.49451E+04  -4.79339E+04  -1.03440E+05  -1.66687E+05
   1.21620E-02   2.72268E-03   9.47491E-01   3.68611E-03   3.39382E-02   5.83825E+03  -6.49452E+04  -4.79326E+04  -1.03434E+05  -1.66695E+05
   1.20620E-02   2.72296E-03   9.47587E-01   3.68649E-03   3.39417E-02   5.75986E+03  -6.49453E+04  -4.79313E+04  -1.03428E+05  -1.66704E+05
   1.19620E-02   2.72323E-03   9.47683E-01   3.68686E-03   3.39451E-02   5.68086E+03  -6.49454E+04  -4.79300E+04  -1.03423E+05  -1.66712E+05
   1.18620E-02   2.72351E-03   9.47779E-01   3.68723E-03   3.39485E-02   5.60123E+03  -6.49455E+04  -4.79288E+04  -1.03417E+05  -1.66721E+05
   1.17620E-02   2.72378E-03   9.47875E-01   3.68761E-03   3.39520E-02   5.52097E+03  -6.49456E+04  -4.79275E+04  -1.03411E+05  -1.66729E+05
   1.16620E-02   2.72406E-03   9.47971E-01   3.68798E-03   3.39554E-02   5.44007E+03  -6.49457E+04  -4.79262E+04  -1.03406E+05  -1.66737E+05
   1.15620E-02   2.72433E-03   9.48066E-01   3.68835E-03   3.39588E-02   5.35851E+03  -6.49458E+04  -4.79249E+04  -1.03400E+05  -1.66746E+05
   1.14620E-02   2.72461E-03   9.48162E-01   3.68873E-03   3.39623E-02   5.27628E+03  -6.49460E+04  -4.79237E+04  -1.03394E+05  -1.66754E+05
   1.13620E-02   2.72489E-03   9.48258E-01   3.68910E-03   3.39657E-02   5.19338E+03  -6.49461E+04  -4.79224E+04  -1.03389E+05  -1.66763E+05
   1.12620E-02   2.72516E-03   9.48354E-01   3.68947E-03   3.39691E-02   5.10979E+03  -6.49462E+04  -4.79211E+04  -1.03383E+05  -1.66771E+05
   1.11620E-02   2.72544E-03   9.48450E-01   3.68985E-03   3.39726E-02   5.02549E+03  -6.49463E+04  -4.79198E+04  -1.03377E+05  -1.66780E+05
   1.10620E-02   2.72571E-03   9.48546E-01   3.69022E-03   3.39760E-02   4.94048E+03  -6.49464E+04  -4.79185E+04  -1.03372E+05  -1.66788E+05
   1.09620E-02   2.72599E-03   9.48642E-01   3.69059E-03   3.39794E-02   4.85474E+03  -6.49465E+04  -4.79173E+04  -1.03366E+05  -1.66796E+05
   1.08620E-02   2.72626E-03   9.48738E-01   3.69097E-03   3.39829E-02   4.76825E+03  -6.49466E+04  -4.79160E+04  -1.03360E+05  -1.66805E+05
   1.07620E-02   2.72654E-03   9.48834E-01   3.69134E-03   3.39863E-02   4.68102E+03  -6.49467E+04  -4.79147E+04  -1.03355E+05  -1.66813E+05
   1.06620E-02   2.72681E-03   9.48930E-01   3.69171E-03   3.39898E-02   4.59301E+03  -6.49468E+04  -4.79135E+04  -1.03349E+05  -1.66822E+05
   1.05620E-02   2.72709E-03   9.49026E-01   3.69209E-03   3.39932E-02   4.50422E+03  -6.49469E+04  -4.79122E+04  -1.03343E+05  -1.66830E+05
   1.04620E-02   2.72737E-03   9.49122E-01   3.69246E-03   3.39966E-02   4.41463E+03  -6.49470E+04  -4.79109E+04  -1.03338E+05  -1.66838E+05
   1.03620E-02   2.72764E-03   9.49217E-01   3.69283E-03   3.40001E-02   4.32422E+03  -6.49472E+04  -4.79096E+04  -1.03332E+05  -1.66847E+05
   1.02620E-02   2.72792E-03   9.49313E-01   3.69320E-03   3.40035E-02   4.23299E+03  -6.49473E+04  -4.79084E+04  -1.03327E+05  -1.66855E+05
   1.01620E-02   2.72819E-03   9.49409E-01   3.69358E-03   3.40069E-02   4.14090E+03  -6.49474E+04  -4.79071E+04  -1.03321E+05  -1.66864E+05
   1.00620E-02   2.72847E-03   9.49505E-01   3.69395E-03   3.40104E-02   4.04796E+03  -6.49475E+04  -4.79058E+04  -1.03315E+05  -1.66872E+05
   9.96201E-03   2.72874E-03   9.49601E-01   3.69432E-03   3.40138E-02   3.95413E+03  -6.49476E+04  -4.79046E+04  -1.03310E+05  -1.66880E+05
   9.86201E-03   2.72902E-03   9.49697E-01   3.69470E-03   3.40172E-02   3.85941E+03  -6.49478E+04  -4.79033E+04  -1.03304E+05  -1.66889E+05
   9.76201E-03   2.72930E-03   9.49793E-01   3.69507E-03   3.40207E-02   3.76377E+03  -6.49479E+04  -4.79020E+04  -1.03298E+05  -1.66897E+05
   9.66201E-03   2.72957E-03   9.49889E-01   3.69544E-03   3.40241E-02   3.66720E+03  -6.49480E+04  -4.79008E+04  -1.03293E+05  -1.66906E+05
   9.56201E-03   2.72985E-03   9.49985E-01   3.69582E-03   3.40275E-02   3.56967E+03  -6.49481E+04  -4.78995E+04  -1.03287E+05  -1.66914E+05
   9.46201E-03   2.73012E-03   9.50081E-01   3.69619E-03   3.40310E-02   3.47116E+03  -6.49482E+04  -4.78982E+04  -1.03281E+05  -1.66922E+05
   9.36201E-03   2.73040E-03   9.50177E-01   3.69656E-03   3.40344E-02   3.37166E+03  -6.49484E+04  -4.78970E+04  -1.03276E+05  -1.66931E+05
   9.26201E-03   2.73067E-03   9.50273E-01   3.69694E-03   3.40378E-02   3.27114E+03  -6.49485E+04  -4.78957E+04  -1.03270E+05  -1.66939E+05
   9.16201E-03   2.73095E-03   9.50368E-01   3.69731E-03   3.40413E-02   3.16958E+03  -6.49486E+04  -4.78944E+04  -1.03265E+05  -1.66948E+05
   9.06201E-03   2.73122E-03   9.50464E-01   3.69768E-03   3.40447E-02   3.06696E+03  -6.49488E+04  -4.78932E+04  -1.03259E+05  -1.66956E+05
   8.96201E-03   2.73150E-03   9.50560E-01   3.69806E-03   3.40482E-02   2.96326E+03  -6.49489E+04  -4.78919E+04  -1.03253E+05  -1.66964E+05
   8.86201E-03   2.73178E-03   9.50656E-01   3.69843E-03   3.40516E-02   2.85844E+03  -6.49490E+04  -4.78906E+04  -1.03248E+05  -1.66973E+05
   8.76201E-03   2.73205E-03   9.50752E-01   3.69880E-03   3.40550E-02   2.75249E+03  -6.49491E+04  -4.78894E+04  -1.03242E+05  -1.66981E+05
   8.66201E-03   2.73233E-03   9.50848E-01   3.69918E-03   3.40585E-02   2.64538E+03  -6.49493E+04  -4.78881E+04  -1.03237E+05  -1.66990E+05
   8.56201E-03   2.73260E-03   9.50944E-01   3.69955E-03   3.40619E-02   2.53708E+03  -6.49494E+04  -4.78869E+04  -1.03231E+05  -1.66998E+05
   8.46201E-03   2.73288E-03   9.51040E-01   3.69992E-03   3.40653E-02   2.42756E+03  -6.49495E+04  -4.78856E+04  -1.03225E+05  -1.67006E+05
   8.36201E-03   2.73315E-03   9.51136E-01   3.70029E-03   3.40688E-02   2.31679E+03  -6.49497E+04  -4.78843E+04  -1.03220E+05  -1.67015E+05
   8.26201E-03   2.73343E-03   9.51232E-01   3.70067E-03   3.40722E-02   2.20476E+03  -6.49498E+04  -4.78831E+04  -1.03214E+05  -1.67023E+05
   8.16201E-03   2.73371E-03   9.51328E-01   3.70104E-03   3.40756E-02   2.09141E+03  -6.49500E+04  -4.78818E+04  -1.03208E+05  -1.67031E+05
   8.06201E-03   2.73398E-03   9.51424E-01   3.70141E-03   3.40791E-02   1.97673E+03  -6.49501E+04  -4.78806E+04  -1.03203E+05  -1.67040E+05
   7.96201E-03   2.73426E-03   9.51519E-01   3.70179E-03   3.40825E-02   1.86067E+03  -6.49502E+04  -4.78793E+04  -1.03197E+05  -1.67048E+05
   7.86201E-03   2.73453E-03   9.51615E-01   3.70216E-03   3.40859E-02   1.74321E+03  -6.49504E+04  -4.78781E+04  -1.03192E+05  -1.67057E+05
   7.76201E-03   2.73481E-03   9.51711E-01   3.70253E-03   3.40894E-02   1.62431E+03  -6.49505E+04  -4.78768E+04  -1.03186E+05  -1.67065E+05
   7.66201E-03   2.73508E-03   9.51807E-01   3.70291E-03   3.40928E-02   1.50392E+03  -6.49507E+04  -4.78756E+04  -1.03181E+05  -1.67073E+05
   7.56201E-03   2.73536E-03   9.51903E-01   3.70328E-03   3.40963E-02   1.38202E+03  -6.49508E+04  -4.78743E+04  -1.03175E+05  -1.67082E+05
   7.46201E-03   2.73563E-03   9.51999E-01   3.70365E-03   3.40997E-02   1.25855E+03  -6.49509E+04  -4.78730E+04  -1.03169E+05  -1.67090E+05
   7.36201E-03   2.73591E-03   9.52095E-01   3.70403E-03   3.41031E-02   1.13349E+03  -6.49511E+04  -4.78718E+04  -1.03164E+05  -1.67099E+05
   7.26201E-03   2.73619E-03   9.52191E-01   3.70440E-03   3.41066E-02   1.00678E+03  -6.49512E+04  -4.78705E+04  -1.03158E+05  -1.67107E+05
   7.16201E-03   2.73646E-03   9.52287E-01   3.70477E-03   3.41100E-02   8.78376E+02  -6.49514E+04  -4.78693E+04  -1.03153E+05  -1.67115E+05
   7.06201E-03   2.73674E-03   9.52383E-01   3.70515E-03   3.41134E-02   7.48235E+02  -6.49515E+04  -4.78680E+04  -1.03147E+05  -1.67124E+05
   6.96201E-03   2.73701E-03   9.52479E-01   3.70552E-03   3.41169E-02   6.16305E+02  -6.49517E+04  -4.78668E+04  -1.03141E+05  -1.67132E+05
   6.86201E-03   2.73729E-03   9.52575E-01   3.70589E-03   3.41203E-02   4.82536E+02  -6.49518E+04  -4.78655E+04  -1.03136E+05  -1.67140E+05
   6.76201E-03   2.73756E-03   9.52670E-01   3.70627E-03   3.41237E-02   3.46872E+02  -6.49520E+04  -4.78643E+04  -1.03130E+05  -1.67149E+05
   6.66201E-03   2.73784E-03   9.52766E-01   3.70664E-03   3.41272E-02   2.09257E+02  -6.49521E+04  -4.78630E+04  -1.03125E+05  -1.67157E+05
   6.56201E-03   2.73812E-03   9.52862E-01   3.70701E-03   3.41306E-02   6.96324E+01  -6.49523E+04  -4.78618E+04  -1.03119E+05  -1.67166E+05
   6.46201E-03   2.73839E-03   9.52958E-01   3.70738E-03   3.41340E-02  -7.20637E+01  -6.49524E+04  -4.78605E+04  -1.03114E+05  -1.67174E+05
   6.36201E-03   2.73867E-03   9.53054E-01   3.70776E-03   3.41375E-02  -2.15896E+02  -6.49526E+04  -4.78593E+04  -1.03108E+05  -1.67182E+05
   6.26201E-03   2.73894E-03   9.53150E-01   3.70813E-03   3.41409E-02  -3.61932E+02  -6.49528E+04  -4.78581E+04  -1.03102E+05  -1.67191E+05
   6.16201E-03   2.73922E-03   9.53246E-01   3.70850E-03   3.41444E-02  -5.10243E+02  -6.49529E+04  -4.78568E+04  -1.03097E+05  -1.67199E+05
   6.06201E-03   2.73949E-03   9.53342E-01   3.70888E-03   3.41478E-02  -6.60904E+02  -6.49531E+04  -4.78556E+04  -1.03091E+05  -1.67207E+05
   5.96201E-03   2.73977E-03   9.53438E-01   3.70925E-03   3.41512E-02  -8.13991E+02  -6.49532E+04  -4.78543E+04  -1.03086E+05  -1.67216E+05
   5.86201E-03   2.74004E-03   9.53534E-01   3.70962E-03   3.41547E-02  -9.69589E+02  -6.49534E+04  -4.78531E+04  -1.03080E+05  -1.67224E+05
   5.76201E-03   2.74032E-03   9.53630E-01   3.71000E-03   3.41581E-02  -1.12778E+03  -6.49535E+04  -4.78518E+04  -1.03075E+05  -1.67232E+05
   5.66201E-03   2.74060E-03   9.53725E-01   3.71037E-03   3.41615E-02  -1.28866E+03  -6.49537E+04  -4.78506E+04  -1.03069E+05  -1.67241E+05
   5.56201E-03   2.74087E-03   9.53821E-01   3.71074E-03   3.41650E-02  -1.45233E+03  -6.49539E+04  -4.78494E+04  -1.03064E+05  -1.67249E+05
   5.46201E-03   2.74115E-03   9.53917E-01   3.71112E-03   3.41684E-02  -1.61887E+03  -6.49540E+04  -4.78481E+04  -1.03058E+05  -1.67258E+05
   5.36201E-03   2.74142E-03   9.54013E-01   3.71149E-03   3.41718E-02  -1.78841E+03  -6.49542E+04  -4.78469E+04  -1.03052E+05  -1.67266E+05
   5.26201E-03   2.74170E-03   9.54109E-01   3.71186E-03   3.41753E-02  -1.96105E+03  -6.49544E+04  -4.78456E+04  -1.03047E+05  -1.67274E+05
   5.16201E-03   2.74197E-03   9.54205E-01   3.71224E-03   3.41787E-02  -2.13692E+03  -6.49545E+04  -4.78444E+04  -1.03041E+05  -1.67283E+05
   5.06201E-03   2.74225E-03   9.54301E-01   3.71261E-03   3.41821E-02  -2.31613E+03  -6.49547E+04  -4.78432E+04  -1.03036E+05  -1.67291E+05
   4.96201E-03   2.74253E-03   9.54397E-01   3.71298E-03   3.41856E-02  -2.49882E+03  -6.49549E+04  -4.78419E+04  -1.03030E+05  -1.67299E+05
   4.86201E-03   2.74280E-03   9.54493E-01   3.71335E-03   3.41890E-02  -2.68514E+03  -6.49550E+04  -4.78407E+04  -1.03025E+05  -1.67308E+05
   4.76201E-03   2.74308E-03   9.54589E-01   3.71373E-03   3.41925E-02  -2.87523E+03  -6.49552E+04  -4.78394E+04  -1.03019E+05  -1.67316E+05
   4.66201E-03   2.74335E-03   9.54685E-01   3.71410E-03   3.41959E-02  -3.06926E+03  -6.49554E+04  -4.78382E+04  -1.03014E+05  -1.67324E+05
   4.56201E-03   2.74363E-03   9.54781E-01   3.71447E-03   3.41993E-02  -3.26739E+03  -6.49555E+04  -4.78370E+04  -1.03008E+05  -1.67333E+05
   4.46201E-03   2.74390E-03   9.54876E-01   3.71485E-03   3.42028E-02  -3.46981E+03  -6.49557E+04  -4.78357E+04  -1.03003E+05  -1.67341E+05
   4.36201E-03   2.74418E-03   9.54972E-01   3.71522E-03   3.42062E-02  -3.67671E+03  -6.49559E+04  -4.78345E+04  -1.02997E+05  -1.67349E+05
   4.26201E-03   2.74445E-03   9.55068E-01   3.71559E-03   3.42096E-02  -3.88830E+03  -6.49561E+04  -4.78333E+04  -1.02992E+05  -1.67358E+05
   4.16201E-03   2.74473E-03   9.55164E-01   3.71597E-03   3.42131E-02  -4.10481E+03  -6.49562E+04  -4.78320E+04  -1.02986E+05  -1.67366E+05
   4.06201E-03   2.74501E-03   9.55260E-01   3.71634E-03   3.42165E-02  -4.32646E+03  -6.49564E+04  -4.78308E+04  -1.02980E+05  -1.67374E+05
   3.96201E-03   2.74528E-03   9.55356E-01   3.71671E-03   3.42199E-02  -4.55353E+03  -6.49566E+04  -4.78296E+04  -1.02975E+05  -1.67383E+05
   3.86201E-03   2.74556E-03   9.55452E-01   3.71709E-03   3.42234E-02  -4.78628E+03  -6.49568E+04  -4.78283E+04  -1.02969E+05  -1.67391E+05
   3.76201E-03   2.74583E-03   9.55548E-01   3.71746E-03   3.42268E-02  -5.02501E+03  -6.49570E+04  -4.78271E+04  -1.02964E+05  -1.67399E+05
   3.66201E-03   2.74611E-03   9.55644E-01   3.71783E-03   3.42302E-02  -5.27005E+03  -6.49571E+04  -4.78259E+04  -1.02958E+05  -1.67408E+05
   3.56201E-03   2.74638E-03   9.55740E-01   3.71821E-03   3.42337E-02  -5.52174E+03  -6.49573E+04  -4.78247E+04  -1.02953E+05  -1.67416E+05
   3.46201E-03   2.74666E-03   9.55836E-01   3.71858E-03   3.42371E-02  -5.78047E+03  -6.49575E+04  -4.78234E+04  -1.02947E+05  -1.67424E+05
   3.36201E-03   2.74694E-03   9.55932E-01   3.71895E-03   3.42405E-02  -6.04665E+03  -6.49577E+04  -4.78222E+04  -1.02942E+05  -1.67433E+05
   3.26201E-03   2.74721E-03   9.56027E-01   3.71933E-03   3.42440E-02  -6.32072E+03  -6.49579E+04  -4.78210E+04  -1.02936E+05  -1.67441E+05
   3.16201E-03   2.74749E-03   9.56123E-01   3.71970E-03   3.42474E-02  -6.60318E+03  -6.49581E+04  -4.78197E+04  -1.02931E+05  -1.67449E+05
   3.06201E-03   2.74776E-03   9.56219E-01   3.72007E-03   3.42509E-02  -6.89457E+03  -6.49583E+04  -4.78185E+04  -1.02925E+05  -1.67458E+05
   2.96201E-03   2.74804E-03   9.56315E-01   3.72044E-03   3.42543E-02  -7.19548E+03  -6.49584E+04  -4.78173E+04  -1.02920E+05  -1.67466E+05
   2.86201E-03   2.74831E-03   9.56411E-01   3.72082E-03   3.42577E-02  -7.50656E+03  -6.49586E+04  -4.78161E+04  -1.02914E+05  -1.67474E+05
   2.76201E-03   2.74859E-03   9.56507E-01   3.72119E-03   3.42612E-02  -7.82854E+03  -6.49588E+04  -4.78148E+04  -1.02909E+05  -1.67483E+05
   2.66201E-03   2.74886E-03   9.56603E-01   3.72156E-03   3.42646E-02  -8.16223E+03  -6.49590E+04  -4.78136E+04  -1.02903E+05  -1.67491E+05
   2.56201E-03   2.74914E-03   9.56699E-01   3.72194E-03   3.42680E-02  -8.50851E+03  -6.49592E+04  -4.78124E+04  -1.02898E+05  -1.67499E+05
   2.46201E-03   2.74942E-03   9.56795E-01   3.72231E-03   3.42715E-02  -8.86840E+03  -6.49594E+04  -4.78112E+04  -1.02892E+05  -1.67508E+05
   2.36201E-03   2.74969E-03   9.56891E-01   3.72268E-03   3.42749E-02  -9.24302E+03  -6.49596E+04  -4.78100E+04  -1.02887E+05  -1.67516E+05
   2.26201E-03   2.74997E-03   9.56987E-01   3.72306E-03   3.42783E-02  -9.63365E+03  -6.49598E+04  -4.78087E+04  -1.02881E+05  -1.67524E+05
   2.16201E-03   2.75024E-03   9.57083E-01   3.72343E-03   3.42818E-02  -1.00417E+04  -6.49600E+04  -4.78075E+04  -1.02876E+05  -1.67533E+05
   2.06201E-03   2.75052E-03   9.57178E-01   3.72380E-03   3.42852E-02  -1.04689E+04  -6.49602E+04  -4.78063E+04  -1.02870E+05  -1.67541E+05
   1.96201E-03   2.75079E-03   9.57274E-01   3.72418E-03   3.42886E-02  -1.09171E+04  -6.49604E+04  -4.78051E+04  -1.02865E+05  -1.67549E+05
   1.86201E-03   2.75107E-03   9.57370E-01   3.72455E-03   3.42921E-02  -1.13885E+04  -6.49606E+04  -4.78039E+04  -1.02859E+05  -1.67558E+05
   1.76201E-03   2.75134E-03   9.57466E-01   3.72492E-03   3.42955E-02  -1.18857E+04  -6.49608E+04  -4.78026E+04  -1.02854E+05  -1.67566E+05
   1.66201E-03   2.75162E-03   9.57562E-01   3.72530E-03   3.42990E-02  -1.24117E+04  -6.49610E+04  -4.78014E+04  -1.02848E+05  -1.67574E+05
   1.56201E-03   2.75190E-03   9.57658E-01   3.72567E-03   3.43024E-02  -1.29700E+04  -6.49612E+04  -4.78002E+04  -1.02843E+05  -1.67583E+05
   1.46201E-03   2.75217E-03   9.57754E-01   3.72604E-03   3.43058E-02  -1.35650E+04  -6.49614E+04  -4.77990E+04  -1.02837E+05  -1.67591E+05
   1.36201E-03   2.75245E-03   9.57850E-01   3.72642E-03   3.43093E-02  -1.42018E+04  -6.49616E+04  -4.77978E+04  -1.02832E+05  -1.67599E+05
   1.26201E-03   2.75272E-03   9.57946E-01   3.72679E-03   3.43127E-02  -1.48868E+04  -6.49618E+04  -4.77966E+04  -1.02827E+05  -1.67608E+05
   1.16201E-03   2.75300E-03   9.58042E-01   3.72716E-03   3.43161E-02  -1.56280E+04  -6.49620E+04  -4.77953E+04  -1.02821E+05  -1.67616E+05
   1.06201E-03   2.75327E-03   9.58138E-01   3.72753E-03   3.43196E-02  -1.64356E+04  -6.49622E+04  -4.77941E+04  -1.02816E+05  -1.67624E+05
   9.62012E-04   2.75355E-03   9.58234E-01   3.72791E-03   3.43230E-02  -1.73226E+04  -6.49624E+04  -4.77929E+04  -1.02810E+05  -1.67633E+05
   8.62012E-04   2.75383E-03   9.58329E-01   3.72828E-03   3.43264E-02  -1.83066E+04  -6.49626E+04  -4.77917E+04  -1.02805E+05  -1.67641E+05
   7.62012E-04   2.75410E-03   9.58425E-01   3.72865E-03   3.43299E-02  -1.94115E+04  -6.49628E+04  -4.77905E+04  -1.02799E+05  -1.67649E+05
   6.62012E-04   2.75438E-03   9.58521E-01   3.72903E-03   3.43333E-02  -2.06713E+04  -6.49630E+04  -4.77893E+04  -1.02794E+05  -1.67658E+05
   5.62012E-04   2.75465E-03   9.58617E-01   3.72940E-03   3.43367E-02  -2.21371E+04  -6.49632E+04  -4.77881E+04  -1.02788E+05  -1.67666E+05
   4.62012E-04   2.75493E-03   9.58713E-01   3.72977E-03   3.43402E-02  -2.38900E+04  -6.49634E+04  -4.77869E+04  -1.02783E+05  -1.67674E+05
   3.62012E-04   2.75520E-03   9.58809E-01   3.73015E-03   3.43436E-02  -2.60710E+04  -6.49637E+04  -4.77857E+04  -1.02777E+05  -1.67683E+05
   2.62012E-04   2.75548E-03   9.58905E-01   3.73052E-03   3.43471E-02  -2.89602E+04  -6.49639E+04  -4.77844E+04  -1.02772E+05  -1.67691E+05
   1.62012E-04   2.75575E-03   9.59001E-01   3.73089E-03   3.43505E-02  -3.32542E+04  -6.49641E+04  -4.77832E+04  -1.02766E+05  -1.67699E+05
   6.20121E-05   2.75603E-03   9.59097E-01   3.73127E-03   3.43539E-02  -4.18276E+04  -6.49643E+04  -4.77820E+04  -1.02761E+05  -1.67707E+05
   1.00000E-06   2.75620E-03   9.59155E-01   3.73149E-03   3.43560E-02  -7.86574E+04  -6.49644E+04  -4.77813E+04  -1.02758E+05  -1.67713E+05
