
 Phase Region for:
     BCC_A2                        
     CEMENTITE                     
 col-1=X(C), col-2=X(CU), col-3=X(FE), col-4=X(MN), col-5=X(SI), col-6=MU(C),
   col-7=MU(CU), col-8=MU(FE), col-9=MU(MN), col-10=MU(SI),
   3.32233E-02   3.43444E-03   9.12790E-01   1.98628E-03   4.85662E-02 
    8.33136E+03  -4.25492E+03  -2.25962E+04  -6.36453E+04  -1.35043E+05
   3.36535E-02   3.43325E-03   9.12378E-01   1.98559E-03   4.85493E-02 
    8.34140E+03  -4.23887E+03  -2.25983E+04  -6.37141E+04  -1.35008E+05
   3.40833E-02   3.43206E-03   9.11967E-01   1.98490E-03   4.85325E-02 
    8.35138E+03  -4.22278E+03  -2.26005E+04  -6.37821E+04  -1.34974E+05
   3.45129E-02   3.43087E-03   9.11556E-01   1.98422E-03   4.85157E-02 
    8.36131E+03  -4.20665E+03  -2.26026E+04  -6.38493E+04  -1.34939E+05
   3.49421E-02   3.42968E-03   9.11146E-01   1.98353E-03   4.84989E-02 
    8.37119E+03  -4.19048E+03  -2.26048E+04  -6.39158E+04  -1.34904E+05
   3.53711E-02   3.42850E-03   9.10735E-01   1.98284E-03   4.84821E-02 
    8.38102E+03  -4.17427E+03  -2.26069E+04  -6.39815E+04  -1.34869E+05
   3.57998E-02   3.42731E-03   9.10325E-01   1.98216E-03   4.84653E-02 
    8.39081E+03  -4.15803E+03  -2.26091E+04  -6.40465E+04  -1.34834E+05
   3.62281E-02   3.42612E-03   9.09916E-01   1.98147E-03   4.84485E-02 
    8.40055E+03  -4.14175E+03  -2.26113E+04  -6.41107E+04  -1.34799E+05
   3.66562E-02   3.42494E-03   9.09506E-01   1.98078E-03   4.84318E-02 
    8.41026E+03  -4.12543E+03  -2.26135E+04  -6.41743E+04  -1.34763E+05
   3.70840E-02   3.42375E-03   9.09097E-01   1.98010E-03   4.84150E-02 
    8.41993E+03  -4.10907E+03  -2.26157E+04  -6.42372E+04  -1.34728E+05
   3.75114E-02   3.42257E-03   9.08688E-01   1.97942E-03   4.83983E-02 
    8.42956E+03  -4.09267E+03  -2.26179E+04  -6.42994E+04  -1.34692E+05
   3.79386E-02   3.42139E-03   9.08280E-01   1.97873E-03   4.83816E-02 
    8.43917E+03  -4.07623E+03  -2.26201E+04  -6.43610E+04  -1.34657E+05
   3.83655E-02   3.42021E-03   9.07871E-01   1.97805E-03   4.83649E-02 
    8.44874E+03  -4.05975E+03  -2.26224E+04  -6.44219E+04  -1.34621E+05
   3.87921E-02   3.41903E-03   9.07463E-01   1.97736E-03   4.83482E-02 
    8.45829E+03  -4.04323E+03  -2.26246E+04  -6.44822E+04  -1.34585E+05
   3.92184E-02   3.41785E-03   9.07056E-01   1.97668E-03   4.83315E-02 
    8.46781E+03  -4.02667E+03  -2.26269E+04  -6.45419E+04  -1.34549E+05
   3.96444E-02   3.41667E-03   9.06648E-01   1.97600E-03   4.83148E-02 
    8.47732E+03  -4.01007E+03  -2.26291E+04  -6.46011E+04  -1.34513E+05
   4.00701E-02   3.41549E-03   9.06241E-01   1.97532E-03   4.82982E-02 
    8.48680E+03  -3.99343E+03  -2.26314E+04  -6.46596E+04  -1.34476E+05
   4.04955E-02   3.41431E-03   9.05834E-01   1.97464E-03   4.82815E-02 
    8.49626E+03  -3.97675E+03  -2.26337E+04  -6.47176E+04  -1.34440E+05
   4.09206E-02   3.41314E-03   9.05427E-01   1.97396E-03   4.82649E-02 
    8.50570E+03  -3.96003E+03  -2.26360E+04  -6.47750E+04  -1.34404E+05
   4.13455E-02   3.41196E-03   9.05021E-01   1.97328E-03   4.82482E-02 
    8.51513E+03  -3.94326E+03  -2.26384E+04  -6.48318E+04  -1.34367E+05
   4.17700E-02   3.41078E-03   9.04615E-01   1.97260E-03   4.82316E-02 
    8.52455E+03  -3.92646E+03  -2.26407E+04  -6.48882E+04  -1.34330E+05
   4.21943E-02   3.40961E-03   9.04209E-01   1.97192E-03   4.82150E-02 
    8.53395E+03  -3.90961E+03  -2.26430E+04  -6.49440E+04  -1.34293E+05
   4.26182E-02   3.40844E-03   9.03804E-01   1.97124E-03   4.81984E-02 
    8.54334E+03  -3.89272E+03  -2.26454E+04  -6.49993E+04  -1.34256E+05
   4.30419E-02   3.40726E-03   9.03398E-01   1.97056E-03   4.81818E-02 
    8.55273E+03  -3.87579E+03  -2.26477E+04  -6.50541E+04  -1.34219E+05
   4.34652E-02   3.40609E-03   9.02994E-01   1.96988E-03   4.81653E-02 
    8.56211E+03  -3.85882E+03  -2.26501E+04  -6.51084E+04  -1.34182E+05
   4.38883E-02   3.40492E-03   9.02589E-01   1.96921E-03   4.81487E-02 
    8.57148E+03  -3.84181E+03  -2.26525E+04  -6.51622E+04  -1.34145E+05
   4.43111E-02   3.40375E-03   9.02184E-01   1.96853E-03   4.81322E-02 
    8.58085E+03  -3.82475E+03  -2.26549E+04  -6.52155E+04  -1.34107E+05
   4.47336E-02   3.40258E-03   9.01780E-01   1.96785E-03   4.81156E-02 
    8.59021E+03  -3.80764E+03  -2.26573E+04  -6.52684E+04  -1.34070E+05
   4.51558E-02   3.40141E-03   9.01376E-01   1.96718E-03   4.80991E-02 
    8.59958E+03  -3.79050E+03  -2.26598E+04  -6.53208E+04  -1.34032E+05
   4.55777E-02   3.40024E-03   9.00973E-01   1.96650E-03   4.80826E-02 
    8.60894E+03  -3.77331E+03  -2.26622E+04  -6.53728E+04  -1.33994E+05
   4.59994E-02   3.39908E-03   9.00570E-01   1.96583E-03   4.80661E-02 
    8.61830E+03  -3.75608E+03  -2.26647E+04  -6.54243E+04  -1.33956E+05
   4.64207E-02   3.39791E-03   9.00167E-01   1.96515E-03   4.80496E-02 
    8.62767E+03  -3.73880E+03  -2.26671E+04  -6.54754E+04  -1.33918E+05
   4.68417E-02   3.39675E-03   8.99764E-01   1.96448E-03   4.80331E-02 
    8.63704E+03  -3.72148E+03  -2.26696E+04  -6.55261E+04  -1.33880E+05
   4.72625E-02   3.39558E-03   8.99361E-01   1.96381E-03   4.80166E-02 
    8.64642E+03  -3.70412E+03  -2.26721E+04  -6.55764E+04  -1.33842E+05
   4.76830E-02   3.39442E-03   8.98959E-01   1.96313E-03   4.80002E-02 
    8.65580E+03  -3.68671E+03  -2.26746E+04  -6.56263E+04  -1.33803E+05
   4.81032E-02   3.39325E-03   8.98557E-01   1.96246E-03   4.79837E-02 
    8.66519E+03  -3.66926E+03  -2.26771E+04  -6.56757E+04  -1.33765E+05
   4.85231E-02   3.39209E-03   8.98156E-01   1.96179E-03   4.79673E-02 
    8.67459E+03  -3.65176E+03  -2.26797E+04  -6.57248E+04  -1.33726E+05
   4.89427E-02   3.39093E-03   8.97754E-01   1.96112E-03   4.79509E-02 
    8.68399E+03  -3.63421E+03  -2.26822E+04  -6.57735E+04  -1.33687E+05
   4.93620E-02   3.38977E-03   8.97353E-01   1.96044E-03   4.79345E-02 
    8.69341E+03  -3.61662E+03  -2.26848E+04  -6.58218E+04  -1.33648E+05
   4.97810E-02   3.38861E-03   8.96953E-01   1.95977E-03   4.79181E-02 
    8.70284E+03  -3.59899E+03  -2.26873E+04  -6.58697E+04  -1.33609E+05
   5.01998E-02   3.38745E-03   8.96552E-01   1.95910E-03   4.79017E-02 
    8.71228E+03  -3.58131E+03  -2.26899E+04  -6.59173E+04  -1.33570E+05
   5.06182E-02   3.38629E-03   8.96152E-01   1.95843E-03   4.78853E-02 
    8.72173E+03  -3.56358E+03  -2.26925E+04  -6.59645E+04  -1.33530E+05
   5.10364E-02   3.38513E-03   8.95752E-01   1.95776E-03   4.78689E-02 
    8.73120E+03  -3.54580E+03  -2.26951E+04  -6.60114E+04  -1.33491E+05
   5.14543E-02   3.38398E-03   8.95352E-01   1.95709E-03   4.78526E-02 
    8.74068E+03  -3.52798E+03  -2.26978E+04  -6.60579E+04  -1.33451E+05
   5.18719E-02   3.38282E-03   8.94953E-01   1.95643E-03   4.78362E-02 
    8.75018E+03  -3.51011E+03  -2.27004E+04  -6.61041E+04  -1.33412E+05
   5.22892E-02   3.38167E-03   8.94553E-01   1.95576E-03   4.78199E-02 
    8.75970E+03  -3.49220E+03  -2.27030E+04  -6.61499E+04  -1.33372E+05
   5.27062E-02   3.38051E-03   8.94155E-01   1.95509E-03   4.78036E-02 
    8.76923E+03  -3.47424E+03  -2.27057E+04  -6.61954E+04  -1.33332E+05
   5.31230E-02   3.37936E-03   8.93756E-01   1.95442E-03   4.77873E-02 
    8.77878E+03  -3.45623E+03  -2.27084E+04  -6.62406E+04  -1.33291E+05
   5.35395E-02   3.37821E-03   8.93358E-01   1.95376E-03   4.77710E-02 
    8.78836E+03  -3.43817E+03  -2.27111E+04  -6.62855E+04  -1.33251E+05
   5.39556E-02   3.37705E-03   8.92960E-01   1.95309E-03   4.77547E-02 
    8.79795E+03  -3.42006E+03  -2.27138E+04  -6.63300E+04  -1.33211E+05
   5.43715E-02   3.37590E-03   8.92562E-01   1.95242E-03   4.77384E-02 
    8.80756E+03  -3.40191E+03  -2.27165E+04  -6.63743E+04  -1.33170E+05
   5.47871E-02   3.37475E-03   8.92164E-01   1.95176E-03   4.77221E-02 
    8.81720E+03  -3.38371E+03  -2.27193E+04  -6.64182E+04  -1.33129E+05
   5.52025E-02   3.37360E-03   8.91767E-01   1.95109E-03   4.77059E-02 
    8.82686E+03  -3.36546E+03  -2.27220E+04  -6.64619E+04  -1.33088E+05
   5.56175E-02   3.37245E-03   8.91370E-01   1.95043E-03   4.76896E-02 
    8.83655E+03  -3.34716E+03  -2.27248E+04  -6.65052E+04  -1.33047E+05
   5.60323E-02   3.37131E-03   8.90973E-01   1.94977E-03   4.76734E-02 
    8.84625E+03  -3.32881E+03  -2.27276E+04  -6.65483E+04  -1.33006E+05
   5.64468E-02   3.37016E-03   8.90577E-01   1.94910E-03   4.76572E-02 
    8.85599E+03  -3.31041E+03  -2.27304E+04  -6.65911E+04  -1.32965E+05
   5.68610E-02   3.36901E-03   8.90181E-01   1.94844E-03   4.76409E-02 
    8.86575E+03  -3.29196E+03  -2.27332E+04  -6.66336E+04  -1.32924E+05
   5.72749E-02   3.36787E-03   8.89785E-01   1.94778E-03   4.76247E-02 
    8.87554E+03  -3.27346E+03  -2.27360E+04  -6.66758E+04  -1.32882E+05
   5.76885E-02   3.36672E-03   8.89389E-01   1.94711E-03   4.76085E-02 
    8.88535E+03  -3.25491E+03  -2.27389E+04  -6.67177E+04  -1.32840E+05
   5.81019E-02   3.36558E-03   8.88994E-01   1.94645E-03   4.75924E-02 
    8.89519E+03  -3.23631E+03  -2.27417E+04  -6.67594E+04  -1.32798E+05
   5.85150E-02   3.36443E-03   8.88599E-01   1.94579E-03   4.75762E-02 
    8.90507E+03  -3.21766E+03  -2.27446E+04  -6.68009E+04  -1.32756E+05
   5.89278E-02   3.36329E-03   8.88204E-01   1.94513E-03   4.75600E-02 
    8.91497E+03  -3.19896E+03  -2.27475E+04  -6.68420E+04  -1.32714E+05
   5.93403E-02   3.36215E-03   8.87809E-01   1.94447E-03   4.75439E-02 
    8.92490E+03  -3.18020E+03  -2.27504E+04  -6.68829E+04  -1.32672E+05
   5.97525E-02   3.36101E-03   8.87415E-01   1.94381E-03   4.75278E-02 
    8.93486E+03  -3.16140E+03  -2.27534E+04  -6.69236E+04  -1.32629E+05
   6.01645E-02   3.35987E-03   8.87021E-01   1.94315E-03   4.75116E-02 
    8.94486E+03  -3.14254E+03  -2.27563E+04  -6.69640E+04  -1.32587E+05
   6.05761E-02   3.35873E-03   8.86627E-01   1.94249E-03   4.74955E-02 
    8.95489E+03  -3.12363E+03  -2.27593E+04  -6.70042E+04  -1.32544E+05
   6.09875E-02   3.35759E-03   8.86234E-01   1.94183E-03   4.74794E-02 
    8.96495E+03  -3.10467E+03  -2.27622E+04  -6.70441E+04  -1.32501E+05
   6.13986E-02   3.35645E-03   8.85840E-01   1.94118E-03   4.74633E-02 
    8.97505E+03  -3.08566E+03  -2.27652E+04  -6.70838E+04  -1.32458E+05
   6.18095E-02   3.35532E-03   8.85447E-01   1.94052E-03   4.74472E-02 
    8.98518E+03  -3.06659E+03  -2.27682E+04  -6.71233E+04  -1.32415E+05
   6.22200E-02   3.35418E-03   8.85055E-01   1.93986E-03   4.74312E-02 
    8.99535E+03  -3.04747E+03  -2.27712E+04  -6.71626E+04  -1.32371E+05
   6.26303E-02   3.35304E-03   8.84662E-01   1.93920E-03   4.74151E-02 
    9.00555E+03  -3.02830E+03  -2.27743E+04  -6.72016E+04  -1.32328E+05
   6.30403E-02   3.35191E-03   8.84270E-01   1.93855E-03   4.73991E-02 
    9.01579E+03  -3.00908E+03  -2.27773E+04  -6.72404E+04  -1.32284E+05
   6.34501E-02   3.35077E-03   8.83878E-01   1.93789E-03   4.73830E-02 
    9.02607E+03  -2.98980E+03  -2.27804E+04  -6.72789E+04  -1.32240E+05
   6.38595E-02   3.34964E-03   8.83487E-01   1.93724E-03   4.73670E-02 
    9.03638E+03  -2.97046E+03  -2.27835E+04  -6.73173E+04  -1.32196E+05
   6.42687E-02   3.34851E-03   8.83095E-01   1.93658E-03   4.73510E-02 
    9.04674E+03  -2.95107E+03  -2.27866E+04  -6.73554E+04  -1.32152E+05
   6.46776E-02   3.34738E-03   8.82704E-01   1.93593E-03   4.73350E-02 
    9.05713E+03  -2.93163E+03  -2.27898E+04  -6.73934E+04  -1.32108E+05
   6.50862E-02   3.34625E-03   8.82313E-01   1.93527E-03   4.73190E-02 
    9.06757E+03  -2.91213E+03  -2.27929E+04  -6.74311E+04  -1.32063E+05
   6.54945E-02   3.34511E-03   8.81923E-01   1.93462E-03   4.73030E-02 
    9.07804E+03  -2.89258E+03  -2.27961E+04  -6.74687E+04  -1.32018E+05
   6.59026E-02   3.34399E-03   8.81532E-01   1.93397E-03   4.72870E-02 
    9.08856E+03  -2.87297E+03  -2.27992E+04  -6.75060E+04  -1.31974E+05
   6.63104E-02   3.34286E-03   8.81142E-01   1.93331E-03   4.72711E-02 
    9.09911E+03  -2.85330E+03  -2.28024E+04  -6.75431E+04  -1.31929E+05
   6.67179E-02   3.34173E-03   8.80753E-01   1.93266E-03   4.72551E-02 
    9.10972E+03  -2.83358E+03  -2.28057E+04  -6.75801E+04  -1.31883E+05
   6.71252E-02   3.34060E-03   8.80363E-01   1.93201E-03   4.72392E-02 
    9.12036E+03  -2.81380E+03  -2.28089E+04  -6.76168E+04  -1.31838E+05
   6.75321E-02   3.33947E-03   8.79974E-01   1.93136E-03   4.72233E-02 
    9.13105E+03  -2.79397E+03  -2.28121E+04  -6.76534E+04  -1.31793E+05
   6.79388E-02   3.33835E-03   8.79585E-01   1.93071E-03   4.72073E-02 
    9.14178E+03  -2.77408E+03  -2.28154E+04  -6.76897E+04  -1.31747E+05
   6.83452E-02   3.33722E-03   8.79196E-01   1.93006E-03   4.71914E-02 
    9.15256E+03  -2.75413E+03  -2.28187E+04  -6.77259E+04  -1.31701E+05
   6.87514E-02   3.33610E-03   8.78808E-01   1.92940E-03   4.71755E-02 
    9.16339E+03  -2.73412E+03  -2.28220E+04  -6.77619E+04  -1.31655E+05
   6.91573E-02   3.33498E-03   8.78419E-01   1.92876E-03   4.71596E-02 
    9.17426E+03  -2.71406E+03  -2.28254E+04  -6.77978E+04  -1.31609E+05
   6.95629E-02   3.33385E-03   8.78031E-01   1.92811E-03   4.71438E-02 
    9.18517E+03  -2.69393E+03  -2.28287E+04  -6.78334E+04  -1.31562E+05
   6.99682E-02   3.33273E-03   8.77644E-01   1.92746E-03   4.71279E-02 
    9.19614E+03  -2.67375E+03  -2.28321E+04  -6.78689E+04  -1.31516E+05
   7.03732E-02   3.33161E-03   8.77256E-01   1.92681E-03   4.71120E-02 
    9.20716E+03  -2.65351E+03  -2.28355E+04  -6.79042E+04  -1.31469E+05
   7.07780E-02   3.33049E-03   8.76869E-01   1.92616E-03   4.70962E-02 
    9.21822E+03  -2.63321E+03  -2.28389E+04  -6.79393E+04  -1.31422E+05
   7.11825E-02   3.32937E-03   8.76482E-01   1.92551E-03   4.70804E-02 
    9.22933E+03  -2.61286E+03  -2.28423E+04  -6.79743E+04  -1.31375E+05
   7.15868E-02   3.32825E-03   8.76096E-01   1.92487E-03   4.70645E-02 
    9.24050E+03  -2.59244E+03  -2.28457E+04  -6.80091E+04  -1.31328E+05
   7.19907E-02   3.32713E-03   8.75709E-01   1.92422E-03   4.70487E-02 
    9.25171E+03  -2.57196E+03  -2.28492E+04  -6.80438E+04  -1.31281E+05
   7.23944E-02   3.32602E-03   8.75323E-01   1.92357E-03   4.70329E-02 
    9.26298E+03  -2.55142E+03  -2.28527E+04  -6.80783E+04  -1.31233E+05
   7.27979E-02   3.32490E-03   8.74937E-01   1.92293E-03   4.70171E-02 
    9.27430E+03  -2.53082E+03  -2.28562E+04  -6.81126E+04  -1.31185E+05
   7.32010E-02   3.32378E-03   8.74552E-01   1.92228E-03   4.70014E-02 
    9.28567E+03  -2.51016E+03  -2.28597E+04  -6.81468E+04  -1.31137E+05
   7.36039E-02   3.32267E-03   8.74166E-01   1.92164E-03   4.69856E-02 
    9.29710E+03  -2.48944E+03  -2.28633E+04  -6.81808E+04  -1.31089E+05
   7.40065E-02   3.32155E-03   8.73781E-01   1.92099E-03   4.69698E-02 
    9.30858E+03  -2.46866E+03  -2.28669E+04  -6.82147E+04  -1.31041E+05
   7.44088E-02   3.32044E-03   8.73396E-01   1.92035E-03   4.69541E-02 
    9.32012E+03  -2.44782E+03  -2.28704E+04  -6.82484E+04  -1.30992E+05
   7.48109E-02   3.31933E-03   8.73012E-01   1.91970E-03   4.69383E-02 
    9.33171E+03  -2.42691E+03  -2.28741E+04  -6.82820E+04  -1.30944E+05
   7.52127E-02   3.31822E-03   8.72627E-01   1.91906E-03   4.69226E-02 
    9.34336E+03  -2.40594E+03  -2.28777E+04  -6.83154E+04  -1.30895E+05
   7.56142E-02   3.31710E-03   8.72243E-01   1.91842E-03   4.69069E-02 
    9.35506E+03  -2.38491E+03  -2.28814E+04  -6.83487E+04  -1.30846E+05
   7.60155E-02   3.31599E-03   8.71860E-01   1.91778E-03   4.68912E-02 
    9.36683E+03  -2.36381E+03  -2.28850E+04  -6.83819E+04  -1.30797E+05
   7.64165E-02   3.31488E-03   8.71476E-01   1.91713E-03   4.68755E-02 
    9.37865E+03  -2.34265E+03  -2.28887E+04  -6.84149E+04  -1.30747E+05
   7.68172E-02   3.31377E-03   8.71093E-01   1.91649E-03   4.68598E-02 
    9.39053E+03  -2.32143E+03  -2.28925E+04  -6.84478E+04  -1.30697E+05
   7.72177E-02   3.31267E-03   8.70710E-01   1.91585E-03   4.68441E-02 
    9.40247E+03  -2.30015E+03  -2.28962E+04  -6.84805E+04  -1.30648E+05
   7.76179E-02   3.31156E-03   8.70327E-01   1.91521E-03   4.68285E-02 
    9.41447E+03  -2.27879E+03  -2.29000E+04  -6.85131E+04  -1.30598E+05
   7.80178E-02   3.31045E-03   8.69944E-01   1.91457E-03   4.68128E-02 
    9.42653E+03  -2.25738E+03  -2.29038E+04  -6.85456E+04  -1.30547E+05
   7.84175E-02   3.30934E-03   8.69562E-01   1.91393E-03   4.67972E-02 
    9.43865E+03  -2.23590E+03  -2.29076E+04  -6.85779E+04  -1.30497E+05
   7.88169E-02   3.30824E-03   8.69180E-01   1.91329E-03   4.67815E-02 
    9.45084E+03  -2.21435E+03  -2.29114E+04  -6.86102E+04  -1.30446E+05
   7.92160E-02   3.30713E-03   8.68798E-01   1.91265E-03   4.67659E-02 
    9.46309E+03  -2.19274E+03  -2.29153E+04  -6.86423E+04  -1.30396E+05
   7.96148E-02   3.30603E-03   8.68417E-01   1.91201E-03   4.67503E-02 
    9.47540E+03  -2.17106E+03  -2.29192E+04  -6.86742E+04  -1.30344E+05
   8.00134E-02   3.30493E-03   8.68036E-01   1.91138E-03   4.67347E-02 
    9.48778E+03  -2.14931E+03  -2.29231E+04  -6.87061E+04  -1.30293E+05
   8.04117E-02   3.30382E-03   8.67655E-01   1.91074E-03   4.67191E-02 
    9.50022E+03  -2.12750E+03  -2.29270E+04  -6.87378E+04  -1.30242E+05
   8.08098E-02   3.30272E-03   8.67274E-01   1.91010E-03   4.67035E-02 
    9.51273E+03  -2.10562E+03  -2.29310E+04  -6.87694E+04  -1.30190E+05
   8.12076E-02   3.30162E-03   8.66893E-01   1.90946E-03   4.66880E-02 
    9.52530E+03  -2.08367E+03  -2.29349E+04  -6.88009E+04  -1.30138E+05
   8.16051E-02   3.30052E-03   8.66513E-01   1.90883E-03   4.66724E-02 
    9.53794E+03  -2.06166E+03  -2.29389E+04  -6.88323E+04  -1.30086E+05
   8.20024E-02   3.29942E-03   8.66133E-01   1.90819E-03   4.66569E-02 
    9.55065E+03  -2.03957E+03  -2.29430E+04  -6.88636E+04  -1.30034E+05
   8.23994E-02   3.29832E-03   8.65753E-01   1.90756E-03   4.66413E-02 
    9.56343E+03  -2.01742E+03  -2.29470E+04  -6.88947E+04  -1.29982E+05
   8.27961E-02   3.29722E-03   8.65374E-01   1.90692E-03   4.66258E-02 
    9.57628E+03  -1.99520E+03  -2.29511E+04  -6.89258E+04  -1.29929E+05
   8.31926E-02   3.29613E-03   8.64995E-01   1.90629E-03   4.66103E-02 
    9.58920E+03  -1.97291E+03  -2.29552E+04  -6.89567E+04  -1.29876E+05
   8.35888E-02   3.29503E-03   8.64616E-01   1.90565E-03   4.65948E-02 
    9.60219E+03  -1.95055E+03  -2.29593E+04  -6.89875E+04  -1.29823E+05
   8.39847E-02   3.29393E-03   8.64237E-01   1.90502E-03   4.65793E-02 
    9.61525E+03  -1.92812E+03  -2.29635E+04  -6.90183E+04  -1.29770E+05
   8.43804E-02   3.29284E-03   8.63859E-01   1.90439E-03   4.65638E-02 
    9.62839E+03  -1.90561E+03  -2.29677E+04  -6.90489E+04  -1.29716E+05
   8.46981E-02   3.29196E-03   8.63555E-01   1.90388E-03   4.65513E-02 
    9.63899E+03  -1.88748E+03  -2.29711E+04  -6.90734E+04  -1.29673E+05

 Phase Region for:
     BCC_A2                        
     CEMENTITE                     
 col-1=X(C), col-2=X(CU), col-3=X(FE), col-4=X(MN), col-5=X(SI), col-6=MU(C),
   col-7=MU(CU), col-8=MU(FE), col-9=MU(MN), col-10=MU(SI),
   3.32233E-02   3.43444E-03   9.12790E-01   1.98628E-03   4.85662E-02 
    8.33136E+03  -4.25492E+03  -2.25962E+04  -6.36453E+04  -1.35043E+05
   3.27929E-02   3.43563E-03   9.13202E-01   1.98697E-03   4.85830E-02 
    8.32126E+03  -4.27094E+03  -2.25941E+04  -6.35757E+04  -1.35078E+05
   3.23621E-02   3.43682E-03   9.13614E-01   1.98766E-03   4.85999E-02 
    8.31109E+03  -4.28692E+03  -2.25920E+04  -6.35052E+04  -1.35112E+05
   3.19311E-02   3.43802E-03   9.14026E-01   1.98835E-03   4.86167E-02 
    8.30086E+03  -4.30286E+03  -2.25899E+04  -6.34339E+04  -1.35146E+05
   3.14997E-02   3.43921E-03   9.14438E-01   1.98904E-03   4.86336E-02 
    8.29055E+03  -4.31877E+03  -2.25879E+04  -6.33617E+04  -1.35180E+05
   3.10681E-02   3.44041E-03   9.14851E-01   1.98973E-03   4.86505E-02 
    8.28017E+03  -4.33464E+03  -2.25858E+04  -6.32886E+04  -1.35214E+05
   3.06362E-02   3.44160E-03   9.15264E-01   1.99042E-03   4.86674E-02 
    8.26971E+03  -4.35047E+03  -2.25837E+04  -6.32145E+04  -1.35248E+05
   3.02039E-02   3.44280E-03   9.15678E-01   1.99111E-03   4.86843E-02 
    8.25916E+03  -4.36627E+03  -2.25817E+04  -6.31394E+04  -1.35282E+05
   2.97714E-02   3.44400E-03   9.16092E-01   1.99181E-03   4.87013E-02 
    8.24852E+03  -4.38203E+03  -2.25796E+04  -6.30634E+04  -1.35316E+05
   2.93385E-02   3.44519E-03   9.16506E-01   1.99250E-03   4.87182E-02 
    8.23779E+03  -4.39776E+03  -2.25776E+04  -6.29864E+04  -1.35350E+05
   2.89054E-02   3.44639E-03   9.16920E-01   1.99319E-03   4.87352E-02 
    8.22696E+03  -4.41345E+03  -2.25756E+04  -6.29083E+04  -1.35383E+05
   2.84719E-02   3.44759E-03   9.17334E-01   1.99389E-03   4.87521E-02 
    8.21601E+03  -4.42911E+03  -2.25736E+04  -6.28291E+04  -1.35417E+05
   2.80382E-02   3.44879E-03   9.17749E-01   1.99458E-03   4.87691E-02 
    8.20496E+03  -4.44474E+03  -2.25716E+04  -6.27488E+04  -1.35450E+05
   2.76041E-02   3.44999E-03   9.18165E-01   1.99528E-03   4.87861E-02 
    8.19379E+03  -4.46033E+03  -2.25696E+04  -6.26674E+04  -1.35483E+05
   2.71698E-02   3.45120E-03   9.18580E-01   1.99597E-03   4.88031E-02 
    8.18249E+03  -4.47588E+03  -2.25676E+04  -6.25848E+04  -1.35516E+05
   2.67351E-02   3.45240E-03   9.18996E-01   1.99667E-03   4.88201E-02 
    8.17106E+03  -4.49140E+03  -2.25657E+04  -6.25010E+04  -1.35549E+05
   2.63001E-02   3.45360E-03   9.19412E-01   1.99736E-03   4.88371E-02 
    8.15948E+03  -4.50689E+03  -2.25637E+04  -6.24160E+04  -1.35582E+05
   2.58649E-02   3.45481E-03   9.19828E-01   1.99806E-03   4.88542E-02 
    8.14776E+03  -4.52235E+03  -2.25618E+04  -6.23297E+04  -1.35615E+05
   2.54293E-02   3.45601E-03   9.20245E-01   1.99876E-03   4.88712E-02 
    8.13588E+03  -4.53777E+03  -2.25598E+04  -6.22420E+04  -1.35648E+05
   2.49934E-02   3.45722E-03   9.20662E-01   1.99945E-03   4.88883E-02 
    8.12383E+03  -4.55316E+03  -2.25579E+04  -6.21530E+04  -1.35681E+05
   2.45573E-02   3.45843E-03   9.21079E-01   2.00015E-03   4.89054E-02 
    8.11161E+03  -4.56852E+03  -2.25560E+04  -6.20625E+04  -1.35713E+05
   2.41208E-02   3.45964E-03   9.21496E-01   2.00085E-03   4.89225E-02 
    8.09920E+03  -4.58385E+03  -2.25541E+04  -6.19706E+04  -1.35746E+05
   2.36840E-02   3.46085E-03   9.21914E-01   2.00155E-03   4.89395E-02 
    8.08660E+03  -4.59915E+03  -2.25522E+04  -6.18772E+04  -1.35778E+05
   2.32469E-02   3.46206E-03   9.22332E-01   2.00225E-03   4.89567E-02 
    8.07378E+03  -4.61441E+03  -2.25503E+04  -6.17822E+04  -1.35810E+05
   2.28095E-02   3.46327E-03   9.22751E-01   2.00295E-03   4.89738E-02 
    8.06074E+03  -4.62965E+03  -2.25484E+04  -6.16856E+04  -1.35843E+05
   2.23718E-02   3.46448E-03   9.23169E-01   2.00365E-03   4.89909E-02 
    8.04747E+03  -4.64485E+03  -2.25465E+04  -6.15873E+04  -1.35875E+05
   2.19338E-02   3.46569E-03   9.23588E-01   2.00435E-03   4.90081E-02 
    8.03395E+03  -4.66003E+03  -2.25447E+04  -6.14872E+04  -1.35907E+05
   2.14955E-02   3.46690E-03   9.24007E-01   2.00505E-03   4.90252E-02 
    8.02016E+03  -4.67517E+03  -2.25428E+04  -6.13854E+04  -1.35939E+05
   2.10568E-02   3.46812E-03   9.24427E-01   2.00576E-03   4.90424E-02 
    8.00609E+03  -4.69029E+03  -2.25410E+04  -6.12817E+04  -1.35970E+05
   2.06179E-02   3.46933E-03   9.24847E-01   2.00646E-03   4.90596E-02 
    7.99172E+03  -4.70538E+03  -2.25391E+04  -6.11761E+04  -1.36002E+05
   2.01787E-02   3.47055E-03   9.25267E-01   2.00716E-03   4.90768E-02 
    7.97704E+03  -4.72044E+03  -2.25373E+04  -6.10684E+04  -1.36034E+05
   1.97391E-02   3.47177E-03   9.25687E-01   2.00787E-03   4.90940E-02 
    7.96201E+03  -4.73548E+03  -2.25355E+04  -6.09586E+04  -1.36065E+05
   1.92993E-02   3.47298E-03   9.26108E-01   2.00857E-03   4.91112E-02 
    7.94663E+03  -4.75049E+03  -2.25337E+04  -6.08467E+04  -1.36097E+05
   1.88591E-02   3.47420E-03   9.26529E-01   2.00927E-03   4.91284E-02 
    7.93086E+03  -4.76547E+03  -2.25319E+04  -6.07325E+04  -1.36128E+05
   1.84186E-02   3.47542E-03   9.26950E-01   2.00998E-03   4.91456E-02 
    7.91467E+03  -4.78043E+03  -2.25301E+04  -6.06159E+04  -1.36159E+05
   1.79778E-02   3.47664E-03   9.27372E-01   2.01069E-03   4.91629E-02 
    7.89805E+03  -4.79536E+03  -2.25283E+04  -6.04968E+04  -1.36191E+05
   1.75367E-02   3.47786E-03   9.27794E-01   2.01139E-03   4.91802E-02 
    7.88096E+03  -4.81027E+03  -2.25265E+04  -6.03751E+04  -1.36222E+05
   1.70953E-02   3.47908E-03   9.28216E-01   2.01210E-03   4.91974E-02 
    7.86336E+03  -4.82516E+03  -2.25248E+04  -6.02508E+04  -1.36253E+05
   1.66536E-02   3.48031E-03   9.28639E-01   2.01281E-03   4.92147E-02 
    7.84522E+03  -4.84002E+03  -2.25230E+04  -6.01236E+04  -1.36284E+05
   1.62116E-02   3.48153E-03   9.29061E-01   2.01351E-03   4.92320E-02 
    7.82650E+03  -4.85487E+03  -2.25213E+04  -5.99935E+04  -1.36315E+05
   1.57693E-02   3.48275E-03   9.29484E-01   2.01422E-03   4.92493E-02 
    7.80716E+03  -4.86969E+03  -2.25196E+04  -5.98603E+04  -1.36345E+05
   1.53266E-02   3.48398E-03   9.29908E-01   2.01493E-03   4.92667E-02 
    7.78714E+03  -4.88450E+03  -2.25178E+04  -5.97238E+04  -1.36376E+05
   1.48837E-02   3.48520E-03   9.30331E-01   2.01564E-03   4.92840E-02 
    7.76639E+03  -4.89928E+03  -2.25161E+04  -5.95840E+04  -1.36407E+05
   1.44404E-02   3.48643E-03   9.30755E-01   2.01635E-03   4.93014E-02 
    7.74487E+03  -4.91406E+03  -2.25144E+04  -5.94405E+04  -1.36437E+05
   1.39968E-02   3.48766E-03   9.31180E-01   2.01706E-03   4.93187E-02 
    7.72249E+03  -4.92881E+03  -2.25127E+04  -5.92933E+04  -1.36468E+05
   1.35529E-02   3.48889E-03   9.31604E-01   2.01777E-03   4.93361E-02 
    7.69919E+03  -4.94356E+03  -2.25110E+04  -5.91421E+04  -1.36498E+05
   1.31087E-02   3.49012E-03   9.32029E-01   2.01848E-03   4.93535E-02 
    7.67489E+03  -4.95829E+03  -2.25094E+04  -5.89866E+04  -1.36529E+05
   1.26642E-02   3.49135E-03   9.32454E-01   2.01919E-03   4.93709E-02 
    7.64950E+03  -4.97301E+03  -2.25077E+04  -5.88268E+04  -1.36559E+05
   1.22194E-02   3.49258E-03   9.32880E-01   2.01990E-03   4.93883E-02 
    7.62293E+03  -4.98773E+03  -2.25061E+04  -5.86622E+04  -1.36589E+05
   1.17742E-02   3.49381E-03   9.33306E-01   2.02062E-03   4.94057E-02 
    7.59505E+03  -5.00244E+03  -2.25044E+04  -5.84926E+04  -1.36619E+05
   1.13288E-02   3.49504E-03   9.33732E-01   2.02133E-03   4.94232E-02 
    7.56575E+03  -5.01715E+03  -2.25028E+04  -5.83177E+04  -1.36649E+05
   1.08830E-02   3.49628E-03   9.34158E-01   2.02204E-03   4.94406E-02 
    7.53489E+03  -5.03186E+03  -2.25012E+04  -5.81372E+04  -1.36679E+05
   1.04369E-02   3.49751E-03   9.34585E-01   2.02276E-03   4.94581E-02 
    7.50230E+03  -5.04657E+03  -2.24996E+04  -5.79507E+04  -1.36709E+05
   9.99049E-03   3.49875E-03   9.35012E-01   2.02347E-03   4.94755E-02 
    7.46780E+03  -5.06130E+03  -2.24980E+04  -5.77577E+04  -1.36739E+05
   9.54377E-03   3.49999E-03   9.35439E-01   2.02419E-03   4.94930E-02 
    7.43119E+03  -5.07603E+03  -2.24964E+04  -5.75579E+04  -1.36769E+05
   9.09673E-03   3.50122E-03   9.35867E-01   2.02490E-03   4.95105E-02 
    7.39223E+03  -5.09079E+03  -2.24948E+04  -5.73506E+04  -1.36799E+05
   8.64938E-03   3.50246E-03   9.36295E-01   2.02562E-03   4.95280E-02 
    7.35064E+03  -5.10557E+03  -2.24932E+04  -5.71355E+04  -1.36829E+05
   8.20171E-03   3.50370E-03   9.36723E-01   2.02634E-03   4.95456E-02 
    7.30611E+03  -5.12038E+03  -2.24917E+04  -5.69117E+04  -1.36858E+05
   7.75372E-03   3.50494E-03   9.37151E-01   2.02705E-03   4.95631E-02 
    7.25827E+03  -5.13523E+03  -2.24902E+04  -5.66787E+04  -1.36888E+05
   7.30542E-03   3.50618E-03   9.37580E-01   2.02777E-03   4.95806E-02 
    7.20669E+03  -5.15013E+03  -2.24887E+04  -5.64356E+04  -1.36918E+05
   6.85679E-03   3.50742E-03   9.38009E-01   2.02849E-03   4.95982E-02 
    7.15086E+03  -5.16509E+03  -2.24872E+04  -5.61817E+04  -1.36947E+05
   6.40786E-03   3.50867E-03   9.38439E-01   2.02921E-03   4.96158E-02 
    7.09018E+03  -5.18013E+03  -2.24857E+04  -5.59158E+04  -1.36977E+05
   5.95860E-03   3.50991E-03   9.38868E-01   2.02993E-03   4.96334E-02 
    7.02393E+03  -5.19525E+03  -2.24842E+04  -5.56369E+04  -1.37006E+05
   5.50902E-03   3.51115E-03   9.39298E-01   2.03065E-03   4.96509E-02 
    6.95127E+03  -5.21048E+03  -2.24828E+04  -5.53437E+04  -1.37036E+05
   5.05913E-03   3.51240E-03   9.39729E-01   2.03137E-03   4.96686E-02 
    6.87115E+03  -5.22584E+03  -2.24814E+04  -5.50346E+04  -1.37066E+05
   4.60891E-03   3.51365E-03   9.40159E-01   2.03209E-03   4.96862E-02 
    6.78231E+03  -5.24137E+03  -2.24800E+04  -5.47081E+04  -1.37095E+05
   4.15838E-03   3.51489E-03   9.40590E-01   2.03281E-03   4.97038E-02 
    6.68320E+03  -5.25709E+03  -2.24787E+04  -5.43622E+04  -1.37125E+05
   3.70752E-03   3.51614E-03   9.41021E-01   2.03353E-03   4.97215E-02 
    6.57191E+03  -5.27305E+03  -2.24774E+04  -5.39946E+04  -1.37155E+05
   3.25635E-03   3.51739E-03   9.41453E-01   2.03425E-03   4.97391E-02 
    6.44604E+03  -5.28931E+03  -2.24761E+04  -5.36026E+04  -1.37185E+05
   2.80486E-03   3.51864E-03   9.41885E-01   2.03497E-03   4.97568E-02 
    6.30258E+03  -5.30594E+03  -2.24749E+04  -5.31833E+04  -1.37215E+05
   2.35304E-03   3.51989E-03   9.42317E-01   2.03570E-03   4.97745E-02 
    6.13770E+03  -5.32303E+03  -2.24738E+04  -5.27331E+04  -1.37245E+05
   1.90090E-03   3.52114E-03   9.42749E-01   2.03642E-03   4.97922E-02 
    5.94650E+03  -5.34071E+03  -2.24727E+04  -5.22479E+04  -1.37276E+05
   1.44844E-03   3.52239E-03   9.43182E-01   2.03715E-03   4.98099E-02 
    5.72269E+03  -5.35912E+03  -2.24717E+04  -5.17231E+04  -1.37307E+05
   9.95664E-04   3.52365E-03   9.43615E-01   2.03787E-03   4.98276E-02 
    5.45819E+03  -5.37849E+03  -2.24708E+04  -5.11535E+04  -1.37339E+05
   5.42562E-04   3.52490E-03   9.44049E-01   2.03860E-03   4.98453E-02 
    5.14266E+03  -5.39909E+03  -2.24701E+04  -5.05335E+04  -1.37371E+05
   8.91361E-05   3.52616E-03   9.44482E-01   2.03932E-03   4.98631E-02 
    4.76317E+03  -5.42130E+03  -2.24696E+04  -4.98579E+04  -1.37405E+05
   1.77550E-06   3.52640E-03   9.44566E-01   2.03946E-03   4.98665E-02 
    4.68147E+03  -5.42580E+03  -2.24696E+04  -4.97210E+04  -1.37411E+05

 Phase Region for:
     BCC_A2                        
 col-1=X(C), col-2=X(CU), col-3=X(FE), col-4=X(MN), col-5=X(SI), col-6=MU(C),
   col-7=MU(CU), col-8=MU(FE), col-9=MU(MN), col-10=MU(SI),
   1.77550E-06   3.52640E-03   9.44566E-01   2.03946E-03   4.98665E-02 
    4.68147E+03  -5.42580E+03  -2.24696E+04  -4.97210E+04  -1.37411E+05
   4.53650E-09   3.52640E-03   9.44568E-01   2.03946E-03   4.98666E-02 
   -2.74821E+04  -5.42578E+03  -2.24695E+04  -4.97209E+04  -1.37412E+05
