t mart aust
0.000000e+00 3.251485e-02 3.357459e-02
5.002501e-04 3.211108e-02 3.374638e-02
1.000500e-03 3.179854e-02 3.382985e-02
1.500750e-03 3.153404e-02 3.393585e-02
2.001001e-03 3.130249e-02 3.406911e-02
2.501251e-03 3.109391e-02 3.416922e-02
3.001501e-03 3.090211e-02 3.428706e-02
3.501751e-03 3.072416e-02 3.438377e-02
4.002001e-03 3.055726e-02 3.448650e-02
4.502251e-03 3.039951e-02 3.459548e-02
5.002501e-03 3.024971e-02 3.467869e-02
5.502751e-03 3.010665e-02 3.477522e-02
6.003002e-03 2.996953e-02 3.487195e-02
6.503252e-03 2.983770e-02 3.494904e-02
7.003502e-03 2.971055e-02 3.503590e-02
7.503752e-03 2.958763e-02 3.512564e-02
8.004002e-03 2.946855e-02 3.519921e-02
8.504252e-03 2.935298e-02 3.527521e-02
9.004502e-03 2.924059e-02 3.535828e-02
9.504752e-03 2.913117e-02 3.543320e-02
1.000500e-02 2.902448e-02 3.550045e-02
1.050525e-02 2.892033e-02 3.557345e-02
1.100550e-02 2.881854e-02 3.564895e-02
1.150575e-02 2.871896e-02 3.571603e-02
1.200600e-02 2.862145e-02 3.577935e-02
1.250625e-02 2.852589e-02 3.584716e-02
1.300650e-02 2.843217e-02 3.591668e-02
1.350675e-02 2.834018e-02 3.598005e-02
1.400700e-02 2.824984e-02 3.603944e-02
1.450725e-02 2.816105e-02 3.610157e-02
1.500750e-02 2.807374e-02 3.616622e-02
1.550775e-02 2.798783e-02 3.622780e-02
1.600800e-02 2.790327e-02 3.628447e-02
1.650825e-02 2.781999e-02 3.634122e-02
1.700850e-02 2.773793e-02 3.640066e-02
1.750875e-02 2.765705e-02 3.646046e-02
1.800900e-02 2.757728e-02 3.651660e-02
1.850925e-02 2.749860e-02 3.656977e-02
1.900950e-02 2.742094e-02 3.662372e-02
1.950975e-02 2.734429e-02 3.667966e-02
2.001001e-02 2.726859e-02 3.673550e-02
2.051026e-02 2.719381e-02 3.678837e-02
2.101051e-02 2.711993e-02 3.683886e-02
2.151076e-02 2.704690e-02 3.688973e-02
2.201101e-02 2.697470e-02 3.694216e-02
2.251126e-02 2.690330e-02 3.699493e-02
2.301151e-02 2.683268e-02 3.704572e-02
2.351176e-02 2.676281e-02 3.709414e-02
2.401201e-02 2.669367e-02 3.714209e-02
2.451226e-02 2.662523e-02 3.719110e-02
2.501251e-02 2.655748e-02 3.724100e-02
2.551276e-02 2.649039e-02 3.729020e-02
2.601301e-02 2.642395e-02 3.733738e-02
2.651326e-02 2.635813e-02 3.738313e-02
2.701351e-02 2.629292e-02 3.742898e-02
2.751376e-02 2.622831e-02 3.747577e-02
2.801401e-02 2.616427e-02 3.752303e-02
2.851426e-02 2.610079e-02 3.756943e-02
2.901451e-02 2.603786e-02 3.761416e-02
2.951476e-02 2.597546e-02 3.765781e-02
3.001501e-02 2.591359e-02 3.770156e-02
3.051526e-02 2.585222e-02 3.774604e-02
3.101551e-02 2.579134e-02 3.779092e-02
3.151576e-02 2.573095e-02 3.783521e-02
3.201601e-02 2.567103e-02 3.787817e-02
3.251626e-02 2.561157e-02 3.792006e-02
3.301651e-02 2.555256e-02 3.796178e-02
3.351676e-02 2.549399e-02 3.800400e-02
3.401701e-02 2.543585e-02 3.804670e-02
3.451726e-02 2.537814e-02 3.808924e-02
3.501751e-02 2.532083e-02 3.813086e-02
3.551776e-02 2.526393e-02 3.817139e-02
3.601801e-02 2.520742e-02 3.821136e-02
3.651826e-02 2.515130e-02 3.825147e-02
3.701851e-02 2.509556e-02 3.829203e-02
3.751876e-02 2.504019e-02 3.833283e-02
3.801901e-02 2.498519e-02 3.837327e-02
3.851926e-02 2.493054e-02 3.841285e-02
3.901951e-02 2.487624e-02 3.845158e-02
3.951976e-02 2.482229e-02 3.848995e-02
4.002001e-02 2.476867e-02 3.852846e-02
4.052026e-02 2.471539e-02 3.856733e-02
4.102051e-02 2.466242e-02 3.860636e-02
4.152076e-02 2.460978e-02 3.864508e-02
4.202101e-02 2.455745e-02 3.868309e-02
4.252126e-02 2.450543e-02 3.872037e-02
4.302151e-02 2.445371e-02 3.875728e-02
4.352176e-02 2.440229e-02 3.879424e-02
4.402201e-02 2.435116e-02 3.883148e-02
4.452226e-02 2.430032e-02 3.886890e-02
4.502251e-02 2.424976e-02 3.890616e-02
4.552276e-02 2.419948e-02 3.894290e-02
4.602301e-02 2.414947e-02 3.897900e-02
4.652326e-02 2.409973e-02 3.901464e-02
4.702351e-02 2.405025e-02 3.905016e-02
4.752376e-02 2.400104e-02 3.908585e-02
4.802401e-02 2.395208e-02 3.912174e-02
4.852426e-02 2.390337e-02 3.915766e-02
4.902451e-02 2.385492e-02 3.919331e-02
4.952476e-02 2.380670e-02 3.922844e-02
5.002501e-02 2.375873e-02 3.926305e-02
5.052526e-02 2.371099e-02 3.929735e-02
5.102551e-02 2.366349e-02 3.933162e-02
5.152576e-02 2.361622e-02 3.936604e-02
5.202601e-02 2.356918e-02 3.940060e-02
5.252626e-02 2.352236e-02 3.943514e-02
5.302651e-02 2.347576e-02 3.946941e-02
5.352676e-02 2.342938e-02 3.950324e-02
5.402701e-02 2.338322e-02 3.953663e-02
5.452726e-02 2.333726e-02 3.956975e-02
5.502751e-02 2.329152e-02 3.960283e-02
5.552776e-02 2.324598e-02 3.963602e-02
5.602801e-02 2.320064e-02 3.966932e-02
5.652826e-02 2.315551e-02 3.970262e-02
5.702851e-02 2.311057e-02 3.973572e-02
5.752876e-02 2.306583e-02 3.976846e-02
5.802901e-02 2.302128e-02 3.980081e-02
5.852926e-02 2.297692e-02 3.983288e-02
5.902951e-02 2.293275e-02 3.986485e-02
5.952976e-02 2.288876e-02 3.989686e-02
6.003002e-02 2.284496e-02 3.992898e-02
6.053027e-02 2.280134e-02 3.996114e-02
6.103052e-02 2.275790e-02 3.999320e-02
6.153077e-02 2.271463e-02 4.002500e-02
6.203102e-02 2.267154e-02 4.005646e-02
6.253127e-02 2.262862e-02 4.008761e-02
6.303152e-02 2.258588e-02 4.011859e-02
6.353177e-02 2.254330e-02 4.014953e-02
6.403202e-02 2.250088e-02 4.018052e-02
6.453227e-02 2.245863e-02 4.021159e-02
6.503252e-02 2.241655e-02 4.024265e-02
6.553277e-02 2.237462e-02 4.027358e-02
6.603302e-02 2.233286e-02 4.030427e-02
6.653327e-02 2.229125e-02 4.033466e-02
6.703352e-02 2.224979e-02 4.036480e-02
6.753377e-02 2.220849e-02 4.039480e-02
6.803402e-02 2.216734e-02 4.042477e-02
6.853427e-02 2.212635e-02 4.045478e-02
6.903452e-02 2.208550e-02 4.048485e-02
6.953477e-02 2.204479e-02 4.051490e-02
7.003502e-02 2.200424e-02 4.054483e-02
7.053527e-02 2.196382e-02 4.057456e-02
7.103552e-02 2.192355e-02 4.060404e-02
7.153577e-02 2.188343e-02 4.063329e-02
7.203602e-02 2.184344e-02 4.066239e-02
7.253627e-02 2.180358e-02 4.069145e-02
7.303652e-02 2.176387e-02 4.072052e-02
7.353677e-02 2.172429e-02 4.074964e-02
7.403702e-02 2.168484e-02 4.077876e-02
7.453727e-02 2.164553e-02 4.080780e-02
7.503752e-02 2.160635e-02 4.083669e-02
7.553777e-02 2.156730e-02 4.086536e-02
7.603802e-02 2.152838e-02 4.089382e-02
7.653827e-02 2.148958e-02 4.092212e-02
7.703852e-02 2.145091e-02 4.095033e-02
7.753877e-02 2.141237e-02 4.097853e-02
7.803902e-02 2.137395e-02 4.100675e-02
7.853927e-02 2.133565e-02 4.103499e-02
7.903952e-02 2.129748e-02 4.106320e-02
7.953977e-02 2.125942e-02 4.109132e-02
8.004002e-02 2.122149e-02 4.111927e-02
8.054027e-02 2.118367e-02 4.114703e-02
8.104052e-02 2.114597e-02 4.117462e-02
8.154077e-02 2.110839e-02 4.120208e-02
8.204102e-02 2.107092e-02 4.122947e-02
8.254127e-02 2.103356e-02 4.125686e-02
8.304152e-02 2.099632e-02 4.128426e-02
8.354177e-02 2.095919e-02 4.131167e-02
8.404202e-02 2.092218e-02 4.133904e-02
8.454227e-02 2.088527e-02 4.136632e-02
8.504252e-02 2.084847e-02 4.139345e-02
8.554277e-02 2.081178e-02 4.142042e-02
8.604302e-02 2.077520e-02 4.144723e-02
8.654327e-02 2.073872e-02 4.147392e-02
8.704352e-02 2.070235e-02 4.150056e-02
8.754377e-02 2.066608e-02 4.152718e-02
8.804402e-02 2.062992e-02 4.155380e-02
8.854427e-02 2.059386e-02 4.158043e-02
8.904452e-02 2.055791e-02 4.160703e-02
8.954477e-02 2.052205e-02 4.163355e-02
9.004502e-02 2.048630e-02 4.165995e-02
9.054527e-02 2.045064e-02 4.168620e-02
9.104552e-02 2.041508e-02 4.171231e-02
9.154577e-02 2.037963e-02 4.173831e-02
9.204602e-02 2.034427e-02 4.176424e-02
9.254627e-02 2.030900e-02 4.179013e-02
9.304652e-02 2.027383e-02 4.181602e-02
9.354677e-02 2.023876e-02 4.184191e-02
9.404702e-02 2.020378e-02 4.186779e-02
9.454727e-02 2.016890e-02 4.189361e-02
9.504752e-02 2.013411e-02 4.191934e-02
9.554777e-02 2.009941e-02 4.194495e-02
9.604802e-02 2.006480e-02 4.197043e-02
9.654827e-02 2.003029e-02 4.199580e-02
9.704852e-02 1.999586e-02 4.202107e-02
9.754877e-02 1.996153e-02 4.204629e-02
9.804902e-02 1.992728e-02 4.207149e-02
9.854927e-02 1.989312e-02 4.209669e-02
9.904952e-02 1.985905e-02 4.212188e-02
9.954977e-02 1.982507e-02 4.214704e-02
1.000500e-01 1.979117e-02 4.217214e-02
1.005503e-01 1.975736e-02 4.219716e-02
1.010505e-01 1.972363e-02 4.222206e-02
1.015508e-01 1.968999e-02 4.224686e-02
1.020510e-01 1.965644e-02 4.227154e-02
1.025513e-01 1.962296e-02 4.229616e-02
1.030515e-01 1.958958e-02 4.232072e-02
1.035518e-01 1.955627e-02 4.234526e-02
1.040520e-01 1.952304e-02 4.236979e-02
1.045523e-01 1.948990e-02 4.239432e-02
1.050525e-01 1.945684e-02 4.241881e-02
1.055528e-01 1.942386e-02 4.244325e-02
1.060530e-01 1.939095e-02 4.246762e-02
1.065533e-01 1.935813e-02 4.249189e-02
1.070535e-01 1.932539e-02 4.251605e-02
1.075538e-01 1.929272e-02 4.254012e-02
1.080540e-01 1.926014e-02 4.256412e-02
1.085543e-01 1.922763e-02 4.258807e-02
1.090545e-01 1.919519e-02 4.261198e-02
1.095548e-01 1.916284e-02 4.263589e-02
1.100550e-01 1.913056e-02 4.265978e-02
1.105553e-01 1.909835e-02 4.268365e-02
1.110555e-01 1.906622e-02 4.270748e-02
1.115558e-01 1.903417e-02 4.273124e-02
1.120560e-01 1.900219e-02 4.275493e-02
1.125563e-01 1.897028e-02 4.277852e-02
1.130565e-01 1.893844e-02 4.280202e-02
1.135568e-01 1.890668e-02 4.282545e-02
1.140570e-01 1.887500e-02 4.284881e-02
1.145573e-01 1.884338e-02 4.287214e-02
1.150575e-01 1.881184e-02 4.289545e-02
1.155578e-01 1.878036e-02 4.291875e-02
1.160580e-01 1.874896e-02 4.294203e-02
1.165583e-01 1.871763e-02 4.296528e-02
1.170585e-01 1.868637e-02 4.298848e-02
1.175588e-01 1.865517e-02 4.301162e-02
1.180590e-01 1.862405e-02 4.303468e-02
1.185593e-01 1.859300e-02 4.305765e-02
1.190595e-01 1.856201e-02 4.308055e-02
1.195598e-01 1.853110e-02 4.310338e-02
1.200600e-01 1.850025e-02 4.312617e-02
1.205603e-01 1.846947e-02 4.314892e-02
1.210605e-01 1.843875e-02 4.317165e-02
1.215608e-01 1.840810e-02 4.319436e-02
1.220610e-01 1.837752e-02 4.321706e-02
1.225613e-01 1.834701e-02 4.323972e-02
1.230615e-01 1.831656e-02 4.326234e-02
1.235618e-01 1.828618e-02 4.328489e-02
1.240620e-01 1.825586e-02 4.330738e-02
1.245623e-01 1.822560e-02 4.332979e-02
1.250625e-01 1.819542e-02 4.335213e-02
1.255628e-01 1.816529e-02 4.337441e-02
1.260630e-01 1.813523e-02 4.339664e-02
1.265633e-01 1.810523e-02 4.341884e-02
1.270635e-01 1.807530e-02 4.344102e-02
1.275638e-01 1.804543e-02 4.346318e-02
1.280640e-01 1.801562e-02 4.348532e-02
1.285643e-01 1.798587e-02 4.350743e-02
1.290645e-01 1.795619e-02 4.352950e-02
1.295648e-01 1.792656e-02 4.355152e-02
1.300650e-01 1.789700e-02 4.357347e-02
1.305653e-01 1.786750e-02 4.359536e-02
1.310655e-01 1.783806e-02 4.361718e-02
1.315658e-01 1.780868e-02 4.363894e-02
1.320660e-01 1.777937e-02 4.366065e-02
1.325663e-01 1.775011e-02 4.368233e-02
1.330665e-01 1.772091e-02 4.370398e-02
1.335668e-01 1.769177e-02 4.372561e-02
1.340670e-01 1.766269e-02 4.374722e-02
1.345673e-01 1.763367e-02 4.376881e-02
1.350675e-01 1.760471e-02 4.379036e-02
1.355678e-01 1.757581e-02 4.381187e-02
1.360680e-01 1.754696e-02 4.383332e-02
1.365683e-01 1.751817e-02 4.385472e-02
1.370685e-01 1.748944e-02 4.387605e-02
1.375688e-01 1.746077e-02 4.389733e-02
1.380690e-01 1.743216e-02 4.391855e-02
1.385693e-01 1.740360e-02 4.393973e-02
1.390695e-01 1.737510e-02 4.396088e-02
1.395698e-01 1.734666e-02 4.398201e-02
1.400700e-01 1.731827e-02 4.400312e-02
1.405703e-01 1.728994e-02 4.402420e-02
1.410705e-01 1.726166e-02 4.404526e-02
1.415708e-01 1.723344e-02 4.406628e-02
1.420710e-01 1.720528e-02 4.408726e-02
1.425713e-01 1.717717e-02 4.410819e-02
1.430715e-01 1.714912e-02 4.412906e-02
1.435718e-01 1.712112e-02 4.414988e-02
1.440720e-01 1.709317e-02 4.417064e-02
1.445723e-01 1.706528e-02 4.419136e-02
1.450725e-01 1.703745e-02 4.421204e-02
1.455728e-01 1.700966e-02 4.423269e-02
1.460730e-01 1.698194e-02 4.425331e-02
1.465733e-01 1.695426e-02 4.427392e-02
1.470735e-01 1.692664e-02 4.429450e-02
1.475738e-01 1.689907e-02 4.431505e-02
1.480740e-01 1.687156e-02 4.433557e-02
1.485743e-01 1.684410e-02 4.435605e-02
1.490745e-01 1.681669e-02 4.437649e-02
1.495748e-01 1.678933e-02 4.439687e-02
1.500750e-01 1.676202e-02 4.441720e-02
1.505753e-01 1.673477e-02 4.443749e-02
1.510755e-01 1.670757e-02 4.445772e-02
1.515758e-01 1.668042e-02 4.447792e-02
1.520760e-01 1.665332e-02 4.449809e-02
1.525763e-01 1.662627e-02 4.451823e-02
1.530765e-01 1.659928e-02 4.453835e-02
1.535768e-01 1.657233e-02 4.455845e-02
1.540770e-01 1.654544e-02 4.457852e-02
1.545773e-01 1.651860e-02 4.459857e-02
1.550775e-01 1.649180e-02 4.461857e-02
1.555778e-01 1.646506e-02 4.463854e-02
1.560780e-01 1.643837e-02 4.465846e-02
1.565783e-01 1.641173e-02 4.467833e-02
1.570785e-01 1.638513e-02 4.469816e-02
1.575788e-01 1.635859e-02 4.471794e-02
1.580790e-01 1.633210e-02 4.473768e-02
1.585793e-01 1.630565e-02 4.475739e-02
1.590795e-01 1.627926e-02 4.477707e-02
1.595798e-01 1.625291e-02 4.479672e-02
1.600800e-01 1.622661e-02 4.481636e-02
1.605803e-01 1.620036e-02 4.483597e-02
1.610805e-01 1.617416e-02 4.485555e-02
1.615808e-01 1.614801e-02 4.487511e-02
1.620810e-01 1.612191e-02 4.489462e-02
1.625813e-01 1.609585e-02 4.491410e-02
1.630815e-01 1.606984e-02 4.493353e-02
1.635818e-01 1.604388e-02 4.495292e-02
1.640820e-01 1.601797e-02 4.497227e-02
1.645823e-01 1.599210e-02 4.499158e-02
1.650825e-01 1.596629e-02 4.501084e-02
1.655828e-01 1.594052e-02 4.503008e-02
1.660830e-01 1.591479e-02 4.504929e-02
1.665833e-01 1.588911e-02 4.506848e-02
1.670835e-01 1.586348e-02 4.508765e-02
1.675838e-01 1.583790e-02 4.510679e-02
1.680840e-01 1.581236e-02 4.512591e-02
1.685843e-01 1.578687e-02 4.514499e-02
1.690845e-01 1.576143e-02 4.516404e-02
1.695848e-01 1.573603e-02 4.518305e-02
1.700850e-01 1.571068e-02 4.520203e-02
1.705853e-01 1.568537e-02 4.522096e-02
1.710855e-01 1.566011e-02 4.523985e-02
1.715858e-01 1.563489e-02 4.525870e-02
1.720860e-01 1.560972e-02 4.527752e-02
1.725863e-01 1.558460e-02 4.529630e-02
1.730865e-01 1.555952e-02 4.531506e-02
1.735868e-01 1.553448e-02 4.533380e-02
1.740870e-01 1.550949e-02 4.535251e-02
1.745873e-01 1.548455e-02 4.537120e-02
1.750875e-01 1.545965e-02 4.538987e-02
1.755878e-01 1.543479e-02 4.540850e-02
1.760880e-01 1.540998e-02 4.542711e-02
1.765883e-01 1.538521e-02 4.544568e-02
1.770885e-01 1.536049e-02 4.546421e-02
1.775888e-01 1.533581e-02 4.548270e-02
1.780890e-01 1.531118e-02 4.550116e-02
1.785893e-01 1.528659e-02 4.551957e-02
1.790895e-01 1.526204e-02 4.553796e-02
1.795898e-01 1.523754e-02 4.555631e-02
1.800900e-01 1.521308e-02 4.557463e-02
1.805903e-01 1.518866e-02 4.559293e-02
1.810905e-01 1.516428e-02 4.561121e-02
1.815908e-01 1.513995e-02 4.562946e-02
1.820910e-01 1.511567e-02 4.564769e-02
1.825913e-01 1.509142e-02 4.566590e-02
1.830915e-01 1.506722e-02 4.568407e-02
1.835918e-01 1.504306e-02 4.570221e-02
1.840920e-01 1.501894e-02 4.572032e-02
1.845923e-01 1.499487e-02 4.573839e-02
1.850925e-01 1.497084e-02 4.575643e-02
1.855928e-01 1.494685e-02 4.577443e-02
1.860930e-01 1.492290e-02 4.579239e-02
1.865933e-01 1.489900e-02 4.581033e-02
1.870935e-01 1.487513e-02 4.582823e-02
1.875938e-01 1.485131e-02 4.584611e-02
1.880940e-01 1.482753e-02 4.586397e-02
1.885943e-01 1.480379e-02 4.588180e-02
1.890945e-01 1.478010e-02 4.589961e-02
1.895948e-01 1.475644e-02 4.591739e-02
1.900950e-01 1.473283e-02 4.593515e-02
1.905953e-01 1.470926e-02 4.595288e-02
1.910955e-01 1.468572e-02 4.597058e-02
1.915958e-01 1.466223e-02 4.598825e-02
1.920960e-01 1.463878e-02 4.600588e-02
1.925963e-01 1.461538e-02 4.602348e-02
1.930965e-01 1.459201e-02 4.604104e-02
1.935968e-01 1.456868e-02 4.605857e-02
1.940970e-01 1.454540e-02 4.607607e-02
1.945973e-01 1.452215e-02 4.609355e-02
1.950975e-01 1.449894e-02 4.611099e-02
1.955978e-01 1.447578e-02 4.612842e-02
1.960980e-01 1.445265e-02 4.614582e-02
1.965983e-01 1.442957e-02 4.616320e-02
1.970985e-01 1.440652e-02 4.618055e-02
1.975988e-01 1.438352e-02 4.619788e-02
1.980990e-01 1.436055e-02 4.621518e-02
1.985993e-01 1.433763e-02 4.623245e-02
1.990995e-01 1.431474e-02 4.624970e-02
1.995998e-01 1.429189e-02 4.626690e-02
2.001001e-01 1.426909e-02 4.628408e-02
2.006003e-01 1.424632e-02 4.630123e-02
2.011006e-01 1.422359e-02 4.631834e-02
2.016008e-01 1.420090e-02 4.633542e-02
2.021011e-01 1.417825e-02 4.635248e-02
2.026013e-01 1.415564e-02 4.636951e-02
2.031016e-01 1.413307e-02 4.638651e-02
2.036018e-01 1.411053e-02 4.640350e-02
2.041021e-01 1.408804e-02 4.642046e-02
2.046023e-01 1.406558e-02 4.643740e-02
2.051026e-01 1.404317e-02 4.645431e-02
2.056028e-01 1.402079e-02 4.647120e-02
2.061031e-01 1.399845e-02 4.648806e-02
2.066033e-01 1.397615e-02 4.650489e-02
2.071036e-01 1.395388e-02 4.652169e-02
2.076038e-01 1.393166e-02 4.653846e-02
2.081041e-01 1.390947e-02 4.655520e-02
2.086043e-01 1.388732e-02 4.657191e-02
2.091046e-01 1.386521e-02 4.658859e-02
2.096048e-01 1.384313e-02 4.660524e-02
2.101051e-01 1.382110e-02 4.662187e-02
2.106053e-01 1.379910e-02 4.663847e-02
2.111056e-01 1.377714e-02 4.665504e-02
2.116058e-01 1.375522e-02 4.667160e-02
2.121061e-01 1.373333e-02 4.668813e-02
2.126063e-01 1.371148e-02 4.670464e-02
2.131066e-01 1.368967e-02 4.672113e-02
2.136068e-01 1.366790e-02 4.673759e-02
2.141071e-01 1.364616e-02 4.675402e-02
2.146073e-01 1.362446e-02 4.677043e-02
2.151076e-01 1.360280e-02 4.678681e-02
2.156078e-01 1.358117e-02 4.680315e-02
2.161081e-01 1.355958e-02 4.681947e-02
2.166083e-01 1.353803e-02 4.683576e-02
2.171086e-01 1.351651e-02 4.685202e-02
2.176088e-01 1.349503e-02 4.686826e-02
2.181091e-01 1.347359e-02 4.688447e-02
2.186093e-01 1.345219e-02 4.690065e-02
2.191096e-01 1.343082e-02 4.691681e-02
2.196098e-01 1.340948e-02 4.693295e-02
2.201101e-01 1.338819e-02 4.694907e-02
2.206103e-01 1.336692e-02 4.696517e-02
2.211106e-01 1.334570e-02 4.698124e-02
2.216108e-01 1.332451e-02 4.699728e-02
2.221111e-01 1.330336e-02 4.701331e-02
2.226113e-01 1.328224e-02 4.702930e-02
2.231116e-01 1.326116e-02 4.704527e-02
2.236118e-01 1.324011e-02 4.706121e-02
2.241121e-01 1.321910e-02 4.707712e-02
2.246123e-01 1.319813e-02 4.709300e-02
2.251126e-01 1.317719e-02 4.710886e-02
2.256128e-01 1.315629e-02 4.712469e-02
2.261131e-01 1.313542e-02 4.714049e-02
2.266133e-01 1.311459e-02 4.715627e-02
2.271136e-01 1.309379e-02 4.717203e-02
2.276138e-01 1.307303e-02 4.718777e-02
2.281141e-01 1.305230e-02 4.720348e-02
2.286143e-01 1.303161e-02 4.721918e-02
2.291146e-01 1.301095e-02 4.723485e-02
2.296148e-01 1.299033e-02 4.725049e-02
2.301151e-01 1.296974e-02 4.726611e-02
2.306153e-01 1.294919e-02 4.728171e-02
2.311156e-01 1.292867e-02 4.729728e-02
2.316158e-01 1.290818e-02 4.731282e-02
2.321161e-01 1.288773e-02 4.732834e-02
2.326163e-01 1.286732e-02 4.734383e-02
2.331166e-01 1.284694e-02 4.735929e-02
2.336168e-01 1.282659e-02 4.737473e-02
2.341171e-01 1.280628e-02 4.739015e-02
2.346173e-01 1.278600e-02 4.740554e-02
2.351176e-01 1.276576e-02 4.742090e-02
2.356178e-01 1.274555e-02 4.743625e-02
2.361181e-01 1.272538e-02 4.745157e-02
2.366183e-01 1.270523e-02 4.746687e-02
2.371186e-01 1.268513e-02 4.748215e-02
2.376188e-01 1.266505e-02 4.749741e-02
2.381191e-01 1.264501e-02 4.751264e-02
2.386193e-01 1.262501e-02 4.752785e-02
2.391196e-01 1.260503e-02 4.754303e-02
2.396198e-01 1.258510e-02 4.755819e-02
2.401201e-01 1.256519e-02 4.757333e-02
2.406203e-01 1.254532e-02 4.758844e-02
2.411206e-01 1.252548e-02 4.760352e-02
2.416208e-01 1.250567e-02 4.761858e-02
2.421211e-01 1.248590e-02 4.763361e-02
2.426213e-01 1.246616e-02 4.764862e-02
2.431216e-01 1.244646e-02 4.766360e-02
2.436218e-01 1.242678e-02 4.767857e-02
2.441221e-01 1.240714e-02 4.769351e-02
2.446223e-01 1.238754e-02 4.770843e-02
2.451226e-01 1.236796e-02 4.772333e-02
2.456228e-01 1.234842e-02 4.773821e-02
2.461231e-01 1.232891e-02 4.775306e-02
2.466233e-01 1.230944e-02 4.776790e-02
2.471236e-01 1.228999e-02 4.778271e-02
2.476238e-01 1.227058e-02 4.779749e-02
2.481241e-01 1.225121e-02 4.781225e-02
2.486243e-01 1.223186e-02 4.782699e-02
2.491246e-01 1.221255e-02 4.784170e-02
2.496248e-01 1.219327e-02 4.785639e-02
2.501251e-01 1.217402e-02 4.787106e-02
2.506253e-01 1.215480e-02 4.788570e-02
2.511256e-01 1.213562e-02 4.790031e-02
2.516258e-01 1.211646e-02 4.791491e-02
2.521261e-01 1.209734e-02 4.792948e-02
2.526263e-01 1.207826e-02 4.794403e-02
2.531266e-01 1.205920e-02 4.795856e-02
2.536268e-01 1.204018e-02 4.797307e-02
2.541271e-01 1.202118e-02 4.798755e-02
2.546273e-01 1.200222e-02 4.800202e-02
2.551276e-01 1.198329e-02 4.801647e-02
2.556278e-01 1.196439e-02 4.803089e-02
2.561281e-01 1.194553e-02 4.804529e-02
2.566283e-01 1.192669e-02 4.805966e-02
2.571286e-01 1.190789e-02 4.807402e-02
2.576288e-01 1.188912e-02 4.808834e-02
2.581291e-01 1.187038e-02 4.810265e-02
2.586293e-01 1.185167e-02 4.811693e-02
2.591296e-01 1.183299e-02 4.813119e-02
2.596298e-01 1.181435e-02 4.814543e-02
2.601301e-01 1.179573e-02 4.815964e-02
2.606303e-01 1.177714e-02 4.817383e-02
2.611306e-01 1.175859e-02 4.818800e-02
2.616308e-01 1.174007e-02 4.820215e-02
2.621311e-01 1.172158e-02 4.821628e-02
2.626313e-01 1.170312e-02 4.823039e-02
2.631316e-01 1.168469e-02 4.824447e-02
2.636318e-01 1.166629e-02 4.825854e-02
2.641321e-01 1.164792e-02 4.827259e-02
2.646323e-01 1.162958e-02 4.828661e-02
2.651326e-01 1.161127e-02 4.830061e-02
2.656328e-01 1.159299e-02 4.831459e-02
2.661331e-01 1.157475e-02 4.832855e-02
2.666333e-01 1.155653e-02 4.834248e-02
2.671336e-01 1.153835e-02 4.835639e-02
2.676338e-01 1.152019e-02 4.837028e-02
2.681341e-01 1.150206e-02 4.838414e-02
2.686343e-01 1.148397e-02 4.839798e-02
2.691346e-01 1.146590e-02 4.841181e-02
2.696348e-01 1.144787e-02 4.842561e-02
2.701351e-01 1.142986e-02 4.843939e-02
2.706353e-01 1.141189e-02 4.845315e-02
2.711356e-01 1.139394e-02 4.846689e-02
2.716358e-01 1.137603e-02 4.848060e-02
2.721361e-01 1.135814e-02 4.849430e-02
2.726363e-01 1.134029e-02 4.850798e-02
2.731366e-01 1.132246e-02 4.852164e-02
2.736368e-01 1.130466e-02 4.853528e-02
2.741371e-01 1.128690e-02 4.854889e-02
2.746373e-01 1.126916e-02 4.856248e-02
2.751376e-01 1.125145e-02 4.857606e-02
2.756378e-01 1.123377e-02 4.858961e-02
2.761381e-01 1.121612e-02 4.860313e-02
2.766383e-01 1.119850e-02 4.861664e-02
2.771386e-01 1.118091e-02 4.863012e-02
2.776388e-01 1.116335e-02 4.864359e-02
2.781391e-01 1.114582e-02 4.865703e-02
2.786393e-01 1.112832e-02 4.867045e-02
2.791396e-01 1.111084e-02 4.868385e-02
2.796398e-01 1.109340e-02 4.869723e-02
2.801401e-01 1.107598e-02 4.871059e-02
2.806403e-01 1.105859e-02 4.872393e-02
2.811406e-01 1.104124e-02 4.873725e-02
2.816408e-01 1.102391e-02 4.875055e-02
2.821411e-01 1.100661e-02 4.876383e-02
2.826413e-01 1.098933e-02 4.877709e-02
2.831416e-01 1.097209e-02 4.879033e-02
2.836418e-01 1.095488e-02 4.880355e-02
2.841421e-01 1.093769e-02 4.881675e-02
2.846423e-01 1.092053e-02 4.882993e-02
2.851426e-01 1.090340e-02 4.884309e-02
2.856428e-01 1.088630e-02 4.885622e-02
2.861431e-01 1.086923e-02 4.886933e-02
2.866433e-01 1.085219e-02 4.888243e-02
2.871436e-01 1.083517e-02 4.889550e-02
2.876438e-01 1.081818e-02 4.890855e-02
2.881441e-01 1.080122e-02 4.892158e-02
2.886443e-01 1.078429e-02 4.893459e-02
2.891446e-01 1.076739e-02 4.894759e-02
2.896448e-01 1.075051e-02 4.896056e-02
2.901451e-01 1.073367e-02 4.897351e-02
2.906453e-01 1.071685e-02 4.898645e-02
2.911456e-01 1.070006e-02 4.899936e-02
2.916458e-01 1.068329e-02 4.901226e-02
2.921461e-01 1.066656e-02 4.902514e-02
2.926463e-01 1.064985e-02 4.903799e-02
2.931466e-01 1.063317e-02 4.905083e-02
2.936468e-01 1.061651e-02 4.906364e-02
2.941471e-01 1.059989e-02 4.907644e-02
2.946473e-01 1.058329e-02 4.908921e-02
2.951476e-01 1.056672e-02 4.910197e-02
2.956478e-01 1.055018e-02 4.911470e-02
2.961481e-01 1.053366e-02 4.912741e-02
2.966483e-01 1.051718e-02 4.914011e-02
2.971486e-01 1.050071e-02 4.915278e-02
2.976488e-01 1.048428e-02 4.916543e-02
2.981491e-01 1.046787e-02 4.917807e-02
2.986493e-01 1.045150e-02 4.919069e-02
2.991496e-01 1.043514e-02 4.920328e-02
2.996498e-01 1.041882e-02 4.921586e-02
3.001501e-01 1.040252e-02 4.922842e-02
3.006503e-01 1.038625e-02 4.924096e-02
3.011506e-01 1.037001e-02 4.925348e-02
3.016508e-01 1.035379e-02 4.926599e-02
3.021511e-01 1.033760e-02 4.927847e-02
3.026513e-01 1.032143e-02 4.929093e-02
3.031516e-01 1.030530e-02 4.930338e-02
3.036518e-01 1.028919e-02 4.931580e-02
3.041521e-01 1.027310e-02 4.932820e-02
3.046523e-01 1.025705e-02 4.934059e-02
3.051526e-01 1.024102e-02 4.935295e-02
3.056528e-01 1.022501e-02 4.936530e-02
3.061531e-01 1.020904e-02 4.937762e-02
3.066533e-01 1.019308e-02 4.938993e-02
3.071536e-01 1.017716e-02 4.940222e-02
3.076538e-01 1.016126e-02 4.941449e-02
3.081541e-01 1.014539e-02 4.942674e-02
3.086543e-01 1.012954e-02 4.943897e-02
3.091546e-01 1.011372e-02 4.945118e-02
3.096548e-01 1.009793e-02 4.946338e-02
3.101551e-01 1.008216e-02 4.947556e-02
3.106553e-01 1.006642e-02 4.948772e-02
3.111556e-01 1.005071e-02 4.949986e-02
3.116558e-01 1.003502e-02 4.951198e-02
3.121561e-01 1.001935e-02 4.952408e-02
3.126563e-01 1.000372e-02 4.953616e-02
3.131566e-01 9.988104e-03 4.954823e-02
3.136568e-01 9.972518e-03 4.956027e-02
3.141571e-01 9.956958e-03 4.957230e-02
3.146573e-01 9.941424e-03 4.958430e-02
3.151576e-01 9.925915e-03 4.959629e-02
3.156578e-01 9.910432e-03 4.960826e-02
3.161581e-01 9.894974e-03 4.962021e-02
3.166583e-01 9.879542e-03 4.963214e-02
3.171586e-01 9.864135e-03 4.964406e-02
3.176588e-01 9.848754e-03 4.965595e-02
3.181591e-01 9.833398e-03 4.966783e-02
3.186593e-01 9.818068e-03 4.967969e-02
3.191596e-01 9.802763e-03 4.969153e-02
3.196598e-01 9.787483e-03 4.970336e-02
3.201601e-01 9.772228e-03 4.971516e-02
3.206603e-01 9.756998e-03 4.972695e-02
3.211606e-01 9.741794e-03 4.973872e-02
3.216608e-01 9.726615e-03 4.975047e-02
3.221611e-01 9.711461e-03 4.976220e-02
3.226613e-01 9.696331e-03 4.977392e-02
3.231616e-01 9.681227e-03 4.978562e-02
3.236618e-01 9.666148e-03 4.979729e-02
3.241621e-01 9.651093e-03 4.980895e-02
3.246623e-01 9.636064e-03 4.982060e-02
3.251626e-01 9.621059e-03 4.983222e-02
3.256628e-01 9.606079e-03 4.984382e-02
3.261631e-01 9.591123e-03 4.985541e-02
3.266633e-01 9.576193e-03 4.986698e-02
3.271636e-01 9.561286e-03 4.987853e-02
3.276638e-01 9.546405e-03 4.989006e-02
3.281641e-01 9.531548e-03 4.990158e-02
3.286643e-01 9.516715e-03 4.991308e-02
3.291646e-01 9.501907e-03 4.992456e-02
3.296648e-01 9.487124e-03 4.993602e-02
3.301651e-01 9.472365e-03 4.994747e-02
3.306653e-01 9.457630e-03 4.995889e-02
3.311656e-01 9.442919e-03 4.997031e-02
3.316658e-01 9.428233e-03 4.998170e-02
3.321661e-01 9.413571e-03 4.999307e-02
3.326663e-01 9.398933e-03 5.000443e-02
3.331666e-01 9.384319e-03 5.001577e-02
3.336668e-01 9.369729e-03 5.002710e-02
3.341671e-01 9.355163e-03 5.003840e-02
3.346673e-01 9.340621e-03 5.004969e-02
3.351676e-01 9.326104e-03 5.006096e-02
3.356678e-01 9.311610e-03 5.007221e-02
3.361681e-01 9.297140e-03 5.008344e-02
3.366683e-01 9.282694e-03 5.009466e-02
3.371686e-01 9.268271e-03 5.010586e-02
3.376688e-01 9.253873e-03 5.011704e-02
3.381691e-01 9.239498e-03 5.012820e-02
3.386693e-01 9.225147e-03 5.013935e-02
3.391696e-01 9.210819e-03 5.015048e-02
3.396698e-01 9.196515e-03 5.016160e-02
3.401701e-01 9.182235e-03 5.017269e-02
3.406703e-01 9.167978e-03 5.018377e-02
3.411706e-01 9.153745e-03 5.019484e-02
3.416708e-01 9.139535e-03 5.020588e-02
3.421711e-01 9.125348e-03 5.021691e-02
3.426713e-01 9.111185e-03 5.022792e-02
3.431716e-01 9.097045e-03 5.023892e-02
3.436718e-01 9.082929e-03 5.024989e-02
3.441721e-01 9.068835e-03 5.026086e-02
3.446723e-01 9.054765e-03 5.027180e-02
3.451726e-01 9.040718e-03 5.028272e-02
3.456728e-01 9.026694e-03 5.029363e-02
3.461731e-01 9.012693e-03 5.030453e-02
3.466733e-01 8.998716e-03 5.031540e-02
3.471736e-01 8.984761e-03 5.032626e-02
3.476738e-01 8.970829e-03 5.033710e-02
3.481741e-01 8.956920e-03 5.034792e-02
3.486743e-01 8.943034e-03 5.035873e-02
3.491746e-01 8.929171e-03 5.036952e-02
3.496748e-01 8.915331e-03 5.038030e-02
3.501751e-01 8.901514e-03 5.039106e-02
3.506753e-01 8.887719e-03 5.040180e-02
3.511756e-01 8.873947e-03 5.041252e-02
3.516758e-01 8.860197e-03 5.042323e-02
3.521761e-01 8.846471e-03 5.043393e-02
3.526763e-01 8.832766e-03 5.044460e-02
3.531766e-01 8.819085e-03 5.045526e-02
3.536768e-01 8.805426e-03 5.046590e-02
3.541771e-01 8.791789e-03 5.047653e-02
3.546773e-01 8.778175e-03 5.048714e-02
3.551776e-01 8.764583e-03 5.049773e-02
3.556778e-01 8.751013e-03 5.050831e-02
3.561781e-01 8.737466e-03 5.051887e-02
3.566783e-01 8.723941e-03 5.052941e-02
3.571786e-01 8.710438e-03 5.053994e-02
3.576788e-01 8.696958e-03 5.055045e-02
3.581791e-01 8.683499e-03 5.056095e-02
3.586793e-01 8.670063e-03 5.057143e-02
3.591796e-01 8.656649e-03 5.058189e-02
3.596798e-01 8.643257e-03 5.059233e-02
3.601801e-01 8.629887e-03 5.060276e-02
3.606803e-01 8.616539e-03 5.061318e-02
3.611806e-01 8.603213e-03 5.062358e-02
3.616808e-01 8.589909e-03 5.063396e-02
3.621811e-01 8.576626e-03 5.064433e-02
3.626813e-01 8.563366e-03 5.065468e-02
3.631816e-01 8.550127e-03 5.066501e-02
3.636818e-01 8.536910e-03 5.067533e-02
3.641821e-01 8.523715e-03 5.068563e-02
3.646823e-01 8.510541e-03 5.069592e-02
3.651826e-01 8.497389e-03 5.070619e-02
3.656828e-01 8.484259e-03 5.071644e-02
3.661831e-01 8.471150e-03 5.072668e-02
3.666833e-01 8.458063e-03 5.073691e-02
3.671836e-01 8.444998e-03 5.074711e-02
3.676838e-01 8.431953e-03 5.075730e-02
3.681841e-01 8.418931e-03 5.076748e-02
3.686843e-01 8.405929e-03 5.077764e-02
3.691846e-01 8.392949e-03 5.078778e-02
3.696848e-01 8.379990e-03 5.079791e-02
3.701851e-01 8.367053e-03 5.080802e-02
3.706853e-01 8.354137e-03 5.081812e-02
3.711856e-01 8.341242e-03 5.082820e-02
3.716858e-01 8.328368e-03 5.083826e-02
3.721861e-01 8.315515e-03 5.084831e-02
3.726863e-01 8.302684e-03 5.085835e-02
3.731866e-01 8.289873e-03 5.086837e-02
3.736868e-01 8.277084e-03 5.087837e-02
3.741871e-01 8.264315e-03 5.088836e-02
3.746873e-01 8.251568e-03 5.089833e-02
3.751876e-01 8.238841e-03 5.090829e-02
3.756878e-01 8.226136e-03 5.091823e-02
3.761881e-01 8.213451e-03 5.092816e-02
3.766883e-01 8.200787e-03 5.093807e-02
3.771886e-01 8.188144e-03 5.094797e-02
3.776888e-01 8.175521e-03 5.095785e-02
3.781891e-01 8.162920e-03 5.096771e-02
3.786893e-01 8.150339e-03 5.097756e-02
3.791896e-01 8.137778e-03 5.098739e-02
3.796898e-01 8.125238e-03 5.099721e-02
3.801901e-01 8.112719e-03 5.100702e-02
3.806903e-01 8.100221e-03 5.101680e-02
3.811906e-01 8.087743e-03 5.102658e-02
3.816908e-01 8.075285e-03 5.103634e-02
3.821911e-01 8.062848e-03 5.104608e-02
3.826913e-01 8.050431e-03 5.105581e-02
3.831916e-01 8.038034e-03 5.106552e-02
3.836918e-01 8.025658e-03 5.107522e-02
3.841921e-01 8.013303e-03 5.108490e-02
3.846923e-01 8.000967e-03 5.109457e-02
3.851926e-01 7.988652e-03 5.110423e-02
3.856928e-01 7.976357e-03 5.111386e-02
3.861931e-01 7.964082e-03 5.112349e-02
3.866933e-01 7.951827e-03 5.113310e-02
3.871936e-01 7.939592e-03 5.114269e-02
3.876938e-01 7.927378e-03 5.115227e-02
3.881941e-01 7.915183e-03 5.116183e-02
3.886943e-01 7.903009e-03 5.117138e-02
3.891946e-01 7.890854e-03 5.118092e-02
3.896948e-01 7.878719e-03 5.119044e-02
3.901951e-01 7.866605e-03 5.119994e-02
3.906953e-01 7.854510e-03 5.120943e-02
3.911956e-01 7.842435e-03 5.121891e-02
3.916958e-01 7.830379e-03 5.122837e-02
3.921961e-01 7.818344e-03 5.123781e-02
3.926963e-01 7.806328e-03 5.124725e-02
3.931966e-01 7.794332e-03 5.125666e-02
3.936968e-01 7.782355e-03 5.126606e-02
3.941971e-01 7.770399e-03 5.127545e-02
3.946973e-01 7.758461e-03 5.128483e-02
3.951976e-01 7.746544e-03 5.129418e-02
3.956978e-01 7.734646e-03 5.130353e-02
3.961981e-01 7.722767e-03 5.131286e-02
3.966983e-01 7.710908e-03 5.132217e-02
3.971986e-01 7.699068e-03 5.133148e-02
3.976988e-01 7.687248e-03 5.134076e-02
3.981991e-01 7.675447e-03 5.135004e-02
3.986993e-01 7.663666e-03 5.135929e-02
3.991996e-01 7.651904e-03 5.136854e-02
3.996998e-01 7.640161e-03 5.137777e-02
4.002001e-01 7.628437e-03 5.138698e-02
4.007004e-01 7.616732e-03 5.139618e-02
4.012006e-01 7.605047e-03 5.140537e-02
4.017009e-01 7.593381e-03 5.141454e-02
4.022011e-01 7.581734e-03 5.142370e-02
4.027014e-01 7.570106e-03 5.143284e-02
4.032016e-01 7.558497e-03 5.144197e-02
4.037019e-01 7.546907e-03 5.145109e-02
4.042021e-01 7.535336e-03 5.146019e-02
4.047024e-01 7.523784e-03 5.146927e-02
4.052026e-01 7.512251e-03 5.147835e-02
4.057029e-01 7.500737e-03 5.148741e-02
4.062031e-01 7.489241e-03 5.149645e-02
4.067034e-01 7.477765e-03 5.150548e-02
4.072036e-01 7.466307e-03 5.151450e-02
4.077039e-01 7.454868e-03 5.152350e-02
4.082041e-01 7.443448e-03 5.153249e-02
4.087044e-01 7.432047e-03 5.154147e-02
4.092046e-01 7.420664e-03 5.155043e-02
4.097049e-01 7.409300e-03 5.155938e-02
4.102051e-01 7.397954e-03 5.156831e-02
4.107054e-01 7.386627e-03 5.157723e-02
4.112056e-01 7.375319e-03 5.158614e-02
4.117059e-01 7.364029e-03 5.159503e-02
4.122061e-01 7.352757e-03 5.160391e-02
4.127064e-01 7.341504e-03 5.161277e-02
4.132066e-01 7.330270e-03 5.162162e-02
4.137069e-01 7.319053e-03 5.163046e-02
4.142071e-01 7.307856e-03 5.163928e-02
4.147074e-01 7.296676e-03 5.164809e-02
4.152076e-01 7.285515e-03 5.165689e-02
4.157079e-01 7.274372e-03 5.166567e-02
4.162081e-01 7.263247e-03 5.167444e-02
4.167084e-01 7.252141e-03 5.168320e-02
4.172086e-01 7.241052e-03 5.169194e-02
4.177089e-01 7.229982e-03 5.170067e-02
4.182091e-01 7.218930e-03 5.170938e-02
4.187094e-01 7.207896e-03 5.171808e-02
4.192096e-01 7.196880e-03 5.172677e-02
4.197099e-01 7.185882e-03 5.173544e-02
4.202101e-01 7.174902e-03 5.174410e-02
4.207104e-01 7.163940e-03 5.175275e-02
4.212106e-01 7.152996e-03 5.176139e-02
4.217109e-01 7.142070e-03 5.177001e-02
4.222111e-01 7.131162e-03 5.177861e-02
4.227114e-01 7.120271e-03 5.178721e-02
4.232116e-01 7.109399e-03 5.179579e-02
4.237119e-01 7.098544e-03 5.180436e-02
4.242121e-01 7.087707e-03 5.181291e-02
4.247124e-01 7.076888e-03 5.182145e-02
4.252126e-01 7.066086e-03 5.182998e-02
4.257129e-01 7.055302e-03 5.183849e-02
4.262131e-01 7.044536e-03 5.184699e-02
4.267134e-01 7.033787e-03 5.185548e-02
4.272136e-01 7.023056e-03 5.186396e-02
4.277139e-01 7.012342e-03 5.187242e-02
4.282141e-01 7.001646e-03 5.188087e-02
4.287144e-01 6.990967e-03 5.188930e-02
4.292146e-01 6.980306e-03 5.189772e-02
4.297149e-01 6.969662e-03 5.190613e-02
4.302151e-01 6.959036e-03 5.191453e-02
4.307154e-01 6.948427e-03 5.192291e-02
4.312156e-01 6.937835e-03 5.193128e-02
4.317159e-01 6.927261e-03 5.193964e-02
4.322161e-01 6.916704e-03 5.194799e-02
4.327164e-01 6.906164e-03 5.195632e-02
4.332166e-01 6.895642e-03 5.196464e-02
4.337169e-01 6.885136e-03 5.197294e-02
4.342171e-01 6.874648e-03 5.198123e-02
4.347174e-01 6.864177e-03 5.198951e-02
4.352176e-01 6.853723e-03 5.199778e-02
4.357179e-01 6.843286e-03 5.200604e-02
4.362181e-01 6.832867e-03 5.201428e-02
4.367184e-01 6.822464e-03 5.202251e-02
4.372186e-01 6.812078e-03 5.203072e-02
4.377189e-01 6.801709e-03 5.203892e-02
4.382191e-01 6.791357e-03 5.204712e-02
4.387194e-01 6.781022e-03 5.205529e-02
4.392196e-01 6.770704e-03 5.206346e-02
4.397199e-01 6.760403e-03 5.207161e-02
4.402201e-01 6.750119e-03 5.207975e-02
4.407204e-01 6.739851e-03 5.208788e-02
4.412206e-01 6.729600e-03 5.209599e-02
4.417209e-01 6.719366e-03 5.210409e-02
4.422211e-01 6.709149e-03 5.211218e-02
4.427214e-01 6.698948e-03 5.212026e-02
4.432216e-01 6.688764e-03 5.212832e-02
4.437219e-01 6.678597e-03 5.213638e-02
4.442221e-01 6.668446e-03 5.214442e-02
4.447224e-01 6.658312e-03 5.215244e-02
4.452226e-01 6.648194e-03 5.216046e-02
4.457229e-01 6.638093e-03 5.216846e-02
4.462231e-01 6.628008e-03 5.217645e-02
4.467234e-01 6.617940e-03 5.218443e-02
4.472236e-01 6.607888e-03 5.219239e-02
4.477239e-01 6.597853e-03 5.220034e-02
4.482241e-01 6.587834e-03 5.220828e-02
4.487244e-01 6.577832e-03 5.221621e-02
4.492246e-01 6.567845e-03 5.222413e-02
4.497249e-01 6.557875e-03 5.223203e-02
4.502251e-01 6.547922e-03 5.223992e-02
4.507254e-01 6.537984e-03 5.224780e-02
4.512256e-01 6.528063e-03 5.225567e-02
4.517259e-01 6.518158e-03 5.226352e-02
4.522261e-01 6.508269e-03 5.227136e-02
4.527264e-01 6.498396e-03 5.227919e-02
4.532266e-01 6.488540e-03 5.228701e-02
4.537269e-01 6.478699e-03 5.229482e-02
4.542271e-01 6.468875e-03 5.230261e-02
4.547274e-01 6.459066e-03 5.231039e-02
4.552276e-01 6.449274e-03 5.231816e-02
4.557279e-01 6.439497e-03 5.232592e-02
4.562281e-01 6.429737e-03 5.233367e-02
4.567284e-01 6.419992e-03 5.234140e-02
4.572286e-01 6.410263e-03 5.234912e-02
4.577289e-01 6.400550e-03 5.235683e-02
4.582291e-01 6.390853e-03 5.236453e-02
4.587294e-01 6.381172e-03 5.237221e-02
4.592296e-01 6.371507e-03 5.237989e-02
4.597299e-01 6.361857e-03 5.238755e-02
4.602301e-01 6.352223e-03 5.239520e-02
4.607304e-01 6.342605e-03 5.240284e-02
4.612306e-01 6.333003e-03 5.241046e-02
4.617309e-01 6.323416e-03 5.241808e-02
4.622311e-01 6.313845e-03 5.242568e-02
4.627314e-01 6.304289e-03 5.243327e-02
4.632316e-01 6.294749e-03 5.244085e-02
4.637319e-01 6.285224e-03 5.244842e-02
4.642321e-01 6.275716e-03 5.245597e-02
4.647324e-01 6.266222e-03 5.246352e-02
4.652326e-01 6.256744e-03 5.247105e-02
4.657329e-01 6.247282e-03 5.247857e-02
4.662331e-01 6.237835e-03 5.248608e-02
4.667334e-01 6.228403e-03 5.249357e-02
4.672336e-01 6.218987e-03 5.250106e-02
4.677339e-01 6.209586e-03 5.250853e-02
4.682341e-01 6.200200e-03 5.251600e-02
4.687344e-01 6.190830e-03 5.252345e-02
4.692346e-01 6.181475e-03 5.253089e-02
4.697349e-01 6.172135e-03 5.253831e-02
4.702351e-01 6.162810e-03 5.254573e-02
4.707354e-01 6.153501e-03 5.255313e-02
4.712356e-01 6.144207e-03 5.256053e-02
4.717359e-01 6.134928e-03 5.256791e-02
4.722361e-01 6.125664e-03 5.257528e-02
4.727364e-01 6.116415e-03 5.258264e-02
4.732366e-01 6.107181e-03 5.258999e-02
4.737369e-01 6.097962e-03 5.259732e-02
4.742371e-01 6.088758e-03 5.260465e-02
4.747374e-01 6.079570e-03 5.261196e-02
4.752376e-01 6.070396e-03 5.261926e-02
4.757379e-01 6.061237e-03 5.262655e-02
4.762381e-01 6.052093e-03 5.263383e-02
4.767384e-01 6.042964e-03 5.264110e-02
4.772386e-01 6.033850e-03 5.264836e-02
4.777389e-01 6.024751e-03 5.265560e-02
4.782391e-01 6.015666e-03 5.266284e-02
4.787394e-01 6.006596e-03 5.267006e-02
4.792396e-01 5.997541e-03 5.267727e-02
4.797399e-01 5.988501e-03 5.268447e-02
4.802401e-01 5.979476e-03 5.269166e-02
4.807404e-01 5.970465e-03 5.269884e-02
4.812406e-01 5.961469e-03 5.270601e-02
4.817409e-01 5.952488e-03 5.271316e-02
4.822411e-01 5.943521e-03 5.272031e-02
4.827414e-01 5.934568e-03 5.272744e-02
4.832416e-01 5.925631e-03 5.273456e-02
4.837419e-01 5.916708e-03 5.274167e-02
4.842421e-01 5.907799e-03 5.274878e-02
4.847424e-01 5.898905e-03 5.275586e-02
4.852426e-01 5.890025e-03 5.276294e-02
4.857429e-01 5.881160e-03 5.277001e-02
4.862431e-01 5.872310e-03 5.277707e-02
4.867434e-01 5.863473e-03 5.278411e-02
4.872436e-01 5.854651e-03 5.279115e-02
4.877439e-01 5.845844e-03 5.279817e-02
4.882441e-01 5.837051e-03 5.280519e-02
4.887444e-01 5.828272e-03 5.281219e-02
4.892446e-01 5.819507e-03 5.281918e-02
4.897449e-01 5.810757e-03 5.282616e-02
4.902451e-01 5.802021e-03 5.283313e-02
4.907454e-01 5.793299e-03 5.284009e-02
4.912456e-01 5.784591e-03 5.284704e-02
4.917459e-01 5.775897e-03 5.285397e-02
4.922461e-01 5.767218e-03 5.286090e-02
4.927464e-01 5.758553e-03 5.286781e-02
4.932466e-01 5.749901e-03 5.287472e-02
4.937469e-01 5.741264e-03 5.288161e-02
4.942471e-01 5.732641e-03 5.288850e-02
4.947474e-01 5.724032e-03 5.289537e-02
4.952476e-01 5.715437e-03 5.290223e-02
4.957479e-01 5.706856e-03 5.290908e-02
4.962481e-01 5.698289e-03 5.291593e-02
4.967484e-01 5.689736e-03 5.292276e-02
4.972486e-01 5.681196e-03 5.292958e-02
4.977489e-01 5.672671e-03 5.293638e-02
4.982491e-01 5.664159e-03 5.294318e-02
4.987494e-01 5.655662e-03 5.294997e-02
4.992496e-01 5.647178e-03 5.295675e-02
4.997499e-01 5.638708e-03 5.296352e-02
5.002501e-01 5.630251e-03 5.297027e-02
5.007504e-01 5.621809e-03 5.297702e-02
5.012506e-01 5.613380e-03 5.298375e-02
5.017509e-01 5.604965e-03 5.299048e-02
5.022511e-01 5.596563e-03 5.299719e-02
5.027514e-01 5.588175e-03 5.300390e-02
5.032516e-01 5.579801e-03 5.301059e-02
5.037519e-01 5.571441e-03 5.301728e-02
5.042521e-01 5.563094e-03 5.302395e-02
5.047524e-01 5.554760e-03 5.303061e-02
5.052526e-01 5.546440e-03 5.303726e-02
5.057529e-01 5.538134e-03 5.304391e-02
5.062531e-01 5.529841e-03 5.305054e-02
5.067534e-01 5.521562e-03 5.305716e-02
5.072536e-01 5.513296e-03 5.306377e-02
5.077539e-01 5.505044e-03 5.307037e-02
5.082541e-01 5.496804e-03 5.307696e-02
5.087544e-01 5.488579e-03 5.308354e-02
5.092546e-01 5.480366e-03 5.309011e-02
5.097549e-01 5.472167e-03 5.309667e-02
5.102551e-01 5.463982e-03 5.310322e-02
5.107554e-01 5.455809e-03 5.310976e-02
5.112556e-01 5.447650e-03 5.311629e-02
5.117559e-01 5.439505e-03 5.312281e-02
5.122561e-01 5.431372e-03 5.312932e-02
5.127564e-01 5.423253e-03 5.313582e-02
5.132566e-01 5.415146e-03 5.314231e-02
5.137569e-01 5.407053e-03 5.314879e-02
5.142571e-01 5.398973e-03 5.315526e-02
5.147574e-01 5.390907e-03 5.316172e-02
5.152576e-01 5.382853e-03 5.316817e-02
5.157579e-01 5.374812e-03 5.317460e-02
5.162581e-01 5.366785e-03 5.318103e-02
5.167584e-01 5.358770e-03 5.318745e-02
5.172586e-01 5.350769e-03 5.319386e-02
5.177589e-01 5.342780e-03 5.320026e-02
5.182591e-01 5.334805e-03 5.320665e-02
5.187594e-01 5.326842e-03 5.321303e-02
5.192596e-01 5.318893e-03 5.321940e-02
5.197599e-01 5.310956e-03 5.322576e-02
5.202601e-01 5.303032e-03 5.323211e-02
5.207604e-01 5.295121e-03 5.323845e-02
5.212606e-01 5.287223e-03 5.324478e-02
5.217609e-01 5.279337e-03 5.325110e-02
5.222611e-01 5.271465e-03 5.325741e-02
5.227614e-01 5.263605e-03 5.326371e-02
5.232616e-01 5.255758e-03 5.327000e-02
5.237619e-01 5.247924e-03 5.327628e-02
5.242621e-01 5.240102e-03 5.328255e-02
5.247624e-01 5.232293e-03 5.328881e-02
5.252626e-01 5.224497e-03 5.329507e-02
5.257629e-01 5.216714e-03 5.330131e-02
5.262631e-01 5.208943e-03 5.330754e-02
5.267634e-01 5.201184e-03 5.331376e-02
5.272636e-01 5.193439e-03 5.331998e-02
5.277639e-01 5.185706e-03 5.332618e-02
5.282641e-01 5.177985e-03 5.333237e-02
5.287644e-01 5.170277e-03 5.333856e-02
5.292646e-01 5.162581e-03 5.334473e-02
5.297649e-01 5.154898e-03 5.335090e-02
5.302651e-01 5.147227e-03 5.335705e-02
5.307654e-01 5.139569e-03 5.336320e-02
5.312656e-01 5.131923e-03 5.336934e-02
5.317659e-01 5.124290e-03 5.337546e-02
5.322661e-01 5.116669e-03 5.338158e-02
5.327664e-01 5.109060e-03 5.338769e-02
5.332666e-01 5.101464e-03 5.339379e-02
5.337669e-01 5.093880e-03 5.339987e-02
5.342671e-01 5.086308e-03 5.340595e-02
5.347674e-01 5.078749e-03 5.341202e-02
5.352676e-01 5.071202e-03 5.341808e-02
5.357679e-01 5.063667e-03 5.342414e-02
5.362681e-01 5.056144e-03 5.343018e-02
5.367684e-01 5.048634e-03 5.343621e-02
5.372686e-01 5.041135e-03 5.344223e-02
5.377689e-01 5.033649e-03 5.344825e-02
5.382691e-01 5.026175e-03 5.345425e-02
5.387694e-01 5.018713e-03 5.346025e-02
5.392696e-01 5.011263e-03 5.346623e-02
5.397699e-01 5.003825e-03 5.347221e-02
5.402701e-01 4.996400e-03 5.347818e-02
5.407704e-01 4.988986e-03 5.348414e-02
5.412706e-01 4.981584e-03 5.349008e-02
5.417709e-01 4.974195e-03 5.349602e-02
5.422711e-01 4.966817e-03 5.350195e-02
5.427714e-01 4.959451e-03 5.350788e-02
5.432716e-01 4.952097e-03 5.351379e-02
5.437719e-01 4.944755e-03 5.351969e-02
5.442721e-01 4.937425e-03 5.352558e-02
5.447724e-01 4.930107e-03 5.353147e-02
5.452726e-01 4.922801e-03 5.353734e-02
5.457729e-01 4.915506e-03 5.354321e-02
5.462731e-01 4.908224e-03 5.354907e-02
5.467734e-01 4.900953e-03 5.355492e-02
5.472736e-01 4.893694e-03 5.356075e-02
5.477739e-01 4.886447e-03 5.356658e-02
5.482741e-01 4.879211e-03 5.357241e-02
5.487744e-01 4.871987e-03 5.357822e-02
5.492746e-01 4.864775e-03 5.358402e-02
5.497749e-01 4.857575e-03 5.358981e-02
5.502751e-01 4.850386e-03 5.359560e-02
5.507754e-01 4.843209e-03 5.360138e-02
5.512756e-01 4.836043e-03 5.360714e-02
5.517759e-01 4.828889e-03 5.361290e-02
5.522761e-01 4.821747e-03 5.361865e-02
5.527764e-01 4.814616e-03 5.362439e-02
5.532766e-01 4.807497e-03 5.363012e-02
5.537769e-01 4.800389e-03 5.363584e-02
5.542771e-01 4.793293e-03 5.364156e-02
5.547774e-01 4.786208e-03 5.364726e-02
5.552776e-01 4.779135e-03 5.365296e-02
5.557779e-01 4.772073e-03 5.365864e-02
5.562781e-01 4.765022e-03 5.366432e-02
5.567784e-01 4.757983e-03 5.366999e-02
5.572786e-01 4.750956e-03 5.367565e-02
5.577789e-01 4.743939e-03 5.368130e-02
5.582791e-01 4.736935e-03 5.368695e-02
5.587794e-01 4.729941e-03 5.369258e-02
5.592796e-01 4.722959e-03 5.369821e-02
5.597799e-01 4.715988e-03 5.370382e-02
5.602801e-01 4.709028e-03 5.370943e-02
5.607804e-01 4.702080e-03 5.371503e-02
5.612806e-01 4.695143e-03 5.372062e-02
5.617809e-01 4.688217e-03 5.372620e-02
5.622811e-01 4.681302e-03 5.373178e-02
5.627814e-01 4.674398e-03 5.373734e-02
5.632816e-01 4.667506e-03 5.374290e-02
5.637819e-01 4.660625e-03 5.374845e-02
5.642821e-01 4.653755e-03 5.375398e-02
5.647824e-01 4.646896e-03 5.375952e-02
5.652826e-01 4.640048e-03 5.376504e-02
5.657829e-01 4.633211e-03 5.377055e-02
5.662831e-01 4.626385e-03 5.377605e-02
5.667834e-01 4.619571e-03 5.378155e-02
5.672836e-01 4.612767e-03 5.378704e-02
5.677839e-01 4.605974e-03 5.379252e-02
5.682841e-01 4.599192e-03 5.379799e-02
5.687844e-01 4.592422e-03 5.380345e-02
5.692846e-01 4.585662e-03 5.380890e-02
5.697849e-01 4.578913e-03 5.381435e-02
5.702851e-01 4.572175e-03 5.381979e-02
5.707854e-01 4.565448e-03 5.382521e-02
5.712856e-01 4.558732e-03 5.383063e-02
5.717859e-01 4.552026e-03 5.383605e-02
5.722861e-01 4.545332e-03 5.384145e-02
5.727864e-01 4.538648e-03 5.384684e-02
5.732866e-01 4.531975e-03 5.385223e-02
5.737869e-01 4.525313e-03 5.385761e-02
5.742871e-01 4.518662e-03 5.386298e-02
5.747874e-01 4.512021e-03 5.386834e-02
5.752876e-01 4.505391e-03 5.387369e-02
5.757879e-01 4.498772e-03 5.387904e-02
5.762881e-01 4.492164e-03 5.388437e-02
5.767884e-01 4.485566e-03 5.388970e-02
5.772886e-01 4.478979e-03 5.389502e-02
5.777889e-01 4.472402e-03 5.390033e-02
5.782891e-01 4.465837e-03 5.390564e-02
5.787894e-01 4.459281e-03 5.391093e-02
5.792896e-01 4.452737e-03 5.391622e-02
5.797899e-01 4.446203e-03 5.392150e-02
5.802901e-01 4.439679e-03 5.392677e-02
5.807904e-01 4.433166e-03 5.393203e-02
5.812906e-01 4.426663e-03 5.393728e-02
5.817909e-01 4.420172e-03 5.394253e-02
5.822911e-01 4.413690e-03 5.394777e-02
5.827914e-01 4.407219e-03 5.395300e-02
5.832916e-01 4.400758e-03 5.395822e-02
5.837919e-01 4.394308e-03 5.396343e-02
5.842921e-01 4.387869e-03 5.396864e-02
5.847924e-01 4.381439e-03 5.397384e-02
5.852926e-01 4.375020e-03 5.397903e-02
5.857929e-01 4.368612e-03 5.398421e-02
5.862931e-01 4.362213e-03 5.398938e-02
5.867934e-01 4.355825e-03 5.399455e-02
5.872936e-01 4.349448e-03 5.399970e-02
5.877939e-01 4.343081e-03 5.400485e-02
5.882941e-01 4.336724e-03 5.401000e-02
5.887944e-01 4.330377e-03 5.401513e-02
5.892946e-01 4.324040e-03 5.402025e-02
5.897949e-01 4.317714e-03 5.402537e-02
5.902951e-01 4.311398e-03 5.403048e-02
5.907954e-01 4.305092e-03 5.403558e-02
5.912956e-01 4.298796e-03 5.404068e-02
5.917959e-01 4.292511e-03 5.404576e-02
5.922961e-01 4.286235e-03 5.405084e-02
5.927964e-01 4.279970e-03 5.405591e-02
5.932966e-01 4.273715e-03 5.406097e-02
5.937969e-01 4.267470e-03 5.406603e-02
5.942971e-01 4.261235e-03 5.407107e-02
5.947974e-01 4.255010e-03 5.407611e-02
5.952976e-01 4.248795e-03 5.408114e-02
5.957979e-01 4.242590e-03 5.408617e-02
5.962981e-01 4.236395e-03 5.409118e-02
5.967984e-01 4.230210e-03 5.409619e-02
5.972986e-01 4.224035e-03 5.410119e-02
5.977989e-01 4.217870e-03 5.410618e-02
5.982991e-01 4.211715e-03 5.411117e-02
5.987994e-01 4.205570e-03 5.411614e-02
5.992996e-01 4.199435e-03 5.412111e-02
5.997999e-01 4.193309e-03 5.412607e-02
6.003002e-01 4.187194e-03 5.413103e-02
6.008004e-01 4.181088e-03 5.413597e-02
6.013007e-01 4.174993e-03 5.414091e-02
6.018009e-01 4.168907e-03 5.414584e-02
6.023012e-01 4.162831e-03 5.415077e-02
6.028014e-01 4.156764e-03 5.415568e-02
6.033017e-01 4.150708e-03 5.416059e-02
6.038019e-01 4.144661e-03 5.416549e-02
6.043022e-01 4.138624e-03 5.417038e-02
6.048024e-01 4.132597e-03 5.417527e-02
6.053027e-01 4.126579e-03 5.418014e-02
6.058029e-01 4.120572e-03 5.418501e-02
6.063032e-01 4.114573e-03 5.418988e-02
6.068034e-01 4.108585e-03 5.419473e-02
6.073037e-01 4.102606e-03 5.419958e-02
6.078039e-01 4.096637e-03 5.420442e-02
6.083042e-01 4.090677e-03 5.420925e-02
6.088044e-01 4.084727e-03 5.421408e-02
6.093047e-01 4.078787e-03 5.421889e-02
6.098049e-01 4.072856e-03 5.422370e-02
6.103052e-01 4.066935e-03 5.422850e-02
6.108054e-01 4.061023e-03 5.423330e-02
6.113057e-01 4.055121e-03 5.423809e-02
6.118059e-01 4.049228e-03 5.424287e-02
6.123062e-01 4.043345e-03 5.424764e-02
6.128064e-01 4.037471e-03 5.425241e-02
6.133067e-01 4.031607e-03 5.425716e-02
6.138069e-01 4.025752e-03 5.426191e-02
6.143072e-01 4.019907e-03 5.426666e-02
6.148074e-01 4.014071e-03 5.427139e-02
6.153077e-01 4.008244e-03 5.427612e-02
6.158079e-01 4.002427e-03 5.428084e-02
6.163082e-01 3.996619e-03 5.428556e-02
6.168084e-01 3.990821e-03 5.429026e-02
6.173087e-01 3.985031e-03 5.429496e-02
6.178089e-01 3.979252e-03 5.429965e-02
6.183092e-01 3.973481e-03 5.430434e-02
6.188094e-01 3.967720e-03 5.430902e-02
6.193097e-01 3.961968e-03 5.431369e-02
6.198099e-01 3.956225e-03 5.431835e-02
6.203102e-01 3.950492e-03 5.432301e-02
6.208104e-01 3.944767e-03 5.432765e-02
6.213107e-01 3.939052e-03 5.433230e-02
6.218109e-01 3.933347e-03 5.433693e-02
6.223112e-01 3.927650e-03 5.434156e-02
6.228114e-01 3.921963e-03 5.434618e-02
6.233117e-01 3.916284e-03 5.435079e-02
6.238119e-01 3.910615e-03 5.435540e-02
6.243122e-01 3.904955e-03 5.435999e-02
6.248124e-01 3.899304e-03 5.436459e-02
6.253127e-01 3.893662e-03 5.436917e-02
6.258129e-01 3.888029e-03 5.437375e-02
6.263132e-01 3.882406e-03 5.437832e-02
6.268134e-01 3.876791e-03 5.438288e-02
6.273137e-01 3.871185e-03 5.438744e-02
6.278139e-01 3.865589e-03 5.439198e-02
6.283142e-01 3.860001e-03 5.439653e-02
6.288144e-01 3.854422e-03 5.440106e-02
6.293147e-01 3.848853e-03 5.440559e-02
6.298149e-01 3.843292e-03 5.441011e-02
6.303152e-01 3.837740e-03 5.441462e-02
6.308154e-01 3.832197e-03 5.441913e-02
6.313157e-01 3.826664e-03 5.442363e-02
6.318159e-01 3.821139e-03 5.442812e-02
6.323162e-01 3.815622e-03 5.443261e-02
6.328164e-01 3.810115e-03 5.443709e-02
6.333167e-01 3.804617e-03 5.444156e-02
6.338169e-01 3.799127e-03 5.444602e-02
6.343172e-01 3.793646e-03 5.445048e-02
6.348174e-01 3.788174e-03 5.445493e-02
6.353177e-01 3.782711e-03 5.445938e-02
6.358179e-01 3.777257e-03 5.446382e-02
6.363182e-01 3.771811e-03 5.446825e-02
6.368184e-01 3.766375e-03 5.447267e-02
6.373187e-01 3.760946e-03 5.447709e-02
6.378189e-01 3.755527e-03 5.448150e-02
6.383192e-01 3.750116e-03 5.448590e-02
6.388194e-01 3.744714e-03 5.449030e-02
6.393197e-01 3.739321e-03 5.449469e-02
6.398199e-01 3.733937e-03 5.449907e-02
6.403202e-01 3.728561e-03 5.450345e-02
6.408204e-01 3.723193e-03 5.450782e-02
6.413207e-01 3.717835e-03 5.451218e-02
6.418209e-01 3.712484e-03 5.451653e-02
6.423212e-01 3.707143e-03 5.452088e-02
6.428214e-01 3.701810e-03 5.452523e-02
6.433217e-01 3.696486e-03 5.452956e-02
6.438219e-01 3.691170e-03 5.453389e-02
6.443222e-01 3.685863e-03 5.453821e-02
6.448224e-01 3.680564e-03 5.454253e-02
6.453227e-01 3.675274e-03 5.454684e-02
6.458229e-01 3.669992e-03 5.455114e-02
6.463232e-01 3.664719e-03 5.455543e-02
6.468234e-01 3.659454e-03 5.455972e-02
6.473237e-01 3.654198e-03 5.456401e-02
6.478239e-01 3.648950e-03 5.456828e-02
6.483242e-01 3.643710e-03 5.457255e-02
6.488244e-01 3.638479e-03 5.457681e-02
6.493247e-01 3.633257e-03 5.458107e-02
6.498249e-01 3.628042e-03 5.458532e-02
6.503252e-01 3.622836e-03 5.458956e-02
6.508254e-01 3.617639e-03 5.459380e-02
6.513257e-01 3.612450e-03 5.459803e-02
6.518259e-01 3.607269e-03 5.460225e-02
6.523262e-01 3.602096e-03 5.460647e-02
6.528264e-01 3.596932e-03 5.461068e-02
6.533267e-01 3.591776e-03 5.461488e-02
6.538269e-01 3.586628e-03 5.461908e-02
6.543272e-01 3.581489e-03 5.462327e-02
6.548274e-01 3.576358e-03 5.462745e-02
6.553277e-01 3.571235e-03 5.463163e-02
6.558279e-01 3.566120e-03 5.463580e-02
6.563282e-01 3.561014e-03 5.463997e-02
6.568284e-01 3.555915e-03 5.464412e-02
6.573287e-01 3.550825e-03 5.464828e-02
6.578289e-01 3.545743e-03 5.465242e-02
6.583292e-01 3.540669e-03 5.465656e-02
6.588294e-01 3.535604e-03 5.466069e-02
6.593297e-01 3.530546e-03 5.466482e-02
6.598299e-01 3.525497e-03 5.466894e-02
6.603302e-01 3.520455e-03 5.467305e-02
6.608304e-01 3.515422e-03 5.467716e-02
6.613307e-01 3.510397e-03 5.468126e-02
6.618309e-01 3.505380e-03 5.468535e-02
6.623312e-01 3.500371e-03 5.468944e-02
6.628314e-01 3.495370e-03 5.469352e-02
6.633317e-01 3.490377e-03 5.469760e-02
6.638319e-01 3.485392e-03 5.470167e-02
6.643322e-01 3.480415e-03 5.470573e-02
6.648324e-01 3.475446e-03 5.470979e-02
6.653327e-01 3.470485e-03 5.471384e-02
6.658329e-01 3.465531e-03 5.471788e-02
6.663332e-01 3.460586e-03 5.472192e-02
6.668334e-01 3.455649e-03 5.472595e-02
6.673337e-01 3.450720e-03 5.472998e-02
6.678339e-01 3.445798e-03 5.473400e-02
6.683342e-01 3.440885e-03 5.473801e-02
6.688344e-01 3.435979e-03 5.474202e-02
6.693347e-01 3.431081e-03 5.474602e-02
6.698349e-01 3.426191e-03 5.475001e-02
6.703352e-01 3.421309e-03 5.475400e-02
6.708354e-01 3.416435e-03 5.475798e-02
6.713357e-01 3.411568e-03 5.476196e-02
6.718359e-01 3.406709e-03 5.476593e-02
6.723362e-01 3.401858e-03 5.476989e-02
6.728364e-01 3.397015e-03 5.477385e-02
6.733367e-01 3.392180e-03 5.477780e-02
6.738369e-01 3.387352e-03 5.478174e-02
6.743372e-01 3.382532e-03 5.478568e-02
6.748374e-01 3.377720e-03 5.478962e-02
6.753377e-01 3.372915e-03 5.479354e-02
6.758379e-01 3.368119e-03 5.479746e-02
6.763382e-01 3.363329e-03 5.480138e-02
6.768384e-01 3.358548e-03 5.480529e-02
6.773387e-01 3.353774e-03 5.480919e-02
6.778389e-01 3.349008e-03 5.481309e-02
6.783392e-01 3.344249e-03 5.481698e-02
6.788394e-01 3.339499e-03 5.482086e-02
6.793397e-01 3.334755e-03 5.482474e-02
6.798399e-01 3.330019e-03 5.482862e-02
6.803402e-01 3.325291e-03 5.483248e-02
6.808404e-01 3.320571e-03 5.483634e-02
6.813407e-01 3.315858e-03 5.484020e-02
6.818409e-01 3.311152e-03 5.484405e-02
6.823412e-01 3.306454e-03 5.484789e-02
6.828414e-01 3.301764e-03 5.485173e-02
6.833417e-01 3.297081e-03 5.485556e-02
6.838419e-01 3.292406e-03 5.485938e-02
6.843422e-01 3.287738e-03 5.486320e-02
6.848424e-01 3.283077e-03 5.486702e-02
6.853427e-01 3.278424e-03 5.487082e-02
6.858429e-01 3.273779e-03 5.487463e-02
6.863432e-01 3.269140e-03 5.487842e-02
6.868434e-01 3.264510e-03 5.488221e-02
6.873437e-01 3.259886e-03 5.488599e-02
6.878439e-01 3.255270e-03 5.488977e-02
6.883442e-01 3.250662e-03 5.489355e-02
6.888444e-01 3.246061e-03 5.489731e-02
6.893447e-01 3.241467e-03 5.490107e-02
6.898449e-01 3.236881e-03 5.490483e-02
6.903452e-01 3.232301e-03 5.490858e-02
6.908454e-01 3.227730e-03 5.491232e-02
6.913457e-01 3.223165e-03 5.491606e-02
6.918459e-01 3.218608e-03 5.491979e-02
6.923462e-01 3.214058e-03 5.492352e-02
6.928464e-01 3.209515e-03 5.492724e-02
6.933467e-01 3.204980e-03 5.493095e-02
6.938469e-01 3.200452e-03 5.493466e-02
6.943472e-01 3.195931e-03 5.493836e-02
6.948474e-01 3.191417e-03 5.494206e-02
6.953477e-01 3.186911e-03 5.494575e-02
6.958479e-01 3.182412e-03 5.494944e-02
6.963482e-01 3.177920e-03 5.495312e-02
6.968484e-01 3.173435e-03 5.495679e-02
6.973487e-01 3.168957e-03 5.496046e-02
6.978489e-01 3.164487e-03 5.496413e-02
6.983492e-01 3.160023e-03 5.496778e-02
6.988494e-01 3.155567e-03 5.497144e-02
6.993497e-01 3.151118e-03 5.497508e-02
6.998499e-01 3.146676e-03 5.497872e-02
7.003502e-01 3.142241e-03 5.498236e-02
7.008504e-01 3.137813e-03 5.498599e-02
7.013507e-01 3.133392e-03 5.498961e-02
7.018509e-01 3.128979e-03 5.499323e-02
7.023512e-01 3.124572e-03 5.499684e-02
7.028514e-01 3.120172e-03 5.500045e-02
7.033517e-01 3.115780e-03 5.500405e-02
7.038519e-01 3.111394e-03 5.500765e-02
7.043522e-01 3.107016e-03 5.501124e-02
7.048524e-01 3.102644e-03 5.501482e-02
7.053527e-01 3.098280e-03 5.501840e-02
7.058529e-01 3.093922e-03 5.502198e-02
7.063532e-01 3.089571e-03 5.502555e-02
7.068534e-01 3.085228e-03 5.502911e-02
7.073537e-01 3.080891e-03 5.503267e-02
7.078539e-01 3.076561e-03 5.503622e-02
7.083542e-01 3.072238e-03 5.503976e-02
7.088544e-01 3.067922e-03 5.504331e-02
7.093547e-01 3.063613e-03 5.504684e-02
7.098549e-01 3.059311e-03 5.505037e-02
7.103552e-01 3.055015e-03 5.505390e-02
7.108554e-01 3.050727e-03 5.505742e-02
7.113557e-01 3.046445e-03 5.506093e-02
7.118559e-01 3.042170e-03 5.506444e-02
7.123562e-01 3.037902e-03 5.506794e-02
7.128564e-01 3.033641e-03 5.507144e-02
7.133567e-01 3.029386e-03 5.507493e-02
7.138569e-01 3.025139e-03 5.507842e-02
7.143572e-01 3.020898e-03 5.508190e-02
7.148574e-01 3.016664e-03 5.508538e-02
7.153577e-01 3.012437e-03 5.508885e-02
7.158579e-01 3.008216e-03 5.509231e-02
7.163582e-01 3.004002e-03 5.509577e-02
7.168584e-01 2.999795e-03 5.509923e-02
7.173587e-01 2.995595e-03 5.510268e-02
7.178589e-01 2.991401e-03 5.510612e-02
7.183592e-01 2.987214e-03 5.510956e-02
7.188594e-01 2.983033e-03 5.511299e-02
7.193597e-01 2.978860e-03 5.511642e-02
7.198599e-01 2.974693e-03 5.511984e-02
7.203602e-01 2.970532e-03 5.512326e-02
7.208604e-01 2.966379e-03 5.512667e-02
7.213607e-01 2.962232e-03 5.513008e-02
7.218609e-01 2.958091e-03 5.513348e-02
7.223612e-01 2.953957e-03 5.513688e-02
7.228614e-01 2.949830e-03 5.514027e-02
7.233617e-01 2.945709e-03 5.514366e-02
7.238619e-01 2.941595e-03 5.514704e-02
7.243622e-01 2.937487e-03 5.515041e-02
7.248624e-01 2.933386e-03 5.515379e-02
7.253627e-01 2.929292e-03 5.515715e-02
7.258629e-01 2.925204e-03 5.516051e-02
7.263632e-01 2.921122e-03 5.516387e-02
7.268634e-01 2.917047e-03 5.516722e-02
7.273637e-01 2.912979e-03 5.517056e-02
7.278639e-01 2.908917e-03 5.517390e-02
7.283642e-01 2.904861e-03 5.517723e-02
7.288644e-01 2.900812e-03 5.518056e-02
7.293647e-01 2.896769e-03 5.518389e-02
7.298649e-01 2.892733e-03 5.518721e-02
7.303652e-01 2.888704e-03 5.519052e-02
7.308654e-01 2.884680e-03 5.519383e-02
7.313657e-01 2.880663e-03 5.519713e-02
7.318659e-01 2.876653e-03 5.520043e-02
7.323662e-01 2.872649e-03 5.520373e-02
7.328664e-01 2.868651e-03 5.520701e-02
7.333667e-01 2.864659e-03 5.521030e-02
7.338669e-01 2.860674e-03 5.521358e-02
7.343672e-01 2.856696e-03 5.521685e-02
7.348674e-01 2.852723e-03 5.522012e-02
7.353677e-01 2.848757e-03 5.522338e-02
7.358679e-01 2.844798e-03 5.522664e-02
7.363682e-01 2.840844e-03 5.522989e-02
7.368684e-01 2.836897e-03 5.523314e-02
7.373687e-01 2.832956e-03 5.523639e-02
7.378689e-01 2.829022e-03 5.523962e-02
7.383692e-01 2.825093e-03 5.524286e-02
7.388694e-01 2.821171e-03 5.524609e-02
7.393697e-01 2.817256e-03 5.524931e-02
7.398699e-01 2.813346e-03 5.525253e-02
7.403702e-01 2.809443e-03 5.525574e-02
7.408704e-01 2.805546e-03 5.525895e-02
7.413707e-01 2.801655e-03 5.526215e-02
7.418709e-01 2.797770e-03 5.526535e-02
7.423712e-01 2.793891e-03 5.526855e-02
7.428714e-01 2.790019e-03 5.527173e-02
7.433717e-01 2.786153e-03 5.527492e-02
7.438719e-01 2.782293e-03 5.527810e-02
7.443722e-01 2.778439e-03 5.528127e-02
7.448724e-01 2.774591e-03 5.528444e-02
7.453727e-01 2.770749e-03 5.528761e-02
7.458729e-01 2.766914e-03 5.529076e-02
7.463732e-01 2.763084e-03 5.529392e-02
7.468734e-01 2.759261e-03 5.529707e-02
7.473737e-01 2.755444e-03 5.530021e-02
7.478739e-01 2.751632e-03 5.530335e-02
7.483742e-01 2.747827e-03 5.530649e-02
7.488744e-01 2.744028e-03 5.530962e-02
7.493747e-01 2.740235e-03 5.531275e-02
7.498749e-01 2.736448e-03 5.531587e-02
7.503752e-01 2.732667e-03 5.531898e-02
7.508754e-01 2.728892e-03 5.532209e-02
7.513757e-01 2.725123e-03 5.532520e-02
7.518759e-01 2.721360e-03 5.532830e-02
7.523762e-01 2.717603e-03 5.533140e-02
7.528764e-01 2.713852e-03 5.533449e-02
7.533767e-01 2.710107e-03 5.533758e-02
7.538769e-01 2.706368e-03 5.534066e-02
7.543772e-01 2.702634e-03 5.534374e-02
7.548774e-01 2.698907e-03 5.534681e-02
7.553777e-01 2.695186e-03 5.534988e-02
7.558779e-01 2.691470e-03 5.535295e-02
7.563782e-01 2.687761e-03 5.535601e-02
7.568784e-01 2.684057e-03 5.535906e-02
7.573787e-01 2.680359e-03 5.536211e-02
7.578789e-01 2.676667e-03 5.536515e-02
7.583792e-01 2.672981e-03 5.536819e-02
7.588794e-01 2.669301e-03 5.537123e-02
7.593797e-01 2.665627e-03 5.537426e-02
7.598799e-01 2.661958e-03 5.537729e-02
7.603802e-01 2.658296e-03 5.538031e-02
7.608804e-01 2.654639e-03 5.538333e-02
7.613807e-01 2.650988e-03 5.538634e-02
7.618809e-01 2.647343e-03 5.538935e-02
7.623812e-01 2.643703e-03 5.539235e-02
7.628814e-01 2.640070e-03 5.539535e-02
7.633817e-01 2.636442e-03 5.539834e-02
7.638819e-01 2.632820e-03 5.540133e-02
7.643822e-01 2.629203e-03 5.540432e-02
7.648824e-01 2.625593e-03 5.540730e-02
7.653827e-01 2.621988e-03 5.541027e-02
7.658829e-01 2.618388e-03 5.541324e-02
7.663832e-01 2.614795e-03 5.541621e-02
7.668834e-01 2.611207e-03 5.541917e-02
7.673837e-01 2.607625e-03 5.542213e-02
7.678839e-01 2.604049e-03 5.542508e-02
7.683842e-01 2.600478e-03 5.542803e-02
7.688844e-01 2.596913e-03 5.543098e-02
7.693847e-01 2.593354e-03 5.543392e-02
7.698849e-01 2.589800e-03 5.543685e-02
7.703852e-01 2.586252e-03 5.543978e-02
7.708854e-01 2.582709e-03 5.544271e-02
7.713857e-01 2.579172e-03 5.544563e-02
7.718859e-01 2.575641e-03 5.544854e-02
7.723862e-01 2.572115e-03 5.545146e-02
7.728864e-01 2.568595e-03 5.545437e-02
7.733867e-01 2.565081e-03 5.545727e-02
7.738869e-01 2.561572e-03 5.546017e-02
7.743872e-01 2.558069e-03 5.546306e-02
7.748874e-01 2.554571e-03 5.546595e-02
7.753877e-01 2.551079e-03 5.546884e-02
7.758879e-01 2.547592e-03 5.547172e-02
7.763882e-01 2.544111e-03 5.547460e-02
7.768884e-01 2.540635e-03 5.547747e-02
7.773887e-01 2.537165e-03 5.548034e-02
7.778889e-01 2.533700e-03 5.548320e-02
7.783892e-01 2.530241e-03 5.548606e-02
7.788894e-01 2.526788e-03 5.548891e-02
7.793897e-01 2.523339e-03 5.549176e-02
7.798899e-01 2.519897e-03 5.549461e-02
7.803902e-01 2.516459e-03 5.549745e-02
7.808904e-01 2.513028e-03 5.550029e-02
7.813907e-01 2.509601e-03 5.550312e-02
7.818909e-01 2.506180e-03 5.550595e-02
7.823912e-01 2.502765e-03 5.550878e-02
7.828914e-01 2.499355e-03 5.551160e-02
7.833917e-01 2.495950e-03 5.551441e-02
7.838919e-01 2.492551e-03 5.551722e-02
7.843922e-01 2.489157e-03 5.552003e-02
7.848924e-01 2.485768e-03 5.552283e-02
7.853927e-01 2.482385e-03 5.552563e-02
7.858929e-01 2.479007e-03 5.552843e-02
7.863932e-01 2.475635e-03 5.553122e-02
7.868934e-01 2.472267e-03 5.553400e-02
7.873937e-01 2.468906e-03 5.553678e-02
7.878939e-01 2.465549e-03 5.553956e-02
7.883942e-01 2.462198e-03 5.554233e-02
7.888944e-01 2.458852e-03 5.554510e-02
7.893947e-01 2.455512e-03 5.554787e-02
7.898949e-01 2.452176e-03 5.555063e-02
7.903952e-01 2.448846e-03 5.555338e-02
7.908954e-01 2.445522e-03 5.555613e-02
7.913957e-01 2.442202e-03 5.555888e-02
7.918959e-01 2.438888e-03 5.556162e-02
7.923962e-01 2.435579e-03 5.556436e-02
7.928964e-01 2.432275e-03 5.556710e-02
7.933967e-01 2.428977e-03 5.556983e-02
7.938969e-01 2.425684e-03 5.557256e-02
7.943972e-01 2.422395e-03 5.557528e-02
7.948974e-01 2.419113e-03 5.557800e-02
7.953977e-01 2.415835e-03 5.558071e-02
7.958979e-01 2.412563e-03 5.558342e-02
7.963982e-01 2.409295e-03 5.558613e-02
7.968984e-01 2.406033e-03 5.558883e-02
7.973987e-01 2.402776e-03 5.559153e-02
7.978989e-01 2.399524e-03 5.559422e-02
7.983992e-01 2.396278e-03 5.559691e-02
7.988994e-01 2.393036e-03 5.559959e-02
7.993997e-01 2.389800e-03 5.560227e-02
7.998999e-01 2.386568e-03 5.560495e-02
8.004002e-01 2.383342e-03 5.560762e-02
8.009005e-01 2.380121e-03 5.561029e-02
8.014007e-01 2.376905e-03 5.561296e-02
8.019010e-01 2.373694e-03 5.561562e-02
8.024012e-01 2.370488e-03 5.561827e-02
8.029015e-01 2.367288e-03 5.562093e-02
8.034017e-01 2.364092e-03 5.562357e-02
8.039020e-01 2.360901e-03 5.562622e-02
8.044022e-01 2.357716e-03 5.562886e-02
8.049025e-01 2.354535e-03 5.563149e-02
8.054027e-01 2.351360e-03 5.563413e-02
8.059030e-01 2.348189e-03 5.563675e-02
8.064032e-01 2.345024e-03 5.563938e-02
8.069035e-01 2.341863e-03 5.564200e-02
8.074037e-01 2.338708e-03 5.564462e-02
8.079040e-01 2.335557e-03 5.564723e-02
8.084042e-01 2.332412e-03 5.564984e-02
8.089045e-01 2.329271e-03 5.565244e-02
8.094047e-01 2.326136e-03 5.565504e-02
8.099050e-01 2.323005e-03 5.565764e-02
8.104052e-01 2.319879e-03 5.566023e-02
8.109055e-01 2.316758e-03 5.566282e-02
8.114057e-01 2.313643e-03 5.566540e-02
8.119060e-01 2.310532e-03 5.566798e-02
8.124062e-01 2.307426e-03 5.567056e-02
8.129065e-01 2.304325e-03 5.567313e-02
8.134067e-01 2.301228e-03 5.567570e-02
8.139070e-01 2.298137e-03 5.567826e-02
8.144072e-01 2.295051e-03 5.568082e-02
8.149075e-01 2.291969e-03 5.568338e-02
8.154077e-01 2.288892e-03 5.568593e-02
8.159080e-01 2.285821e-03 5.568848e-02
8.164082e-01 2.282754e-03 5.569103e-02
8.169085e-01 2.279691e-03 5.569357e-02
8.174087e-01 2.276634e-03 5.569610e-02
8.179090e-01 2.273582e-03 5.569864e-02
8.184092e-01 2.270534e-03 5.570117e-02
8.189095e-01 2.267491e-03 5.570369e-02
8.194097e-01 2.264453e-03 5.570622e-02
8.199100e-01 2.261420e-03 5.570873e-02
8.204102e-01 2.258391e-03 5.571125e-02
8.209105e-01 2.255368e-03 5.571376e-02
8.214107e-01 2.252349e-03 5.571626e-02
8.219110e-01 2.249335e-03 5.571877e-02
8.224112e-01 2.246325e-03 5.572127e-02
8.229115e-01 2.243321e-03 5.572376e-02
8.234117e-01 2.240321e-03 5.572625e-02
8.239120e-01 2.237325e-03 5.572874e-02
8.244122e-01 2.234335e-03 5.573122e-02
8.249125e-01 2.231349e-03 5.573370e-02
8.254127e-01 2.228368e-03 5.573618e-02
8.259130e-01 2.225392e-03 5.573865e-02
8.264132e-01 2.222420e-03 5.574112e-02
8.269135e-01 2.219453e-03 5.574358e-02
8.274137e-01 2.216491e-03 5.574604e-02
8.279140e-01 2.213533e-03 5.574850e-02
8.284142e-01 2.210580e-03 5.575095e-02
8.289145e-01 2.207632e-03 5.575340e-02
8.294147e-01 2.204689e-03 5.575585e-02
8.299150e-01 2.201750e-03 5.575829e-02
8.304152e-01 2.198815e-03 5.576073e-02
8.309155e-01 2.195885e-03 5.576317e-02
8.314157e-01 2.192960e-03 5.576560e-02
8.319160e-01 2.190040e-03 5.576802e-02
8.324162e-01 2.187124e-03 5.577045e-02
8.329165e-01 2.184213e-03 5.577287e-02
8.334167e-01 2.181306e-03 5.577528e-02
8.339170e-01 2.178404e-03 5.577770e-02
8.344172e-01 2.175506e-03 5.578010e-02
8.349175e-01 2.172613e-03 5.578251e-02
8.354177e-01 2.169725e-03 5.578491e-02
8.359180e-01 2.166841e-03 5.578731e-02
8.364182e-01 2.163961e-03 5.578970e-02
8.369185e-01 2.161087e-03 5.579209e-02
8.374187e-01 2.158216e-03 5.579448e-02
8.379190e-01 2.155351e-03 5.579686e-02
8.384192e-01 2.152489e-03 5.579924e-02
8.389195e-01 2.149633e-03 5.580162e-02
8.394197e-01 2.146780e-03 5.580399e-02
8.399200e-01 2.143933e-03 5.580636e-02
8.404202e-01 2.141089e-03 5.580873e-02
8.409205e-01 2.138250e-03 5.581109e-02
8.414207e-01 2.135416e-03 5.581344e-02
8.419210e-01 2.132586e-03 5.581580e-02
8.424212e-01 2.129761e-03 5.581815e-02
8.429215e-01 2.126940e-03 5.582050e-02
8.434217e-01 2.124123e-03 5.582284e-02
8.439220e-01 2.121311e-03 5.582518e-02
8.444222e-01 2.118504e-03 5.582752e-02
8.449225e-01 2.115700e-03 5.582985e-02
8.454227e-01 2.112901e-03 5.583218e-02
8.459230e-01 2.110107e-03 5.583450e-02
8.464232e-01 2.107317e-03 5.583683e-02
8.469235e-01 2.104531e-03 5.583915e-02
8.474237e-01 2.101750e-03 5.584146e-02
8.479240e-01 2.098973e-03 5.584377e-02
8.484242e-01 2.096201e-03 5.584608e-02
8.489245e-01 2.093432e-03 5.584839e-02
8.494247e-01 2.090669e-03 5.585069e-02
8.499250e-01 2.087909e-03 5.585298e-02
8.504252e-01 2.085154e-03 5.585528e-02
8.509255e-01 2.082403e-03 5.585757e-02
8.514257e-01 2.079657e-03 5.585986e-02
8.519260e-01 2.076915e-03 5.586214e-02
8.524262e-01 2.074177e-03 5.586442e-02
8.529265e-01 2.071443e-03 5.586670e-02
8.534267e-01 2.068714e-03 5.586897e-02
8.539270e-01 2.065989e-03 5.587124e-02
8.544272e-01 2.063268e-03 5.587351e-02
8.549275e-01 2.060552e-03 5.587577e-02
8.554277e-01 2.057840e-03 5.587803e-02
8.559280e-01 2.055132e-03 5.588028e-02
8.564282e-01 2.052429e-03 5.588254e-02
8.569285e-01 2.049729e-03 5.588478e-02
8.574287e-01 2.047034e-03 5.588703e-02
8.579290e-01 2.044343e-03 5.588927e-02
8.584292e-01 2.041657e-03 5.589151e-02
8.589295e-01 2.038974e-03 5.589375e-02
8.594297e-01 2.036296e-03 5.589598e-02
8.599300e-01 2.033622e-03 5.589821e-02
8.604302e-01 2.030952e-03 5.590043e-02
8.609305e-01 2.028287e-03 5.590265e-02
8.614307e-01 2.025625e-03 5.590487e-02
8.619310e-01 2.022968e-03 5.590709e-02
8.624312e-01 2.020315e-03 5.590930e-02
8.629315e-01 2.017666e-03 5.591151e-02
8.634317e-01 2.015021e-03 5.591371e-02
8.639320e-01 2.012381e-03 5.591592e-02
8.644322e-01 2.009744e-03 5.591811e-02
8.649325e-01 2.007112e-03 5.592031e-02
8.654327e-01 2.004484e-03 5.592250e-02
8.659330e-01 2.001860e-03 5.592469e-02
8.664332e-01 1.999240e-03 5.592687e-02
8.669335e-01 1.996624e-03 5.592906e-02
8.674337e-01 1.994012e-03 5.593123e-02
8.679340e-01 1.991405e-03 5.593341e-02
8.684342e-01 1.988801e-03 5.593558e-02
8.689345e-01 1.986202e-03 5.593775e-02
8.694347e-01 1.983606e-03 5.593991e-02
8.699350e-01 1.981015e-03 5.594208e-02
8.704352e-01 1.978428e-03 5.594423e-02
8.709355e-01 1.975845e-03 5.594639e-02
8.714357e-01 1.973266e-03 5.594854e-02
8.719360e-01 1.970690e-03 5.595069e-02
8.724362e-01 1.968119e-03 5.595284e-02
8.729365e-01 1.965553e-03 5.595498e-02
8.734367e-01 1.962990e-03 5.595712e-02
8.739370e-01 1.960431e-03 5.595925e-02
8.744372e-01 1.957876e-03 5.596138e-02
8.749375e-01 1.955325e-03 5.596351e-02
8.754377e-01 1.952778e-03 5.596564e-02
8.759380e-01 1.950235e-03 5.596776e-02
8.764382e-01 1.947696e-03 5.596988e-02
8.769385e-01 1.945161e-03 5.597200e-02
8.774387e-01 1.942630e-03 5.597411e-02
8.779390e-01 1.940103e-03 5.597622e-02
8.784392e-01 1.937580e-03 5.597833e-02
8.789395e-01 1.935061e-03 5.598043e-02
8.794397e-01 1.932546e-03 5.598253e-02
8.799400e-01 1.930035e-03 5.598463e-02
8.804402e-01 1.927527e-03 5.598672e-02
8.809405e-01 1.925024e-03 5.598881e-02
8.814407e-01 1.922525e-03 5.599090e-02
8.819410e-01 1.920029e-03 5.599299e-02
8.824412e-01 1.917538e-03 5.599507e-02
8.829415e-01 1.915050e-03 5.599714e-02
8.834417e-01 1.912566e-03 5.599922e-02
8.839420e-01 1.910086e-03 5.600129e-02
8.844422e-01 1.907610e-03 5.600336e-02
8.849425e-01 1.905138e-03 5.600543e-02
8.854427e-01 1.902670e-03 5.600749e-02
8.859430e-01 1.900206e-03 5.600955e-02
8.864432e-01 1.897745e-03 5.601160e-02
8.869435e-01 1.895288e-03 5.601366e-02
8.874437e-01 1.892835e-03 5.601571e-02
8.879440e-01 1.890387e-03 5.601775e-02
8.884442e-01 1.887941e-03 5.601980e-02
8.889445e-01 1.885500e-03 5.602184e-02
8.894447e-01 1.883063e-03 5.602387e-02
8.899450e-01 1.880629e-03 5.602591e-02
8.904452e-01 1.878199e-03 5.602794e-02
8.909455e-01 1.875773e-03 5.602997e-02
8.914457e-01 1.873351e-03 5.603199e-02
8.919460e-01 1.870932e-03 5.603402e-02
8.924462e-01 1.868517e-03 5.603603e-02
8.929465e-01 1.866106e-03 5.603805e-02
8.934467e-01 1.863699e-03 5.604006e-02
8.939470e-01 1.861296e-03 5.604207e-02
8.944472e-01 1.858896e-03 5.604408e-02
8.949475e-01 1.856500e-03 5.604608e-02
8.954477e-01 1.854108e-03 5.604808e-02
8.959480e-01 1.851720e-03 5.605008e-02
8.964482e-01 1.849335e-03 5.605208e-02
8.969485e-01 1.846954e-03 5.605407e-02
8.974487e-01 1.844577e-03 5.605606e-02
8.979490e-01 1.842204e-03 5.605804e-02
8.984492e-01 1.839834e-03 5.606003e-02
8.989495e-01 1.837468e-03 5.606201e-02
8.994497e-01 1.835106e-03 5.606398e-02
8.999500e-01 1.832747e-03 5.606596e-02
9.004502e-01 1.830392e-03 5.606793e-02
9.009505e-01 1.828041e-03 5.606989e-02
9.014507e-01 1.825693e-03 5.607186e-02
9.019510e-01 1.823349e-03 5.607382e-02
9.024512e-01 1.821009e-03 5.607578e-02
9.029515e-01 1.818672e-03 5.607773e-02
9.034517e-01 1.816339e-03 5.607969e-02
9.039520e-01 1.814010e-03 5.608164e-02
9.044522e-01 1.811684e-03 5.608358e-02
9.049525e-01 1.809362e-03 5.608553e-02
9.054527e-01 1.807044e-03 5.608747e-02
9.059530e-01 1.804729e-03 5.608941e-02
9.064532e-01 1.802418e-03 5.609134e-02
9.069535e-01 1.800110e-03 5.609327e-02
9.074537e-01 1.797806e-03 5.609520e-02
9.079540e-01 1.795506e-03 5.609713e-02
9.084542e-01 1.793209e-03 5.609905e-02
9.089545e-01 1.790916e-03 5.610097e-02
9.094547e-01 1.788626e-03 5.610289e-02
9.099550e-01 1.786340e-03 5.610481e-02
9.104552e-01 1.784057e-03 5.610672e-02
9.109555e-01 1.781779e-03 5.610863e-02
9.114557e-01 1.779503e-03 5.611053e-02
9.119560e-01 1.777231e-03 5.611244e-02
9.124562e-01 1.774963e-03 5.611434e-02
9.129565e-01 1.772698e-03 5.611623e-02
9.134567e-01 1.770437e-03 5.611813e-02
9.139570e-01 1.768180e-03 5.612002e-02
9.144572e-01 1.765925e-03 5.612191e-02
9.149575e-01 1.763675e-03 5.612379e-02
9.154577e-01 1.761428e-03 5.612568e-02
9.159580e-01 1.759184e-03 5.612756e-02
9.164582e-01 1.756944e-03 5.612944e-02
9.169585e-01 1.754707e-03 5.613131e-02
9.174587e-01 1.752474e-03 5.613318e-02
9.179590e-01 1.750245e-03 5.613505e-02
9.184592e-01 1.748018e-03 5.613692e-02
9.189595e-01 1.745796e-03 5.613878e-02
9.194597e-01 1.743576e-03 5.614064e-02
9.199600e-01 1.741361e-03 5.614250e-02
9.204602e-01 1.739148e-03 5.614435e-02
9.209605e-01 1.736940e-03 5.614621e-02
9.214607e-01 1.734734e-03 5.614805e-02
9.219610e-01 1.732532e-03 5.614990e-02
9.224612e-01 1.730334e-03 5.615175e-02
9.229615e-01 1.728139e-03 5.615359e-02
9.234617e-01 1.725947e-03 5.615542e-02
9.239620e-01 1.723759e-03 5.615726e-02
9.244622e-01 1.721574e-03 5.615909e-02
9.249625e-01 1.719392e-03 5.616092e-02
9.254627e-01 1.717214e-03 5.616275e-02
9.259630e-01 1.715039e-03 5.616457e-02
9.264632e-01 1.712868e-03 5.616639e-02
9.269635e-01 1.710700e-03 5.616821e-02
9.274637e-01 1.708536e-03 5.617003e-02
9.279640e-01 1.706375e-03 5.617184e-02
9.284642e-01 1.704217e-03 5.617365e-02
9.289645e-01 1.702062e-03 5.617546e-02
9.294647e-01 1.699911e-03 5.617727e-02
9.299650e-01 1.697764e-03 5.617907e-02
9.304652e-01 1.695619e-03 5.618087e-02
9.309655e-01 1.693478e-03 5.618267e-02
9.314657e-01 1.691341e-03 5.618446e-02
9.319660e-01 1.689206e-03 5.618625e-02
9.324662e-01 1.687075e-03 5.618804e-02
9.329665e-01 1.684947e-03 5.618983e-02
9.334667e-01 1.682823e-03 5.619161e-02
9.339670e-01 1.680702e-03 5.619339e-02
9.344672e-01 1.678584e-03 5.619517e-02
9.349675e-01 1.676470e-03 5.619694e-02
9.354677e-01 1.674358e-03 5.619872e-02
9.359680e-01 1.672250e-03 5.620049e-02
9.364682e-01 1.670146e-03 5.620225e-02
9.369685e-01 1.668044e-03 5.620402e-02
9.374687e-01 1.665946e-03 5.620578e-02
9.379690e-01 1.663851e-03 5.620754e-02
9.384692e-01 1.661760e-03 5.620930e-02
9.389695e-01 1.659671e-03 5.621105e-02
9.394697e-01 1.657586e-03 5.621280e-02
9.399700e-01 1.655505e-03 5.621455e-02
9.404702e-01 1.653426e-03 5.621630e-02
9.409705e-01 1.651351e-03 5.621804e-02
9.414707e-01 1.649278e-03 5.621978e-02
9.419710e-01 1.647210e-03 5.622152e-02
9.424712e-01 1.645144e-03 5.622326e-02
9.429715e-01 1.643081e-03 5.622499e-02
9.434717e-01 1.641022e-03 5.622672e-02
9.439720e-01 1.638966e-03 5.622845e-02
9.444722e-01 1.636913e-03 5.623017e-02
9.449725e-01 1.634863e-03 5.623189e-02
9.454727e-01 1.632817e-03 5.623361e-02
9.459730e-01 1.630774e-03 5.623533e-02
9.464732e-01 1.628733e-03 5.623705e-02
9.469735e-01 1.626696e-03 5.623876e-02
9.474737e-01 1.624663e-03 5.624047e-02
9.479740e-01 1.622632e-03 5.624218e-02
9.484742e-01 1.620604e-03 5.624388e-02
9.489745e-01 1.618580e-03 5.624558e-02
9.494747e-01 1.616559e-03 5.624728e-02
9.499750e-01 1.614541e-03 5.624898e-02
9.504752e-01 1.612526e-03 5.625067e-02
9.509755e-01 1.610514e-03 5.625237e-02
9.514757e-01 1.608505e-03 5.625405e-02
9.519760e-01 1.606500e-03 5.625574e-02
9.524762e-01 1.604497e-03 5.625743e-02
9.529765e-01 1.602498e-03 5.625911e-02
9.534767e-01 1.600502e-03 5.626079e-02
9.539770e-01 1.598509e-03 5.626246e-02
9.544772e-01 1.596519e-03 5.626414e-02
9.549775e-01 1.594532e-03 5.626581e-02
9.554777e-01 1.592548e-03 5.626748e-02
9.559780e-01 1.590567e-03 5.626914e-02
9.564782e-01 1.588589e-03 5.627081e-02
9.569785e-01 1.586615e-03 5.627247e-02
9.574787e-01 1.584643e-03 5.627413e-02
9.579790e-01 1.582675e-03 5.627578e-02
9.584792e-01 1.580709e-03 5.627744e-02
9.589795e-01 1.578747e-03 5.627909e-02
9.594797e-01 1.576787e-03 5.628074e-02
9.599800e-01 1.574831e-03 5.628239e-02
9.604802e-01 1.572878e-03 5.628403e-02
9.609805e-01 1.570927e-03 5.628567e-02
9.614807e-01 1.568980e-03 5.628731e-02
9.619810e-01 1.567036e-03 5.628895e-02
9.624812e-01 1.565095e-03 5.629058e-02
9.629815e-01 1.563156e-03 5.629221e-02
9.634817e-01 1.561221e-03 5.629384e-02
9.639820e-01 1.559289e-03 5.629547e-02
9.644822e-01 1.557360e-03 5.629709e-02
9.649825e-01 1.555434e-03 5.629872e-02
9.654827e-01 1.553510e-03 5.630034e-02
9.659830e-01 1.551590e-03 5.630195e-02
9.664832e-01 1.549673e-03 5.630357e-02
9.669835e-01 1.547759e-03 5.630518e-02
9.674837e-01 1.545847e-03 5.630679e-02
9.679840e-01 1.543939e-03 5.630840e-02
9.684842e-01 1.542034e-03 5.631000e-02
9.689845e-01 1.540131e-03 5.631161e-02
9.694847e-01 1.538232e-03 5.631321e-02
9.699850e-01 1.536335e-03 5.631480e-02
9.704852e-01 1.534441e-03 5.631640e-02
9.709855e-01 1.532551e-03 5.631799e-02
9.714857e-01 1.530663e-03 5.631958e-02
9.719860e-01 1.528778e-03 5.632117e-02
9.724862e-01 1.526896e-03 5.632276e-02
9.729865e-01 1.525017e-03 5.632434e-02
9.734867e-01 1.523141e-03 5.632592e-02
9.739870e-01 1.521268e-03 5.632750e-02
9.744872e-01 1.519398e-03 5.632908e-02
9.749875e-01 1.517530e-03 5.633065e-02
9.754877e-01 1.515666e-03 5.633222e-02
9.759880e-01 1.513804e-03 5.633379e-02
9.764882e-01 1.511945e-03 5.633536e-02
9.769885e-01 1.510090e-03 5.633692e-02
9.774887e-01 1.508237e-03 5.633849e-02
9.779890e-01 1.506386e-03 5.634005e-02
9.784892e-01 1.504539e-03 5.634160e-02
9.789895e-01 1.502695e-03 5.634316e-02
9.794897e-01 1.500853e-03 5.634471e-02
9.799900e-01 1.499015e-03 5.634626e-02
9.804902e-01 1.497179e-03 5.634781e-02
9.809905e-01 1.495346e-03 5.634936e-02
9.814907e-01 1.493515e-03 5.635090e-02
9.819910e-01 1.491688e-03 5.635244e-02
9.824912e-01 1.489864e-03 5.635398e-02
9.829915e-01 1.488042e-03 5.635552e-02
9.834917e-01 1.486223e-03 5.635705e-02
9.839920e-01 1.484407e-03 5.635858e-02
9.844922e-01 1.482594e-03 5.636011e-02
9.849925e-01 1.480783e-03 5.636164e-02
9.854927e-01 1.478976e-03 5.636317e-02
9.859930e-01 1.477171e-03 5.636469e-02
9.864932e-01 1.475369e-03 5.636621e-02
9.869935e-01 1.473569e-03 5.636773e-02
9.874937e-01 1.471773e-03 5.636924e-02
9.879940e-01 1.469979e-03 5.637076e-02
9.884942e-01 1.468188e-03 5.637227e-02
9.889945e-01 1.466400e-03 5.637378e-02
9.894947e-01 1.464615e-03 5.637529e-02
9.899950e-01 1.462832e-03 5.637679e-02
9.904952e-01 1.461052e-03 5.637829e-02
9.909955e-01 1.459275e-03 5.637979e-02
9.914957e-01 1.457500e-03 5.638129e-02
9.919960e-01 1.455729e-03 5.638279e-02
9.924962e-01 1.453960e-03 5.638428e-02
9.929965e-01 1.452193e-03 5.638577e-02
9.934967e-01 1.450430e-03 5.638726e-02
9.939970e-01 1.448669e-03 5.638875e-02
9.944972e-01 1.446911e-03 5.639023e-02
9.949975e-01 1.445156e-03 5.639172e-02
9.954977e-01 1.443403e-03 5.639320e-02
9.959980e-01 1.441653e-03 5.639467e-02
9.964982e-01 1.439906e-03 5.639615e-02
9.969985e-01 1.438162e-03 5.639762e-02
9.974987e-01 1.436420e-03 5.639909e-02
9.979990e-01 1.434681e-03 5.640056e-02
9.984992e-01 1.432944e-03 5.640203e-02
9.989995e-01 1.431210e-03 5.640350e-02
9.994997e-01 1.429479e-03 5.640496e-02
1.000000e+00 1.427751e-03 5.640642e-02
