
 Phase Region for:
     BCC_A2
 col-1=X(C), col-2=X(SI), col-3=X(MN), col-4=X(CU), col-5=X(FE), col-6=MU(C), col-7=MU(SI), col-8=MU(MN), col-9=MU(CU), col-10=MU(FE),
  2.88620E-02  4.88001E-02  1.99585E-03  3.45098E-03  9.16891E-01  6.42253E+04  -1.31293E+05  -4.32646E+04  -4.43631E+03  -1.92183E+04
  9.99900E-03  4.97480E-02  2.03462E-03  3.51801E-03  9.34700E-01  5.89858E+04  -1.33553E+05  -4.18850E+04  -4.20471E+03  -1.90009E+04

 Phase Region for:
     BCC_A2
 col-1=X(C), col-2=X(SI), col-3=X(MN), col-4=X(CU), col-5=X(FE), col-6=MU(C), col-7=MU(SI), col-8=MU(MN), col-9=MU(CU), col-10=MU(FE),
  2.88620E-02  4.88001E-02  1.99585E-03  3.45098E-03  9.16891E-01  6.42253E+04  -1.31293E+05  -4.32646E+04  -4.43631E+03  -1.92183E+04
  2.87620E-02  4.88051E-02  1.99606E-03  3.45134E-03  9.16986E-01  6.42078E+04  -1.31305E+05  -4.32571E+04  -4.43503E+03  -1.92171E+04
  2.86620E-02  4.88102E-02  1.99626E-03  3.45169E-03  9.17080E-01  6.41902E+04  -1.31317E+05  -4.32496E+04  -4.43374E+03  -1.92160E+04
  2.85620E-02  4.88152E-02  1.99647E-03  3.45205E-03  9.17174E-01  6.41725E+04  -1.31330E+05  -4.32422E+04  -4.43245E+03  -1.92148E+04
  2.84620E-02  4.88202E-02  1.99667E-03  3.45240E-03  9.17269E-01  6.41548E+04  -1.31342E+05  -4.32347E+04  -4.43117E+03  -1.92136E+04
  2.83620E-02  4.88252E-02  1.99688E-03  3.45276E-03  9.17363E-01  6.41370E+04  -1.31354E+05  -4.32273E+04  -4.42988E+03  -1.92124E+04
  2.82620E-02  4.88303E-02  1.99708E-03  3.45311E-03  9.17458E-01  6.41191E+04  -1.31366E+05  -4.32198E+04  -4.42860E+03  -1.92112E+04
  2.81620E-02  4.88353E-02  1.99729E-03  3.45347E-03  9.17552E-01  6.41012E+04  -1.31378E+05  -4.32124E+04  -4.42731E+03  -1.92101E+04
  2.80620E-02  4.88403E-02  1.99749E-03  3.45382E-03  9.17646E-01  6.40833E+04  -1.31391E+05  -4.32049E+04  -4.42603E+03  -1.92089E+04
  2.79620E-02  4.88453E-02  1.99770E-03  3.45418E-03  9.17741E-01  6.40653E+04  -1.31403E+05  -4.31975E+04  -4.42475E+03  -1.92077E+04
  2.78620E-02  4.88504E-02  1.99790E-03  3.45453E-03  9.17835E-01  6.40472E+04  -1.31415E+05  -4.31900E+04  -4.42347E+03  -1.92065E+04
  2.77620E-02  4.88554E-02  1.99811E-03  3.45489E-03  9.17930E-01  6.40290E+04  -1.31427E+05  -4.31826E+04  -4.42219E+03  -1.92054E+04
  2.76620E-02  4.88604E-02  1.99832E-03  3.45524E-03  9.18024E-01  6.40108E+04  -1.31439E+05  -4.31751E+04  -4.42091E+03  -1.92042E+04
  2.75620E-02  4.88654E-02  1.99852E-03  3.45560E-03  9.18118E-01  6.39926E+04  -1.31452E+05  -4.31677E+04  -4.41963E+03  -1.92030E+04
  2.74620E-02  4.88705E-02  1.99873E-03  3.45596E-03  9.18213E-01  6.39742E+04  -1.31464E+05  -4.31602E+04  -4.41835E+03  -1.92018E+04
  2.73620E-02  4.88755E-02  1.99893E-03  3.45631E-03  9.18307E-01  6.39558E+04  -1.31476E+05  -4.31528E+04  -4.41707E+03  -1.92007E+04
  2.72620E-02  4.88805E-02  1.99914E-03  3.45667E-03  9.18402E-01  6.39374E+04  -1.31488E+05  -4.31453E+04  -4.41579E+03  -1.91995E+04
  2.71620E-02  4.88855E-02  1.99934E-03  3.45702E-03  9.18496E-01  6.39189E+04  -1.31500E+05  -4.31379E+04  -4.41451E+03  -1.91983E+04
  2.70620E-02  4.88906E-02  1.99955E-03  3.45738E-03  9.18590E-01  6.39003E+04  -1.31512E+05  -4.31305E+04  -4.41324E+03  -1.91971E+04
  2.69620E-02  4.88956E-02  1.99975E-03  3.45773E-03  9.18685E-01  6.38816E+04  -1.31525E+05  -4.31230E+04  -4.41196E+03  -1.91960E+04
  2.68620E-02  4.89006E-02  1.99996E-03  3.45809E-03  9.18779E-01  6.38629E+04  -1.31537E+05  -4.31156E+04  -4.41069E+03  -1.91948E+04
  2.67620E-02  4.89056E-02  2.00017E-03  3.45844E-03  9.18874E-01  6.38441E+04  -1.31549E+05  -4.31082E+04  -4.40941E+03  -1.91936E+04
  2.66620E-02  4.89107E-02  2.00037E-03  3.45880E-03  9.18968E-01  6.38253E+04  -1.31561E+05  -4.31007E+04  -4.40814E+03  -1.91924E+04
  2.65620E-02  4.89157E-02  2.00058E-03  3.45915E-03  9.19063E-01  6.38064E+04  -1.31573E+05  -4.30933E+04  -4.40687E+03  -1.91913E+04
  2.64620E-02  4.89207E-02  2.00078E-03  3.45951E-03  9.19157E-01  6.37874E+04  -1.31585E+05  -4.30859E+04  -4.40559E+03  -1.91901E+04
  2.63620E-02  4.89257E-02  2.00099E-03  3.45986E-03  9.19251E-01  6.37683E+04  -1.31597E+05  -4.30785E+04  -4.40432E+03  -1.91889E+04
  2.62620E-02  4.89308E-02  2.00119E-03  3.46022E-03  9.19346E-01  6.37492E+04  -1.31610E+05  -4.30710E+04  -4.40305E+03  -1.91877E+04
  2.61620E-02  4.89358E-02  2.00140E-03  3.46057E-03  9.19440E-01  6.37300E+04  -1.31622E+05  -4.30636E+04  -4.40178E+03  -1.91866E+04
  2.60620E-02  4.89408E-02  2.00160E-03  3.46093E-03  9.19535E-01  6.37108E+04  -1.31634E+05  -4.30562E+04  -4.40051E+03  -1.91854E+04
  2.59620E-02  4.89458E-02  2.00181E-03  3.46129E-03  9.19629E-01  6.36914E+04  -1.31646E+05  -4.30488E+04  -4.39924E+03  -1.91842E+04
  2.58620E-02  4.89509E-02  2.00202E-03  3.46164E-03  9.19723E-01  6.36720E+04  -1.31658E+05  -4.30414E+04  -4.39797E+03  -1.91831E+04
  2.57620E-02  4.89559E-02  2.00222E-03  3.46200E-03  9.19818E-01  6.36526E+04  -1.31670E+05  -4.30340E+04  -4.39670E+03  -1.91819E+04
  2.56620E-02  4.89609E-02  2.00243E-03  3.46235E-03  9.19912E-01  6.36330E+04  -1.31682E+05  -4.30265E+04  -4.39544E+03  -1.91807E+04
  2.55620E-02  4.89659E-02  2.00263E-03  3.46271E-03  9.20007E-01  6.36134E+04  -1.31694E+05  -4.30191E+04  -4.39417E+03  -1.91795E+04
  2.54620E-02  4.89710E-02  2.00284E-03  3.46306E-03  9.20101E-01  6.35937E+04  -1.31707E+05  -4.30117E+04  -4.39290E+03  -1.91784E+04
  2.53620E-02  4.89760E-02  2.00304E-03  3.46342E-03  9.20196E-01  6.35740E+04  -1.31719E+05  -4.30043E+04  -4.39164E+03  -1.91772E+04
  2.52620E-02  4.89810E-02  2.00325E-03  3.46377E-03  9.20290E-01  6.35541E+04  -1.31731E+05  -4.29969E+04  -4.39037E+03  -1.91760E+04
  2.51620E-02  4.89860E-02  2.00345E-03  3.46413E-03  9.20384E-01  6.35342E+04  -1.31743E+05  -4.29895E+04  -4.38911E+03  -1.91749E+04
  2.50620E-02  4.89911E-02  2.00366E-03  3.46448E-03  9.20479E-01  6.35142E+04  -1.31755E+05  -4.29821E+04  -4.38784E+03  -1.91737E+04
  2.49620E-02  4.89961E-02  2.00386E-03  3.46484E-03  9.20573E-01  6.34942E+04  -1.31767E+05  -4.29747E+04  -4.38658E+03  -1.91725E+04
  2.48620E-02  4.90011E-02  2.00407E-03  3.46519E-03  9.20668E-01  6.34741E+04  -1.31779E+05  -4.29673E+04  -4.38532E+03  -1.91714E+04
  2.47620E-02  4.90061E-02  2.00428E-03  3.46555E-03  9.20762E-01  6.34538E+04  -1.31791E+05  -4.29599E+04  -4.38406E+03  -1.91702E+04
  2.46620E-02  4.90112E-02  2.00448E-03  3.46591E-03  9.20856E-01  6.34336E+04  -1.31803E+05  -4.29525E+04  -4.38280E+03  -1.91690E+04
  2.45620E-02  4.90162E-02  2.00469E-03  3.46626E-03  9.20951E-01  6.34132E+04  -1.31816E+05  -4.29451E+04  -4.38154E+03  -1.91679E+04
  2.44620E-02  4.90212E-02  2.00489E-03  3.46662E-03  9.21045E-01  6.33927E+04  -1.31828E+05  -4.29377E+04  -4.38028E+03  -1.91667E+04
  2.43620E-02  4.90262E-02  2.00510E-03  3.46697E-03  9.21140E-01  6.33722E+04  -1.31840E+05  -4.29303E+04  -4.37902E+03  -1.91655E+04
  2.42620E-02  4.90313E-02  2.00530E-03  3.46733E-03  9.21234E-01  6.33516E+04  -1.31852E+05  -4.29229E+04  -4.37776E+03  -1.91644E+04
  2.41620E-02  4.90363E-02  2.00551E-03  3.46768E-03  9.21329E-01  6.33309E+04  -1.31864E+05  -4.29155E+04  -4.37650E+03  -1.91632E+04
  2.40620E-02  4.90413E-02  2.00571E-03  3.46804E-03  9.21423E-01  6.33102E+04  -1.31876E+05  -4.29082E+04  -4.37524E+03  -1.91620E+04
  2.39620E-02  4.90463E-02  2.00592E-03  3.46839E-03  9.21517E-01  6.32893E+04  -1.31888E+05  -4.29008E+04  -4.37399E+03  -1.91609E+04
  2.38620E-02  4.90514E-02  2.00613E-03  3.46875E-03  9.21612E-01  6.32684E+04  -1.31900E+05  -4.28934E+04  -4.37273E+03  -1.91597E+04
  2.37620E-02  4.90564E-02  2.00633E-03  3.46910E-03  9.21706E-01  6.32474E+04  -1.31912E+05  -4.28860E+04  -4.37148E+03  -1.91585E+04
  2.36620E-02  4.90614E-02  2.00654E-03  3.46946E-03  9.21801E-01  6.32263E+04  -1.31924E+05  -4.28786E+04  -4.37022E+03  -1.91574E+04
  2.35620E-02  4.90664E-02  2.00674E-03  3.46981E-03  9.21895E-01  6.32051E+04  -1.31936E+05  -4.28712E+04  -4.36897E+03  -1.91562E+04
  2.34620E-02  4.90715E-02  2.00695E-03  3.47017E-03  9.21989E-01  6.31838E+04  -1.31949E+05  -4.28639E+04  -4.36772E+03  -1.91550E+04
  2.33620E-02  4.90765E-02  2.00715E-03  3.47052E-03  9.22084E-01  6.31624E+04  -1.31961E+05  -4.28565E+04  -4.36646E+03  -1.91539E+04
  2.32620E-02  4.90815E-02  2.00736E-03  3.47088E-03  9.22178E-01  6.31410E+04  -1.31973E+05  -4.28491E+04  -4.36521E+03  -1.91527E+04
  2.31620E-02  4.90865E-02  2.00756E-03  3.47124E-03  9.22273E-01  6.31195E+04  -1.31985E+05  -4.28417E+04  -4.36396E+03  -1.91515E+04
  2.30620E-02  4.90916E-02  2.00777E-03  3.47159E-03  9.22367E-01  6.30978E+04  -1.31997E+05  -4.28344E+04  -4.36271E+03  -1.91504E+04
  2.29620E-02  4.90966E-02  2.00798E-03  3.47195E-03  9.22461E-01  6.30761E+04  -1.32009E+05  -4.28270E+04  -4.36146E+03  -1.91492E+04
  2.28620E-02  4.91016E-02  2.00818E-03  3.47230E-03  9.22556E-01  6.30543E+04  -1.32021E+05  -4.28196E+04  -4.36021E+03  -1.91481E+04
  2.27620E-02  4.91066E-02  2.00839E-03  3.47266E-03  9.22650E-01  6.30324E+04  -1.32033E+05  -4.28123E+04  -4.35896E+03  -1.91469E+04
  2.26620E-02  4.91117E-02  2.00859E-03  3.47301E-03  9.22745E-01  6.30105E+04  -1.32045E+05  -4.28049E+04  -4.35771E+03  -1.91457E+04
  2.25620E-02  4.91167E-02  2.00880E-03  3.47337E-03  9.22839E-01  6.29884E+04  -1.32057E+05  -4.27975E+04  -4.35647E+03  -1.91446E+04
  2.24620E-02  4.91217E-02  2.00900E-03  3.47372E-03  9.22934E-01  6.29662E+04  -1.32069E+05  -4.27902E+04  -4.35522E+03  -1.91434E+04
  2.23620E-02  4.91267E-02  2.00921E-03  3.47408E-03  9.23028E-01  6.29440E+04  -1.32081E+05  -4.27828E+04  -4.35397E+03  -1.91422E+04
  2.22620E-02  4.91318E-02  2.00941E-03  3.47443E-03  9.23122E-01  6.29216E+04  -1.32093E+05  -4.27755E+04  -4.35273E+03  -1.91411E+04
  2.21620E-02  4.91368E-02  2.00962E-03  3.47479E-03  9.23217E-01  6.28991E+04  -1.32105E+05  -4.27681E+04  -4.35148E+03  -1.91399E+04
  2.20620E-02  4.91418E-02  2.00982E-03  3.47514E-03  9.23311E-01  6.28766E+04  -1.32117E+05  -4.27608E+04  -4.35024E+03  -1.91388E+04
  2.19620E-02  4.91468E-02  2.01003E-03  3.47550E-03  9.23406E-01  6.28539E+04  -1.32129E+05  -4.27534E+04  -4.34899E+03  -1.91376E+04
  2.18620E-02  4.91519E-02  2.01024E-03  3.47586E-03  9.23500E-01  6.28312E+04  -1.32141E+05  -4.27460E+04  -4.34775E+03  -1.91364E+04
  2.17620E-02  4.91569E-02  2.01044E-03  3.47621E-03  9.23594E-01  6.28083E+04  -1.32153E+05  -4.27387E+04  -4.34651E+03  -1.91353E+04
  2.16620E-02  4.91619E-02  2.01065E-03  3.47657E-03  9.23689E-01  6.27854E+04  -1.32165E+05  -4.27313E+04  -4.34527E+03  -1.91341E+04
  2.15620E-02  4.91669E-02  2.01085E-03  3.47692E-03  9.23783E-01  6.27623E+04  -1.32177E+05  -4.27240E+04  -4.34403E+03  -1.91330E+04
  2.14620E-02  4.91720E-02  2.01106E-03  3.47728E-03  9.23878E-01  6.27392E+04  -1.32190E+05  -4.27167E+04  -4.34279E+03  -1.91318E+04
  2.13620E-02  4.91770E-02  2.01126E-03  3.47763E-03  9.23972E-01  6.27159E+04  -1.32202E+05  -4.27093E+04  -4.34155E+03  -1.91306E+04
  2.12620E-02  4.91820E-02  2.01147E-03  3.47799E-03  9.24067E-01  6.26926E+04  -1.32214E+05  -4.27020E+04  -4.34031E+03  -1.91295E+04
  2.11620E-02  4.91870E-02  2.01167E-03  3.47834E-03  9.24161E-01  6.26691E+04  -1.32226E+05  -4.26946E+04  -4.33907E+03  -1.91283E+04
  2.10620E-02  4.91921E-02  2.01188E-03  3.47870E-03  9.24255E-01  6.26455E+04  -1.32238E+05  -4.26873E+04  -4.33783E+03  -1.91272E+04
  2.09620E-02  4.91971E-02  2.01209E-03  3.47905E-03  9.24350E-01  6.26219E+04  -1.32250E+05  -4.26800E+04  -4.33659E+03  -1.91260E+04
  2.08620E-02  4.92021E-02  2.01229E-03  3.47941E-03  9.24444E-01  6.25981E+04  -1.32262E+05  -4.26726E+04  -4.33536E+03  -1.91249E+04
  2.07620E-02  4.92071E-02  2.01250E-03  3.47976E-03  9.24539E-01  6.25742E+04  -1.32274E+05  -4.26653E+04  -4.33412E+03  -1.91237E+04
  2.06620E-02  4.92122E-02  2.01270E-03  3.48012E-03  9.24633E-01  6.25502E+04  -1.32286E+05  -4.26579E+04  -4.33288E+03  -1.91225E+04
  2.05620E-02  4.92172E-02  2.01291E-03  3.48047E-03  9.24727E-01  6.25261E+04  -1.32298E+05  -4.26506E+04  -4.33165E+03  -1.91214E+04
  2.04620E-02  4.92222E-02  2.01311E-03  3.48083E-03  9.24822E-01  6.25018E+04  -1.32310E+05  -4.26433E+04  -4.33042E+03  -1.91202E+04
  2.03620E-02  4.92272E-02  2.01332E-03  3.48119E-03  9.24916E-01  6.24775E+04  -1.32322E+05  -4.26360E+04  -4.32918E+03  -1.91191E+04
  2.02620E-02  4.92323E-02  2.01352E-03  3.48154E-03  9.25011E-01  6.24530E+04  -1.32334E+05  -4.26286E+04  -4.32795E+03  -1.91179E+04
  2.01620E-02  4.92373E-02  2.01373E-03  3.48190E-03  9.25105E-01  6.24284E+04  -1.32346E+05  -4.26213E+04  -4.32672E+03  -1.91168E+04
  2.00620E-02  4.92423E-02  2.01394E-03  3.48225E-03  9.25200E-01  6.24038E+04  -1.32358E+05  -4.26140E+04  -4.32549E+03  -1.91156E+04
  1.99620E-02  4.92473E-02  2.01414E-03  3.48261E-03  9.25294E-01  6.23789E+04  -1.32370E+05  -4.26067E+04  -4.32425E+03  -1.91145E+04
  1.98620E-02  4.92524E-02  2.01435E-03  3.48296E-03  9.25388E-01  6.23540E+04  -1.32382E+05  -4.25993E+04  -4.32302E+03  -1.91133E+04
  1.97620E-02  4.92574E-02  2.01455E-03  3.48332E-03  9.25483E-01  6.23290E+04  -1.32394E+05  -4.25920E+04  -4.32179E+03  -1.91122E+04
  1.96620E-02  4.92624E-02  2.01476E-03  3.48367E-03  9.25577E-01  6.23038E+04  -1.32406E+05  -4.25847E+04  -4.32057E+03  -1.91110E+04
  1.95620E-02  4.92674E-02  2.01496E-03  3.48403E-03  9.25672E-01  6.22785E+04  -1.32418E+05  -4.25774E+04  -4.31934E+03  -1.91098E+04
  1.94620E-02  4.92725E-02  2.01517E-03  3.48438E-03  9.25766E-01  6.22531E+04  -1.32430E+05  -4.25701E+04  -4.31811E+03  -1.91087E+04
  1.93620E-02  4.92775E-02  2.01537E-03  3.48474E-03  9.25860E-01  6.22275E+04  -1.32442E+05  -4.25628E+04  -4.31688E+03  -1.91075E+04
  1.92620E-02  4.92825E-02  2.01558E-03  3.48509E-03  9.25955E-01  6.22019E+04  -1.32454E+05  -4.25555E+04  -4.31566E+03  -1.91064E+04
  1.91620E-02  4.92875E-02  2.01578E-03  3.48545E-03  9.26049E-01  6.21761E+04  -1.32465E+05  -4.25481E+04  -4.31443E+03  -1.91052E+04
  1.90620E-02  4.92926E-02  2.01599E-03  3.48580E-03  9.26144E-01  6.21501E+04  -1.32477E+05  -4.25408E+04  -4.31320E+03  -1.91041E+04
  1.89620E-02  4.92976E-02  2.01620E-03  3.48616E-03  9.26238E-01  6.21241E+04  -1.32489E+05  -4.25335E+04  -4.31198E+03  -1.91029E+04
  1.88620E-02  4.93026E-02  2.01640E-03  3.48652E-03  9.26332E-01  6.20979E+04  -1.32501E+05  -4.25262E+04  -4.31075E+03  -1.91018E+04
  1.87620E-02  4.93076E-02  2.01661E-03  3.48687E-03  9.26427E-01  6.20715E+04  -1.32513E+05  -4.25189E+04  -4.30953E+03  -1.91006E+04
  1.86620E-02  4.93127E-02  2.01681E-03  3.48723E-03  9.26521E-01  6.20451E+04  -1.32525E+05  -4.25116E+04  -4.30831E+03  -1.90995E+04
  1.85620E-02  4.93177E-02  2.01702E-03  3.48758E-03  9.26616E-01  6.20185E+04  -1.32537E+05  -4.25043E+04  -4.30709E+03  -1.90983E+04
  1.84620E-02  4.93227E-02  2.01722E-03  3.48794E-03  9.26710E-01  6.19917E+04  -1.32549E+05  -4.24970E+04  -4.30586E+03  -1.90972E+04
  1.83620E-02  4.93277E-02  2.01743E-03  3.48829E-03  9.26805E-01  6.19649E+04  -1.32561E+05  -4.24897E+04  -4.30464E+03  -1.90960E+04
  1.82620E-02  4.93328E-02  2.01763E-03  3.48865E-03  9.26899E-01  6.19379E+04  -1.32573E+05  -4.24824E+04  -4.30342E+03  -1.90949E+04
  1.81620E-02  4.93378E-02  2.01784E-03  3.48900E-03  9.26993E-01  6.19107E+04  -1.32585E+05  -4.24751E+04  -4.30220E+03  -1.90937E+04
  1.80620E-02  4.93428E-02  2.01805E-03  3.48936E-03  9.27088E-01  6.18834E+04  -1.32597E+05  -4.24678E+04  -4.30098E+03  -1.90926E+04
  1.79620E-02  4.93478E-02  2.01825E-03  3.48971E-03  9.27182E-01  6.18559E+04  -1.32609E+05  -4.24606E+04  -4.29977E+03  -1.90914E+04
  1.78620E-02  4.93529E-02  2.01846E-03  3.49007E-03  9.27277E-01  6.18283E+04  -1.32621E+05  -4.24533E+04  -4.29855E+03  -1.90903E+04
  1.77620E-02  4.93579E-02  2.01866E-03  3.49042E-03  9.27371E-01  6.18006E+04  -1.32633E+05  -4.24460E+04  -4.29733E+03  -1.90891E+04
  1.76620E-02  4.93629E-02  2.01887E-03  3.49078E-03  9.27465E-01  6.17727E+04  -1.32645E+05  -4.24387E+04  -4.29611E+03  -1.90880E+04
  1.75620E-02  4.93679E-02  2.01907E-03  3.49114E-03  9.27560E-01  6.17446E+04  -1.32657E+05  -4.24314E+04  -4.29490E+03  -1.90868E+04
  1.74620E-02  4.93730E-02  2.01928E-03  3.49149E-03  9.27654E-01  6.17164E+04  -1.32669E+05  -4.24241E+04  -4.29368E+03  -1.90857E+04
  1.73620E-02  4.93780E-02  2.01948E-03  3.49185E-03  9.27749E-01  6.16881E+04  -1.32681E+05  -4.24168E+04  -4.29247E+03  -1.90846E+04
  1.72620E-02  4.93830E-02  2.01969E-03  3.49220E-03  9.27843E-01  6.16595E+04  -1.32693E+05  -4.24096E+04  -4.29125E+03  -1.90834E+04
  1.71620E-02  4.93880E-02  2.01990E-03  3.49256E-03  9.27938E-01  6.16309E+04  -1.32704E+05  -4.24023E+04  -4.29004E+03  -1.90823E+04
  1.70620E-02  4.93931E-02  2.02010E-03  3.49291E-03  9.28032E-01  6.16020E+04  -1.32716E+05  -4.23950E+04  -4.28883E+03  -1.90811E+04
  1.69620E-02  4.93981E-02  2.02031E-03  3.49327E-03  9.28126E-01  6.15730E+04  -1.32728E+05  -4.23877E+04  -4.28762E+03  -1.90800E+04
  1.68620E-02  4.94031E-02  2.02051E-03  3.49362E-03  9.28221E-01  6.15439E+04  -1.32740E+05  -4.23805E+04  -4.28640E+03  -1.90788E+04
  1.67620E-02  4.94081E-02  2.02072E-03  3.49398E-03  9.28315E-01  6.15145E+04  -1.32752E+05  -4.23732E+04  -4.28519E+03  -1.90777E+04
  1.66620E-02  4.94132E-02  2.02092E-03  3.49433E-03  9.28410E-01  6.14850E+04  -1.32764E+05  -4.23659E+04  -4.28398E+03  -1.90765E+04
  1.65620E-02  4.94182E-02  2.02113E-03  3.49469E-03  9.28504E-01  6.14553E+04  -1.32776E+05  -4.23587E+04  -4.28277E+03  -1.90754E+04
  1.64620E-02  4.94232E-02  2.02133E-03  3.49504E-03  9.28598E-01  6.14255E+04  -1.32788E+05  -4.23514E+04  -4.28156E+03  -1.90742E+04
  1.63620E-02  4.94282E-02  2.02154E-03  3.49540E-03  9.28693E-01  6.13954E+04  -1.32800E+05  -4.23441E+04  -4.28036E+03  -1.90731E+04
  1.62620E-02  4.94333E-02  2.02174E-03  3.49575E-03  9.28787E-01  6.13652E+04  -1.32812E+05  -4.23369E+04  -4.27915E+03  -1.90720E+04
  1.61620E-02  4.94383E-02  2.02195E-03  3.49611E-03  9.28882E-01  6.13349E+04  -1.32824E+05  -4.23296E+04  -4.27794E+03  -1.90708E+04
  1.60620E-02  4.94433E-02  2.02216E-03  3.49647E-03  9.28976E-01  6.13043E+04  -1.32835E+05  -4.23223E+04  -4.27673E+03  -1.90697E+04
  1.59620E-02  4.94483E-02  2.02236E-03  3.49682E-03  9.29071E-01  6.12735E+04  -1.32847E+05  -4.23151E+04  -4.27553E+03  -1.90685E+04
  1.58620E-02  4.94534E-02  2.02257E-03  3.49718E-03  9.29165E-01  6.12426E+04  -1.32859E+05  -4.23078E+04  -4.27432E+03  -1.90674E+04
  1.57620E-02  4.94584E-02  2.02277E-03  3.49753E-03  9.29259E-01  6.12115E+04  -1.32871E+05  -4.23006E+04  -4.27312E+03  -1.90662E+04
  1.56620E-02  4.94634E-02  2.02298E-03  3.49789E-03  9.29354E-01  6.11801E+04  -1.32883E+05  -4.22933E+04  -4.27191E+03  -1.90651E+04
  1.55620E-02  4.94684E-02  2.02318E-03  3.49824E-03  9.29448E-01  6.11486E+04  -1.32895E+05  -4.22861E+04  -4.27071E+03  -1.90640E+04
  1.54620E-02  4.94735E-02  2.02339E-03  3.49860E-03  9.29543E-01  6.11169E+04  -1.32907E+05  -4.22788E+04  -4.26951E+03  -1.90628E+04
  1.53620E-02  4.94785E-02  2.02359E-03  3.49895E-03  9.29637E-01  6.10850E+04  -1.32919E+05  -4.22716E+04  -4.26830E+03  -1.90617E+04
  1.52620E-02  4.94835E-02  2.02380E-03  3.49931E-03  9.29731E-01  6.10529E+04  -1.32931E+05  -4.22643E+04  -4.26710E+03  -1.90605E+04
  1.51620E-02  4.94885E-02  2.02401E-03  3.49966E-03  9.29826E-01  6.10206E+04  -1.32942E+05  -4.22571E+04  -4.26590E+03  -1.90594E+04
  1.50620E-02  4.94936E-02  2.02421E-03  3.50002E-03  9.29920E-01  6.09881E+04  -1.32954E+05  -4.22498E+04  -4.26470E+03  -1.90583E+04
  1.49620E-02  4.94986E-02  2.02442E-03  3.50037E-03  9.30015E-01  6.09553E+04  -1.32966E+05  -4.22426E+04  -4.26350E+03  -1.90571E+04
  1.48620E-02  4.95036E-02  2.02462E-03  3.50073E-03  9.30109E-01  6.09224E+04  -1.32978E+05  -4.22353E+04  -4.26230E+03  -1.90560E+04
  1.47620E-02  4.95086E-02  2.02483E-03  3.50109E-03  9.30203E-01  6.08892E+04  -1.32990E+05  -4.22281E+04  -4.26110E+03  -1.90548E+04
  1.46620E-02  4.95137E-02  2.02503E-03  3.50144E-03  9.30298E-01  6.08558E+04  -1.33002E+05  -4.22209E+04  -4.25990E+03  -1.90537E+04
  1.45620E-02  4.95187E-02  2.02524E-03  3.50180E-03  9.30392E-01  6.08222E+04  -1.33014E+05  -4.22136E+04  -4.25871E+03  -1.90526E+04
  1.44620E-02  4.95237E-02  2.02544E-03  3.50215E-03  9.30487E-01  6.07884E+04  -1.33026E+05  -4.22064E+04  -4.25751E+03  -1.90514E+04
  1.43620E-02  4.95287E-02  2.02565E-03  3.50251E-03  9.30581E-01  6.07544E+04  -1.33037E+05  -4.21992E+04  -4.25631E+03  -1.90503E+04
  1.42620E-02  4.95338E-02  2.02586E-03  3.50286E-03  9.30675E-01  6.07201E+04  -1.33049E+05  -4.21919E+04  -4.25512E+03  -1.90491E+04
  1.41620E-02  4.95388E-02  2.02606E-03  3.50322E-03  9.30770E-01  6.06855E+04  -1.33061E+05  -4.21847E+04  -4.25392E+03  -1.90480E+04
  1.40620E-02  4.95438E-02  2.02627E-03  3.50357E-03  9.30864E-01  6.06508E+04  -1.33073E+05  -4.21775E+04  -4.25273E+03  -1.90469E+04
  1.39620E-02  4.95488E-02  2.02647E-03  3.50393E-03  9.30959E-01  6.06158E+04  -1.33085E+05  -4.21702E+04  -4.25154E+03  -1.90457E+04
  1.38620E-02  4.95539E-02  2.02668E-03  3.50428E-03  9.31053E-01  6.05806E+04  -1.33097E+05  -4.21630E+04  -4.25034E+03  -1.90446E+04
  1.37620E-02  4.95589E-02  2.02688E-03  3.50464E-03  9.31148E-01  6.05451E+04  -1.33109E+05  -4.21558E+04  -4.24915E+03  -1.90435E+04
  1.36620E-02  4.95639E-02  2.02709E-03  3.50499E-03  9.31242E-01  6.05093E+04  -1.33120E+05  -4.21486E+04  -4.24796E+03  -1.90423E+04
  1.35620E-02  4.95689E-02  2.02729E-03  3.50535E-03  9.31336E-01  6.04733E+04  -1.33132E+05  -4.21413E+04  -4.24677E+03  -1.90412E+04
  1.34620E-02  4.95740E-02  2.02750E-03  3.50570E-03  9.31431E-01  6.04371E+04  -1.33144E+05  -4.21341E+04  -4.24558E+03  -1.90400E+04
  1.33620E-02  4.95790E-02  2.02770E-03  3.50606E-03  9.31525E-01  6.04006E+04  -1.33156E+05  -4.21269E+04  -4.24439E+03  -1.90389E+04
  1.32620E-02  4.95840E-02  2.02791E-03  3.50642E-03  9.31620E-01  6.03638E+04  -1.33168E+05  -4.21197E+04  -4.24320E+03  -1.90378E+04
  1.31620E-02  4.95890E-02  2.02812E-03  3.50677E-03  9.31714E-01  6.03267E+04  -1.33180E+05  -4.21125E+04  -4.24201E+03  -1.90366E+04
  1.30620E-02  4.95941E-02  2.02832E-03  3.50713E-03  9.31808E-01  6.02894E+04  -1.33191E+05  -4.21053E+04  -4.24082E+03  -1.90355E+04
  1.29620E-02  4.95991E-02  2.02853E-03  3.50748E-03  9.31903E-01  6.02518E+04  -1.33203E+05  -4.20980E+04  -4.23963E+03  -1.90344E+04
  1.28620E-02  4.96041E-02  2.02873E-03  3.50784E-03  9.31997E-01  6.02139E+04  -1.33215E+05  -4.20908E+04  -4.23844E+03  -1.90332E+04
  1.27620E-02  4.96091E-02  2.02894E-03  3.50819E-03  9.32092E-01  6.01757E+04  -1.33227E+05  -4.20836E+04  -4.23726E+03  -1.90321E+04
  1.26620E-02  4.96142E-02  2.02914E-03  3.50855E-03  9.32186E-01  6.01372E+04  -1.33239E+05  -4.20764E+04  -4.23607E+03  -1.90310E+04
  1.25620E-02  4.96192E-02  2.02935E-03  3.50890E-03  9.32281E-01  6.00985E+04  -1.33251E+05  -4.20692E+04  -4.23489E+03  -1.90298E+04
  1.24620E-02  4.96242E-02  2.02955E-03  3.50926E-03  9.32375E-01  6.00594E+04  -1.33262E+05  -4.20620E+04  -4.23370E+03  -1.90287E+04
  1.23620E-02  4.96292E-02  2.02976E-03  3.50961E-03  9.32469E-01  6.00200E+04  -1.33274E+05  -4.20548E+04  -4.23252E+03  -1.90276E+04
  1.22620E-02  4.96343E-02  2.02997E-03  3.50997E-03  9.32564E-01  5.99803E+04  -1.33286E+05  -4.20476E+04  -4.23133E+03  -1.90264E+04
  1.21620E-02  4.96393E-02  2.03017E-03  3.51032E-03  9.32658E-01  5.99403E+04  -1.33298E+05  -4.20404E+04  -4.23015E+03  -1.90253E+04
  1.20620E-02  4.96443E-02  2.03038E-03  3.51068E-03  9.32753E-01  5.99000E+04  -1.33310E+05  -4.20332E+04  -4.22897E+03  -1.90242E+04
  1.19620E-02  4.96493E-02  2.03058E-03  3.51104E-03  9.32847E-01  5.98593E+04  -1.33321E+05  -4.20260E+04  -4.22779E+03  -1.90230E+04
  1.18620E-02  4.96544E-02  2.03079E-03  3.51139E-03  9.32941E-01  5.98183E+04  -1.33333E+05  -4.20188E+04  -4.22661E+03  -1.90219E+04
  1.17620E-02  4.96594E-02  2.03099E-03  3.51175E-03  9.33036E-01  5.97770E+04  -1.33345E+05  -4.20116E+04  -4.22543E+03  -1.90208E+04
  1.16620E-02  4.96644E-02  2.03120E-03  3.51210E-03  9.33130E-01  5.97353E+04  -1.33357E+05  -4.20044E+04  -4.22425E+03  -1.90196E+04
  1.15620E-02  4.96694E-02  2.03140E-03  3.51246E-03  9.33225E-01  5.96933E+04  -1.33369E+05  -4.19972E+04  -4.22307E+03  -1.90185E+04
  1.14620E-02  4.96745E-02  2.03161E-03  3.51281E-03  9.33319E-01  5.96509E+04  -1.33380E+05  -4.19900E+04  -4.22189E+03  -1.90174E+04
  1.13620E-02  4.96795E-02  2.03182E-03  3.51317E-03  9.33414E-01  5.96082E+04  -1.33392E+05  -4.19829E+04  -4.22071E+03  -1.90163E+04
  1.12620E-02  4.96845E-02  2.03202E-03  3.51352E-03  9.33508E-01  5.95651E+04  -1.33404E+05  -4.19757E+04  -4.21953E+03  -1.90151E+04
  1.11620E-02  4.96895E-02  2.03223E-03  3.51388E-03  9.33602E-01  5.95216E+04  -1.33416E+05  -4.19685E+04  -4.21836E+03  -1.90140E+04
  1.10620E-02  4.96946E-02  2.03243E-03  3.51423E-03  9.33697E-01  5.94777E+04  -1.33428E+05  -4.19613E+04  -4.21718E+03  -1.90129E+04
  1.09620E-02  4.96996E-02  2.03264E-03  3.51459E-03  9.33791E-01  5.94335E+04  -1.33439E+05  -4.19541E+04  -4.21601E+03  -1.90117E+04
  1.08620E-02  4.97046E-02  2.03284E-03  3.51494E-03  9.33886E-01  5.93888E+04  -1.33451E+05  -4.19469E+04  -4.21483E+03  -1.90106E+04
  1.07620E-02  4.97096E-02  2.03305E-03  3.51530E-03  9.33980E-01  5.93437E+04  -1.33463E+05  -4.19398E+04  -4.21366E+03  -1.90095E+04
  1.06620E-02  4.97147E-02  2.03325E-03  3.51565E-03  9.34074E-01  5.92983E+04  -1.33475E+05  -4.19326E+04  -4.21248E+03  -1.90083E+04
  1.05620E-02  4.97197E-02  2.03346E-03  3.51601E-03  9.34169E-01  5.92524E+04  -1.33486E+05  -4.19254E+04  -4.21131E+03  -1.90072E+04
  1.04620E-02  4.97247E-02  2.03366E-03  3.51637E-03  9.34263E-01  5.92061E+04  -1.33498E+05  -4.19182E+04  -4.21014E+03  -1.90061E+04
  1.03620E-02  4.97297E-02  2.03387E-03  3.51672E-03  9.34358E-01  5.91593E+04  -1.33510E+05  -4.19111E+04  -4.20896E+03  -1.90050E+04
  1.02620E-02  4.97348E-02  2.03408E-03  3.51708E-03  9.34452E-01  5.91121E+04  -1.33522E+05  -4.19039E+04  -4.20779E+03  -1.90038E+04
  1.01620E-02  4.97398E-02  2.03428E-03  3.51743E-03  9.34546E-01  5.90645E+04  -1.33533E+05  -4.18967E+04  -4.20662E+03  -1.90027E+04
  1.00620E-02  4.97448E-02  2.03449E-03  3.51779E-03  9.34641E-01  5.90164E+04  -1.33545E+05  -4.18896E+04  -4.20545E+03  -1.90016E+04
  9.96201E-03  4.97498E-02  2.03469E-03  3.51814E-03  9.34735E-01  5.89678E+04  -1.33557E+05  -4.18824E+04  -4.20428E+03  -1.90005E+04
  9.86201E-03  4.97549E-02  2.03490E-03  3.51850E-03  9.34830E-01  5.89187E+04  -1.33569E+05  -4.18752E+04  -4.20311E+03  -1.89993E+04
  9.76201E-03  4.97599E-02  2.03510E-03  3.51885E-03  9.34924E-01  5.88692E+04  -1.33581E+05  -4.18681E+04  -4.20195E+03  -1.89982E+04
  9.66201E-03  4.97649E-02  2.03531E-03  3.51921E-03  9.35019E-01  5.88191E+04  -1.33592E+05  -4.18609E+04  -4.20078E+03  -1.89971E+04
  9.56201E-03  4.97699E-02  2.03551E-03  3.51956E-03  9.35113E-01  5.87686E+04  -1.33604E+05  -4.18537E+04  -4.19961E+03  -1.89960E+04
  9.46201E-03  4.97750E-02  2.03572E-03  3.51992E-03  9.35207E-01  5.87175E+04  -1.33616E+05  -4.18466E+04  -4.19844E+03  -1.89948E+04
  9.36201E-03  4.97800E-02  2.03593E-03  3.52027E-03  9.35302E-01  5.86659E+04  -1.33627E+05  -4.18394E+04  -4.19728E+03  -1.89937E+04
  9.26201E-03  4.97850E-02  2.03613E-03  3.52063E-03  9.35396E-01  5.86137E+04  -1.33639E+05  -4.18323E+04  -4.19611E+03  -1.89926E+04
  9.16201E-03  4.97900E-02  2.03634E-03  3.52099E-03  9.35491E-01  5.85610E+04  -1.33651E+05  -4.18251E+04  -4.19495E+03  -1.89915E+04
  9.06201E-03  4.97951E-02  2.03654E-03  3.52134E-03  9.35585E-01  5.85077E+04  -1.33663E+05  -4.18180E+04  -4.19378E+03  -1.89903E+04
  8.96201E-03  4.98001E-02  2.03675E-03  3.52170E-03  9.35679E-01  5.84539E+04  -1.33674E+05  -4.18108E+04  -4.19262E+03  -1.89892E+04
  8.86201E-03  4.98051E-02  2.03695E-03  3.52205E-03  9.35774E-01  5.83994E+04  -1.33686E+05  -4.18037E+04  -4.19146E+03  -1.89881E+04
  8.76201E-03  4.98101E-02  2.03716E-03  3.52241E-03  9.35868E-01  5.83444E+04  -1.33698E+05  -4.17965E+04  -4.19029E+03  -1.89870E+04
  8.66201E-03  4.98152E-02  2.03736E-03  3.52276E-03  9.35963E-01  5.82887E+04  -1.33710E+05  -4.17894E+04  -4.18913E+03  -1.89858E+04
  8.56201E-03  4.98202E-02  2.03757E-03  3.52312E-03  9.36057E-01  5.82324E+04  -1.33721E+05  -4.17822E+04  -4.18797E+03  -1.89847E+04
  8.46201E-03  4.98252E-02  2.03778E-03  3.52347E-03  9.36152E-01  5.81754E+04  -1.33733E+05  -4.17751E+04  -4.18681E+03  -1.89836E+04
  8.36201E-03  4.98302E-02  2.03798E-03  3.52383E-03  9.36246E-01  5.81178E+04  -1.33745E+05  -4.17679E+04  -4.18565E+03  -1.89825E+04
  8.26201E-03  4.98353E-02  2.03819E-03  3.52418E-03  9.36340E-01  5.80595E+04  -1.33757E+05  -4.17608E+04  -4.18449E+03  -1.89814E+04
  8.16201E-03  4.98403E-02  2.03839E-03  3.52454E-03  9.36435E-01  5.80004E+04  -1.33768E+05  -4.17537E+04  -4.18333E+03  -1.89802E+04
  8.06201E-03  4.98453E-02  2.03860E-03  3.52489E-03  9.36529E-01  5.79407E+04  -1.33780E+05  -4.17465E+04  -4.18217E+03  -1.89791E+04
  7.96201E-03  4.98503E-02  2.03880E-03  3.52525E-03  9.36624E-01  5.78803E+04  -1.33792E+05  -4.17394E+04  -4.18102E+03  -1.89780E+04
  7.86201E-03  4.98554E-02  2.03901E-03  3.52560E-03  9.36718E-01  5.78191E+04  -1.33803E+05  -4.17323E+04  -4.17986E+03  -1.89769E+04
  7.76201E-03  4.98604E-02  2.03921E-03  3.52596E-03  9.36812E-01  5.77571E+04  -1.33815E+05  -4.17251E+04  -4.17870E+03  -1.89758E+04
  7.66201E-03  4.98654E-02  2.03942E-03  3.52632E-03  9.36907E-01  5.76943E+04  -1.33827E+05  -4.17180E+04  -4.17755E+03  -1.89746E+04
  7.56201E-03  4.98704E-02  2.03962E-03  3.52667E-03  9.37001E-01  5.76307E+04  -1.33839E+05  -4.17109E+04  -4.17639E+03  -1.89735E+04
  7.46201E-03  4.98755E-02  2.03983E-03  3.52703E-03  9.37096E-01  5.75663E+04  -1.33850E+05  -4.17037E+04  -4.17524E+03  -1.89724E+04
  7.36201E-03  4.98805E-02  2.04004E-03  3.52738E-03  9.37190E-01  5.75010E+04  -1.33862E+05  -4.16966E+04  -4.17408E+03  -1.89713E+04
  7.26201E-03  4.98855E-02  2.04024E-03  3.52774E-03  9.37285E-01  5.74349E+04  -1.33874E+05  -4.16895E+04  -4.17293E+03  -1.89702E+04
  7.16201E-03  4.98905E-02  2.04045E-03  3.52809E-03  9.37379E-01  5.73678E+04  -1.33885E+05  -4.16824E+04  -4.17178E+03  -1.89690E+04
  7.06201E-03  4.98956E-02  2.04065E-03  3.52845E-03  9.37473E-01  5.72998E+04  -1.33897E+05  -4.16752E+04  -4.17062E+03  -1.89679E+04
  6.96201E-03  4.99006E-02  2.04086E-03  3.52880E-03  9.37568E-01  5.72309E+04  -1.33909E+05  -4.16681E+04  -4.16947E+03  -1.89668E+04
  6.86201E-03  4.99056E-02  2.04106E-03  3.52916E-03  9.37662E-01  5.71610E+04  -1.33920E+05  -4.16610E+04  -4.16832E+03  -1.89657E+04
  6.76201E-03  4.99106E-02  2.04127E-03  3.52951E-03  9.37757E-01  5.70900E+04  -1.33932E+05  -4.16539E+04  -4.16717E+03  -1.89646E+04
  6.66201E-03  4.99157E-02  2.04147E-03  3.52987E-03  9.37851E-01  5.70181E+04  -1.33944E+05  -4.16468E+04  -4.16602E+03  -1.89634E+04
  6.56201E-03  4.99207E-02  2.04168E-03  3.53022E-03  9.37945E-01  5.69450E+04  -1.33955E+05  -4.16397E+04  -4.16487E+03  -1.89623E+04
  6.46201E-03  4.99257E-02  2.04189E-03  3.53058E-03  9.38040E-01  5.68709E+04  -1.33967E+05  -4.16325E+04  -4.16372E+03  -1.89612E+04
  6.36201E-03  4.99307E-02  2.04209E-03  3.53093E-03  9.38134E-01  5.67956E+04  -1.33979E+05  -4.16254E+04  -4.16258E+03  -1.89601E+04
  6.26201E-03  4.99358E-02  2.04230E-03  3.53129E-03  9.38229E-01  5.67191E+04  -1.33990E+05  -4.16183E+04  -4.16143E+03  -1.89590E+04
  6.16201E-03  4.99408E-02  2.04250E-03  3.53165E-03  9.38323E-01  5.66414E+04  -1.34002E+05  -4.16112E+04  -4.16028E+03  -1.89579E+04
  6.06201E-03  4.99458E-02  2.04271E-03  3.53200E-03  9.38417E-01  5.65624E+04  -1.34014E+05  -4.16041E+04  -4.15913E+03  -1.89568E+04
  5.96201E-03  4.99508E-02  2.04291E-03  3.53236E-03  9.38512E-01  5.64822E+04  -1.34025E+05  -4.15970E+04  -4.15799E+03  -1.89556E+04
  5.86201E-03  4.99559E-02  2.04312E-03  3.53271E-03  9.38606E-01  5.64006E+04  -1.34037E+05  -4.15899E+04  -4.15684E+03  -1.89545E+04
  5.76201E-03  4.99609E-02  2.04332E-03  3.53307E-03  9.38701E-01  5.63177E+04  -1.34049E+05  -4.15828E+04  -4.15570E+03  -1.89534E+04
  5.66201E-03  4.99659E-02  2.04353E-03  3.53342E-03  9.38795E-01  5.62332E+04  -1.34060E+05  -4.15757E+04  -4.15455E+03  -1.89523E+04
  5.56201E-03  4.99709E-02  2.04374E-03  3.53378E-03  9.38890E-01  5.61474E+04  -1.34072E+05  -4.15686E+04  -4.15341E+03  -1.89512E+04
  5.46201E-03  4.99760E-02  2.04394E-03  3.53413E-03  9.38984E-01  5.60599E+04  -1.34084E+05  -4.15615E+04  -4.15227E+03  -1.89501E+04
  5.36201E-03  4.99810E-02  2.04415E-03  3.53449E-03  9.39078E-01  5.59709E+04  -1.34095E+05  -4.15544E+04  -4.15113E+03  -1.89490E+04
  5.26201E-03  4.99860E-02  2.04435E-03  3.53484E-03  9.39173E-01  5.58802E+04  -1.34107E+05  -4.15473E+04  -4.14998E+03  -1.89478E+04
  5.16201E-03  4.99910E-02  2.04456E-03  3.53520E-03  9.39267E-01  5.57878E+04  -1.34119E+05  -4.15402E+04  -4.14884E+03  -1.89467E+04
  5.06201E-03  4.99961E-02  2.04476E-03  3.53555E-03  9.39362E-01  5.56936E+04  -1.34130E+05  -4.15331E+04  -4.14770E+03  -1.89456E+04
  4.96201E-03  5.00011E-02  2.04497E-03  3.53591E-03  9.39456E-01  5.55975E+04  -1.34142E+05  -4.15260E+04  -4.14656E+03  -1.89445E+04
  4.86201E-03  5.00061E-02  2.04517E-03  3.53627E-03  9.39550E-01  5.54995E+04  -1.34154E+05  -4.15189E+04  -4.14542E+03  -1.89434E+04
  4.76201E-03  5.00111E-02  2.04538E-03  3.53662E-03  9.39645E-01  5.53995E+04  -1.34165E+05  -4.15119E+04  -4.14428E+03  -1.89423E+04
  4.66201E-03  5.00162E-02  2.04558E-03  3.53698E-03  9.39739E-01  5.52974E+04  -1.34177E+05  -4.15048E+04  -4.14315E+03  -1.89412E+04
  4.56201E-03  5.00212E-02  2.04579E-03  3.53733E-03  9.39834E-01  5.51931E+04  -1.34189E+05  -4.14977E+04  -4.14201E+03  -1.89401E+04
  4.46201E-03  5.00262E-02  2.04600E-03  3.53769E-03  9.39928E-01  5.50865E+04  -1.34200E+05  -4.14906E+04  -4.14087E+03  -1.89389E+04
  4.36201E-03  5.00312E-02  2.04620E-03  3.53804E-03  9.40023E-01  5.49775E+04  -1.34212E+05  -4.14835E+04  -4.13973E+03  -1.89378E+04
  4.26201E-03  5.00363E-02  2.04641E-03  3.53840E-03  9.40117E-01  5.48660E+04  -1.34223E+05  -4.14764E+04  -4.13860E+03  -1.89367E+04
  4.16201E-03  5.00413E-02  2.04661E-03  3.53875E-03  9.40211E-01  5.47519E+04  -1.34235E+05  -4.14694E+04  -4.13746E+03  -1.89356E+04
  4.06201E-03  5.00463E-02  2.04682E-03  3.53911E-03  9.40306E-01  5.46351E+04  -1.34247E+05  -4.14623E+04  -4.13633E+03  -1.89345E+04
  3.96201E-03  5.00513E-02  2.04702E-03  3.53946E-03  9.40400E-01  5.45153E+04  -1.34258E+05  -4.14552E+04  -4.13519E+03  -1.89334E+04
  3.86201E-03  5.00564E-02  2.04723E-03  3.53982E-03  9.40495E-01  5.43925E+04  -1.34270E+05  -4.14481E+04  -4.13406E+03  -1.89323E+04
  3.76201E-03  5.00614E-02  2.04743E-03  3.54017E-03  9.40589E-01  5.42665E+04  -1.34282E+05  -4.14411E+04  -4.13293E+03  -1.89312E+04
  3.66201E-03  5.00664E-02  2.04764E-03  3.54053E-03  9.40683E-01  5.41372E+04  -1.34293E+05  -4.14340E+04  -4.13180E+03  -1.89301E+04
  3.56201E-03  5.00714E-02  2.04785E-03  3.54088E-03  9.40778E-01  5.40042E+04  -1.34305E+05  -4.14269E+04  -4.13066E+03  -1.89290E+04
  3.46201E-03  5.00765E-02  2.04805E-03  3.54124E-03  9.40872E-01  5.38676E+04  -1.34316E+05  -4.14199E+04  -4.12953E+03  -1.89278E+04
  3.36201E-03  5.00815E-02  2.04826E-03  3.54160E-03  9.40967E-01  5.37269E+04  -1.34328E+05  -4.14128E+04  -4.12840E+03  -1.89267E+04
  3.26201E-03  5.00865E-02  2.04846E-03  3.54195E-03  9.41061E-01  5.35821E+04  -1.34340E+05  -4.14057E+04  -4.12727E+03  -1.89256E+04
  3.16201E-03  5.00915E-02  2.04867E-03  3.54231E-03  9.41156E-01  5.34327E+04  -1.34351E+05  -4.13987E+04  -4.12614E+03  -1.89245E+04
  3.06201E-03  5.00966E-02  2.04887E-03  3.54266E-03  9.41250E-01  5.32786E+04  -1.34363E+05  -4.13916E+04  -4.12501E+03  -1.89234E+04
  2.96201E-03  5.01016E-02  2.04908E-03  3.54302E-03  9.41344E-01  5.31194E+04  -1.34374E+05  -4.13846E+04  -4.12389E+03  -1.89223E+04
  2.86201E-03  5.01066E-02  2.04928E-03  3.54337E-03  9.41439E-01  5.29548E+04  -1.34386E+05  -4.13775E+04  -4.12276E+03  -1.89212E+04
  2.76201E-03  5.01116E-02  2.04949E-03  3.54373E-03  9.41533E-01  5.27843E+04  -1.34398E+05  -4.13704E+04  -4.12163E+03  -1.89201E+04
  2.66201E-03  5.01167E-02  2.04970E-03  3.54408E-03  9.41628E-01  5.26076E+04  -1.34409E+05  -4.13634E+04  -4.12050E+03  -1.89190E+04
  2.56201E-03  5.01217E-02  2.04990E-03  3.54444E-03  9.41722E-01  5.24242E+04  -1.34421E+05  -4.13563E+04  -4.11938E+03  -1.89179E+04
  2.46201E-03  5.01267E-02  2.05011E-03  3.54479E-03  9.41816E-01  5.22335E+04  -1.34432E+05  -4.13493E+04  -4.11825E+03  -1.89168E+04
  2.36201E-03  5.01317E-02  2.05031E-03  3.54515E-03  9.41911E-01  5.20349E+04  -1.34444E+05  -4.13422E+04  -4.11713E+03  -1.89157E+04
  2.26201E-03  5.01368E-02  2.05052E-03  3.54550E-03  9.42005E-01  5.18278E+04  -1.34456E+05  -4.13352E+04  -4.11600E+03  -1.89146E+04
  2.16201E-03  5.01418E-02  2.05072E-03  3.54586E-03  9.42100E-01  5.16113E+04  -1.34467E+05  -4.13281E+04  -4.11488E+03  -1.89135E+04
  2.06201E-03  5.01468E-02  2.05093E-03  3.54622E-03  9.42194E-01  5.13847E+04  -1.34479E+05  -4.13211E+04  -4.11376E+03  -1.89124E+04
  1.96201E-03  5.01518E-02  2.05113E-03  3.54657E-03  9.42288E-01  5.11468E+04  -1.34490E+05  -4.13140E+04  -4.11263E+03  -1.89112E+04
  1.86201E-03  5.01569E-02  2.05134E-03  3.54693E-03  9.42383E-01  5.08965E+04  -1.34502E+05  -4.13070E+04  -4.11151E+03  -1.89101E+04
  1.76201E-03  5.01619E-02  2.05154E-03  3.54728E-03  9.42477E-01  5.06325E+04  -1.34514E+05  -4.13000E+04  -4.11039E+03  -1.89090E+04
  1.66201E-03  5.01669E-02  2.05175E-03  3.54764E-03  9.42572E-01  5.03531E+04  -1.34525E+05  -4.12929E+04  -4.10927E+03  -1.89079E+04
  1.56201E-03  5.01719E-02  2.05196E-03  3.54799E-03  9.42666E-01  5.00564E+04  -1.34537E+05  -4.12859E+04  -4.10815E+03  -1.89068E+04
  1.46201E-03  5.01770E-02  2.05216E-03  3.54835E-03  9.42760E-01  4.97402E+04  -1.34548E+05  -4.12788E+04  -4.10703E+03  -1.89057E+04
  1.36201E-03  5.01820E-02  2.05237E-03  3.54870E-03  9.42855E-01  4.94016E+04  -1.34560E+05  -4.12718E+04  -4.10591E+03  -1.89046E+04
  1.26201E-03  5.01870E-02  2.05257E-03  3.54906E-03  9.42949E-01  4.90372E+04  -1.34571E+05  -4.12648E+04  -4.10479E+03  -1.89035E+04
  1.16201E-03  5.01920E-02  2.05278E-03  3.54941E-03  9.43044E-01  4.86428E+04  -1.34583E+05  -4.12577E+04  -4.10367E+03  -1.89024E+04
  1.06201E-03  5.01971E-02  2.05298E-03  3.54977E-03  9.43138E-01  4.82130E+04  -1.34594E+05  -4.12507E+04  -4.10256E+03  -1.89013E+04
  9.62012E-04  5.02021E-02  2.05319E-03  3.55012E-03  9.43233E-01  4.77408E+04  -1.34606E+05  -4.12437E+04  -4.10144E+03  -1.89002E+04
  8.62012E-04  5.02071E-02  2.05339E-03  3.55048E-03  9.43327E-01  4.72168E+04  -1.34618E+05  -4.12366E+04  -4.10032E+03  -1.88991E+04
  7.62012E-04  5.02121E-02  2.05360E-03  3.55083E-03  9.43421E-01  4.66282E+04  -1.34629E+05  -4.12296E+04  -4.09921E+03  -1.88980E+04
  6.62012E-04  5.02172E-02  2.05381E-03  3.55119E-03  9.43516E-01  4.59568E+04  -1.34641E+05  -4.12226E+04  -4.09809E+03  -1.88969E+04
  5.62012E-04  5.02222E-02  2.05401E-03  3.55155E-03  9.43610E-01  4.51755E+04  -1.34652E+05  -4.12156E+04  -4.09698E+03  -1.88958E+04
  4.62012E-04  5.02272E-02  2.05422E-03  3.55190E-03  9.43705E-01  4.42408E+04  -1.34664E+05  -4.12085E+04  -4.09587E+03  -1.88947E+04
  3.62012E-04  5.02322E-02  2.05442E-03  3.55226E-03  9.43799E-01  4.30775E+04  -1.34675E+05  -4.12015E+04  -4.09475E+03  -1.88936E+04
  2.62012E-04  5.02373E-02  2.05463E-03  3.55261E-03  9.43893E-01  4.15359E+04  -1.34687E+05  -4.11945E+04  -4.09364E+03  -1.88925E+04
  1.62012E-04  5.02423E-02  2.05483E-03  3.55297E-03  9.43988E-01  3.92441E+04  -1.34698E+05  -4.11875E+04  -4.09253E+03  -1.88914E+04
  6.20121E-05  5.02473E-02  2.05504E-03  3.55332E-03  9.44082E-01  3.46666E+04  -1.34710E+05  -4.11805E+04  -4.09142E+03  -1.88903E+04
  1.00000E-06  5.02504E-02  2.05516E-03  3.55354E-03  9.44140E-01  1.49974E+04  -1.34717E+05  -4.11762E+04  -4.09074E+03  -1.88896E+04

 Phase Region for:
     FCC_A1#2
 col-1=X(C), col-2=X(SI), col-3=X(MN), col-4=X(CU), col-5=X(FE), col-6=MU(C), col-7=MU(SI), col-8=MU(MN), col-9=MU(CU), col-10=MU(FE),
  9.72763E-03  9.90272E-13  2.22047E-04  9.90049E-01  1.32300E-06  2.21298E+05  -1.52169E+05  -5.86366E+04  -2.15486E+04  -3.63475E+04
  9.82763E-03  9.90172E-13  2.23388E-04  9.89948E-01  9.81999E-07  2.21323E+05  -1.52170E+05  -5.86368E+04  -2.15488E+04  -3.63477E+04
  9.92763E-03  9.90072E-13  2.24738E-04  9.89847E-01  6.31999E-07  2.21347E+05  -1.52170E+05  -5.86371E+04  -2.15491E+04  -3.63480E+04
  9.99900E-03  9.90001E-13  2.25706E-04  9.89774E-01  1.29400E-06  2.21364E+05  -1.52170E+05  -5.86373E+04  -2.15493E+04  -3.63482E+04

 Phase Region for:
     FCC_A1#2
 col-1=X(C), col-2=X(SI), col-3=X(MN), col-4=X(CU), col-5=X(FE), col-6=MU(C), col-7=MU(SI), col-8=MU(MN), col-9=MU(CU), col-10=MU(FE),
  9.72763E-03  9.90272E-13  2.22047E-04  9.90049E-01  1.32300E-06  2.21298E+05  -1.52169E+05  -5.86366E+04  -2.15486E+04  -3.63475E+04
  9.62763E-03  9.90372E-13  2.20714E-04  9.90151E-01  6.55999E-07  2.21273E+05  -1.52169E+05  -5.86364E+04  -2.15483E+04  -3.63472E+04
  9.52763E-03  9.90472E-13  2.19389E-04  9.90252E-01  9.80999E-07  2.21247E+05  -1.52169E+05  -5.86361E+04  -2.15481E+04  -3.63470E+04
  9.42763E-03  9.90572E-13  2.18071E-04  9.90353E-01  1.29900E-06  2.21220E+05  -1.52169E+05  -5.86358E+04  -2.15478E+04  -3.63467E+04
  9.32763E-03  9.90672E-13  2.16762E-04  9.90455E-01  6.07999E-07  2.21193E+05  -1.52168E+05  -5.86356E+04  -2.15476E+04  -3.63465E+04
  9.22763E-03  9.90772E-13  2.15461E-04  9.90556E-01  9.08999E-07  2.21166E+05  -1.52168E+05  -5.86353E+04  -2.15473E+04  -3.63462E+04
  9.12763E-03  9.90872E-13  2.14168E-04  9.90657E-01  1.20200E-06  2.21138E+05  -1.52168E+05  -5.86351E+04  -2.15471E+04  -3.63460E+04
  9.02763E-03  9.90972E-13  2.12883E-04  9.90759E-01  4.86999E-07  2.21109E+05  -1.52168E+05  -5.86348E+04  -2.15468E+04  -3.63457E+04
  8.92763E-03  9.91072E-13  2.11605E-04  9.90860E-01  7.64999E-07  2.21080E+05  -1.52167E+05  -5.86345E+04  -2.15465E+04  -3.63454E+04
  8.82763E-03  9.91172E-13  2.10335E-04  9.90961E-01  1.03500E-06  2.21050E+05  -1.52167E+05  -5.86343E+04  -2.15463E+04  -3.63452E+04
  8.72763E-03  9.91272E-13  2.09073E-04  9.91063E-01  2.96999E-07  2.21019E+05  -1.52167E+05  -5.86340E+04  -2.15460E+04  -3.63449E+04
  8.62763E-03  9.91372E-13  2.07819E-04  9.91164E-01  5.50999E-07  2.20988E+05  -1.52166E+05  -5.86337E+04  -2.15457E+04  -3.63446E+04
  8.52763E-03  9.91472E-13  2.06572E-04  9.91265E-01  7.97999E-07  2.20957E+05  -1.52166E+05  -5.86335E+04  -2.15455E+04  -3.63444E+04
  8.42763E-03  9.91572E-13  2.05333E-04  9.91366E-01  1.03700E-06  2.20924E+05  -1.52166E+05  -5.86332E+04  -2.15452E+04  -3.63441E+04
  8.32763E-03  9.91672E-13  2.04101E-04  9.91467E-01  1.26900E-06  2.20891E+05  -1.52166E+05  -5.86329E+04  -2.15449E+04  -3.63438E+04
  8.22763E-03  9.91772E-13  2.02877E-04  9.91569E-01  4.92999E-07  2.20857E+05  -1.52165E+05  -5.86326E+04  -2.15446E+04  -3.63435E+04
  8.12763E-03  9.91872E-13  2.01660E-04  9.91670E-01  7.09999E-07  2.20823E+05  -1.52165E+05  -5.86323E+04  -2.15443E+04  -3.63432E+04
  8.02763E-03  9.91972E-13  2.00451E-04  9.91771E-01  9.18999E-07  2.20788E+05  -1.52165E+05  -5.86320E+04  -2.15440E+04  -3.63429E+04
  7.92763E-03  9.92072E-13  1.99249E-04  9.91872E-01  1.12100E-06  2.20752E+05  -1.52165E+05  -5.86318E+04  -2.15438E+04  -3.63427E+04
  7.82763E-03  9.92172E-13  1.98054E-04  9.91974E-01  3.15999E-07  2.20715E+05  -1.52164E+05  -5.86315E+04  -2.15435E+04  -3.63424E+04
  7.72763E-03  9.92272E-13  1.96866E-04  9.92075E-01  5.03999E-07  2.20677E+05  -1.52164E+05  -5.86312E+04  -2.15432E+04  -3.63421E+04
  7.62763E-03  9.92372E-13  1.95686E-04  9.92176E-01  6.83999E-07  2.20639E+05  -1.52164E+05  -5.86309E+04  -2.15429E+04  -3.63418E+04
  7.52763E-03  9.92472E-13  1.94513E-04  9.92277E-01  8.56999E-07  2.20600E+05  -1.52163E+05  -5.86306E+04  -2.15426E+04  -3.63415E+04
  7.42763E-03  9.92572E-13  1.93347E-04  9.92378E-01  1.02300E-06  2.20560E+05  -1.52163E+05  -5.86303E+04  -2.15423E+04  -3.63412E+04
  7.32763E-03  9.92672E-13  1.92188E-04  9.92479E-01  1.18200E-06  2.20519E+05  -1.52163E+05  -5.86300E+04  -2.15420E+04  -3.63409E+04
  7.22763E-03  9.92772E-13  1.91036E-04  9.92581E-01  3.33999E-07  2.20477E+05  -1.52162E+05  -5.86297E+04  -2.15417E+04  -3.63406E+04
  7.12763E-03  9.92872E-13  1.89892E-04  9.92682E-01  4.77999E-07  2.20435E+05  -1.52162E+05  -5.86294E+04  -2.15414E+04  -3.63403E+04
  7.02763E-03  9.92972E-13  1.88754E-04  9.92783E-01  6.15999E-07  2.20391E+05  -1.52162E+05  -5.86290E+04  -2.15410E+04  -3.63399E+04
  6.92763E-03  9.93072E-13  1.87623E-04  9.92884E-01  7.46999E-07  2.20346E+05  -1.52161E+05  -5.86287E+04  -2.15407E+04  -3.63396E+04
  6.82763E-03  9.93172E-13  1.86498E-04  9.92985E-01  8.71999E-07  2.20301E+05  -1.52161E+05  -5.86284E+04  -2.15404E+04  -3.63393E+04
  6.72763E-03  9.93272E-13  1.85381E-04  9.93086E-01  9.88999E-07  2.20254E+05  -1.52161E+05  -5.86281E+04  -2.15401E+04  -3.63390E+04
  6.62763E-03  9.93372E-13  1.84271E-04  9.93187E-01  1.09900E-06  2.20207E+05  -1.52161E+05  -5.86278E+04  -2.15398E+04  -3.63387E+04
  6.52763E-03  9.93472E-13  1.83167E-04  9.93289E-01  2.02999E-07  2.20158E+05  -1.52160E+05  -5.86274E+04  -2.15395E+04  -3.63384E+04
  6.42763E-03  9.93572E-13  1.82070E-04  9.93390E-01  2.99999E-07  2.20108E+05  -1.52160E+05  -5.86271E+04  -2.15391E+04  -3.63380E+04
  6.32763E-03  9.93672E-13  1.80979E-04  9.93491E-01  3.90999E-07  2.20057E+05  -1.52160E+05  -5.86268E+04  -2.15388E+04  -3.63377E+04
  6.22763E-03  9.93772E-13  1.79896E-04  9.93592E-01  4.73999E-07  2.20005E+05  -1.52159E+05  -5.86265E+04  -2.15385E+04  -3.63374E+04
  6.12763E-03  9.93872E-13  1.78818E-04  9.93693E-01  5.51999E-07  2.19951E+05  -1.52159E+05  -5.86261E+04  -2.15381E+04  -3.63370E+04
  6.02763E-03  9.93972E-13  1.77748E-04  9.93794E-01  6.21999E-07  2.19896E+05  -1.52159E+05  -5.86258E+04  -2.15378E+04  -3.63367E+04
  5.92763E-03  9.94072E-13  1.76683E-04  9.93895E-01  6.86999E-07  2.19840E+05  -1.52158E+05  -5.86255E+04  -2.15375E+04  -3.63364E+04
  5.82763E-03  9.94172E-13  1.75626E-04  9.93996E-01  7.43999E-07  2.19783E+05  -1.52158E+05  -5.86251E+04  -2.15371E+04  -3.63360E+04
  5.72763E-03  9.94272E-13  1.74574E-04  9.94097E-01  7.95999E-07  2.19724E+05  -1.52158E+05  -5.86248E+04  -2.15368E+04  -3.63357E+04
  5.62763E-03  9.94372E-13  1.73529E-04  9.94198E-01  8.40999E-07  2.19664E+05  -1.52157E+05  -5.86244E+04  -2.15364E+04  -3.63353E+04
  5.52763E-03  9.94472E-13  1.72491E-04  9.94299E-01  8.78999E-07  2.19602E+05  -1.52157E+05  -5.86241E+04  -2.15361E+04  -3.63350E+04
  5.42763E-03  9.94572E-13  1.71458E-04  9.94400E-01  9.11999E-07  2.19538E+05  -1.52157E+05  -5.86237E+04  -2.15357E+04  -3.63346E+04
  5.32763E-03  9.94672E-13  1.70432E-04  9.94501E-01  9.37999E-07  2.19473E+05  -1.52156E+05  -5.86234E+04  -2.15354E+04  -3.63343E+04
  5.22763E-03  9.94772E-13  1.69412E-04  9.94602E-01  9.57999E-07  2.19407E+05  -1.52156E+05  -5.86230E+04  -2.15350E+04  -3.63339E+04
  5.12763E-03  9.94872E-13  1.68399E-04  9.94703E-01  9.70999E-07  2.19338E+05  -1.52155E+05  -5.86227E+04  -2.15347E+04  -3.63336E+04
  5.02763E-03  9.94972E-13  1.67391E-04  9.94804E-01  9.78999E-07  2.19268E+05  -1.52155E+05  -5.86223E+04  -2.15343E+04  -3.63332E+04
  4.92763E-03  9.95072E-13  1.66390E-04  9.94905E-01  9.79999E-07  2.19196E+05  -1.52155E+05  -5.86219E+04  -2.15340E+04  -3.63329E+04
  4.82763E-03  9.95172E-13  1.65395E-04  9.95006E-01  9.74999E-07  2.19122E+05  -1.52154E+05  -5.86216E+04  -2.15336E+04  -3.63325E+04
  4.72763E-03  9.95272E-13  1.64405E-04  9.95107E-01  9.64999E-07  2.19045E+05  -1.52154E+05  -5.86212E+04  -2.15332E+04  -3.63321E+04
  4.62763E-03  9.95372E-13  1.63422E-04  9.95208E-01  9.47999E-07  2.18967E+05  -1.52154E+05  -5.86208E+04  -2.15329E+04  -3.63318E+04
  4.52763E-03  9.95472E-13  1.62445E-04  9.95309E-01  9.24999E-07  2.18886E+05  -1.52153E+05  -5.86205E+04  -2.15325E+04  -3.63314E+04
  4.42763E-03  9.95572E-13  1.61473E-04  9.95410E-01  8.96999E-07  2.18804E+05  -1.52153E+05  -5.86201E+04  -2.15321E+04  -3.63310E+04
  4.32763E-03  9.95672E-13  1.60508E-04  9.95511E-01  8.61999E-07  2.18718E+05  -1.52153E+05  -5.86197E+04  -2.15317E+04  -3.63306E+04
  4.22763E-03  9.95772E-13  1.59548E-04  9.95612E-01  8.21999E-07  2.18630E+05  -1.52152E+05  -5.86193E+04  -2.15314E+04  -3.63303E+04
  4.12763E-03  9.95872E-13  1.58594E-04  9.95713E-01  7.75999E-07  2.18540E+05  -1.52152E+05  -5.86190E+04  -2.15310E+04  -3.63299E+04
  4.02763E-03  9.95972E-13  1.57646E-04  9.95814E-01  7.23999E-07  2.18446E+05  -1.52151E+05  -5.86186E+04  -2.15306E+04  -3.63295E+04
  3.92763E-03  9.96072E-13  1.56704E-04  9.95915E-01  6.65999E-07  2.18350E+05  -1.52151E+05  -5.86182E+04  -2.15302E+04  -3.63291E+04
  3.82763E-03  9.96172E-13  1.55767E-04  9.96016E-01  6.02999E-07  2.18251E+05  -1.52151E+05  -5.86178E+04  -2.15298E+04  -3.63287E+04
  3.72763E-03  9.96272E-13  1.54836E-04  9.96117E-01  5.33999E-07  2.18148E+05  -1.52150E+05  -5.86174E+04  -2.15294E+04  -3.63283E+04
  3.62763E-03  9.96372E-13  1.53911E-04  9.96218E-01  4.58999E-07  2.18042E+05  -1.52150E+05  -5.86170E+04  -2.15291E+04  -3.63280E+04
  3.52763E-03  9.96472E-13  1.52991E-04  9.96319E-01  3.78999E-07  2.17932E+05  -1.52149E+05  -5.86166E+04  -2.15287E+04  -3.63276E+04
  3.42763E-03  9.96572E-13  1.52077E-04  9.96420E-01  2.92999E-07  2.17819E+05  -1.52149E+05  -5.86162E+04  -2.15283E+04  -3.63272E+04
  3.32763E-03  9.96672E-13  1.51168E-04  9.96521E-01  2.01999E-07  2.17701E+05  -1.52149E+05  -5.86158E+04  -2.15279E+04  -3.63268E+04
  3.22763E-03  9.96772E-13  1.50265E-04  9.96622E-01  1.04999E-07  2.17579E+05  -1.52148E+05  -5.86154E+04  -2.15275E+04  -3.63264E+04
  3.12763E-03  9.96872E-13  1.49367E-04  9.96722E-01  1.00300E-06  2.17453E+05  -1.52148E+05  -5.86150E+04  -2.15271E+04  -3.63260E+04
  3.02763E-03  9.96972E-13  1.48475E-04  9.96823E-01  8.94999E-07  2.17321E+05  -1.52148E+05  -5.86146E+04  -2.15267E+04  -3.63256E+04
  2.92763E-03  9.97072E-13  1.47588E-04  9.96924E-01  7.81999E-07  2.17184E+05  -1.52147E+05  -5.86142E+04  -2.15262E+04  -3.63251E+04
  2.82763E-03  9.97172E-13  1.46707E-04  9.97025E-01  6.62999E-07  2.17042E+05  -1.52147E+05  -5.86138E+04  -2.15258E+04  -3.63247E+04
  2.72763E-03  9.97272E-13  1.45831E-04  9.97126E-01  5.38999E-07  2.16894E+05  -1.52146E+05  -5.86134E+04  -2.15254E+04  -3.63243E+04
  2.62763E-03  9.97372E-13  1.44960E-04  9.97227E-01  4.09999E-07  2.16740E+05  -1.52146E+05  -5.86130E+04  -2.15250E+04  -3.63239E+04
  2.52763E-03  9.97472E-13  1.44095E-04  9.97328E-01  2.74999E-07  2.16578E+05  -1.52145E+05  -5.86125E+04  -2.15246E+04  -3.63235E+04
  2.42763E-03  9.97572E-13  1.43234E-04  9.97429E-01  1.35999E-07  2.16409E+05  -1.52145E+05  -5.86121E+04  -2.15242E+04  -3.63231E+04
  2.32763E-03  9.97672E-13  1.42379E-04  9.97530E-01  -9.00100E-09  2.16232E+05  -1.52145E+05  -5.86117E+04  -2.15238E+04  -3.63227E+04
  2.22763E-03  9.97772E-13  1.41529E-04  9.97630E-01  8.40999E-07  2.16046E+05  -1.52144E+05  -5.86113E+04  -2.15233E+04  -3.63222E+04
  2.12763E-03  9.97872E-13  1.40685E-04  9.97731E-01  6.84999E-07  2.15851E+05  -1.52144E+05  -5.86108E+04  -2.15229E+04  -3.63218E+04
  2.02763E-03  9.97972E-13  1.39845E-04  9.97832E-01  5.24999E-07  2.15645E+05  -1.52143E+05  -5.86104E+04  -2.15225E+04  -3.63214E+04
  1.92763E-03  9.98072E-13  1.39010E-04  9.97933E-01  3.59999E-07  2.15427E+05  -1.52143E+05  -5.86100E+04  -2.15220E+04  -3.63209E+04
  1.82763E-03  9.98172E-13  1.38181E-04  9.98034E-01  1.88999E-07  2.15197E+05  -1.52143E+05  -5.86095E+04  -2.15216E+04  -3.63205E+04
  1.72763E-03  9.98272E-13  1.37356E-04  9.98135E-01  1.39990E-08  2.14952E+05  -1.52142E+05  -5.86091E+04  -2.15212E+04  -3.63201E+04
  1.62763E-03  9.98372E-13  1.36537E-04  9.98235E-01  8.32999E-07  2.14691E+05  -1.52142E+05  -5.86087E+04  -2.15207E+04  -3.63196E+04
  1.52763E-03  9.98472E-13  1.35722E-04  9.98336E-01  6.47999E-07  2.14412E+05  -1.52141E+05  -5.86082E+04  -2.15203E+04  -3.63192E+04
  1.42763E-03  9.98572E-13  1.34913E-04  9.98437E-01  4.56999E-07  2.14113E+05  -1.52141E+05  -5.86078E+04  -2.15199E+04  -3.63188E+04
  1.32763E-03  9.98672E-13  1.34108E-04  9.98538E-01  2.61999E-07  2.13790E+05  -1.52140E+05  -5.86073E+04  -2.15194E+04  -3.63183E+04
  1.22763E-03  9.98772E-13  1.33308E-04  9.98639E-01  6.19990E-08  2.13440E+05  -1.52140E+05  -5.86069E+04  -2.15190E+04  -3.63179E+04
  1.12763E-03  9.98872E-13  1.32513E-04  9.98739E-01  8.56999E-07  2.13059E+05  -1.52139E+05  -5.86064E+04  -2.15185E+04  -3.63174E+04
  1.02763E-03  9.98972E-13  1.31723E-04  9.98840E-01  6.46999E-07  2.12640E+05  -1.52139E+05  -5.86060E+04  -2.15181E+04  -3.63170E+04
  9.27626E-04  9.99072E-13  1.30938E-04  9.98941E-01  4.35999E-07  2.12175E+05  -1.52139E+05  -5.86055E+04  -2.15176E+04  -3.63165E+04
  8.27626E-04  9.99172E-13  1.30157E-04  9.99042E-01  2.16999E-07  2.11655E+05  -1.52138E+05  -5.86050E+04  -2.15171E+04  -3.63160E+04
  7.27626E-04  9.99272E-13  1.29381E-04  9.99143E-01  -7.00100E-09  2.11064E+05  -1.52138E+05  -5.86046E+04  -2.15167E+04  -3.63156E+04
  6.27626E-04  9.99372E-13  1.28610E-04  9.99243E-01  7.63999E-07  2.10383E+05  -1.52137E+05  -5.86041E+04  -2.15162E+04  -3.63151E+04
  5.27626E-04  9.99472E-13  1.27844E-04  9.99344E-01  5.29999E-07  2.09579E+05  -1.52137E+05  -5.86036E+04  -2.15158E+04  -3.63147E+04
  4.27626E-04  9.99572E-13  1.27082E-04  9.99445E-01  2.91999E-07  2.08601E+05  -1.52136E+05  -5.86031E+04  -2.15153E+04  -3.63142E+04
  3.27626E-04  9.99672E-13  1.26325E-04  9.99546E-01  4.89990E-08  2.07355E+05  -1.52136E+05  -5.86027E+04  -2.15148E+04  -3.63137E+04
  2.27626E-04  9.99772E-13  1.25573E-04  9.99646E-01  8.00999E-07  2.05643E+05  -1.52136E+05  -5.86022E+04  -2.15144E+04  -3.63133E+04
  1.27626E-04  9.99872E-13  1.24825E-04  9.99747E-01  5.48999E-07  2.02909E+05  -1.52135E+05  -5.86017E+04  -2.15139E+04  -3.63128E+04
  2.76265E-05  9.99972E-13  1.24084E-04  9.99848E-01  2.89499E-07  1.95639E+05  -1.52135E+05  -5.86011E+04  -2.15134E+04  -3.63123E+04
  1.00000E-06  9.99999E-13  1.23892E-04  9.99875E-01  1.07999E-07  1.79830E+05  -1.52135E+05  -5.86008E+04  -2.15133E+04  -3.63122E+04
