
 Phase Region for:
     FCC_A1
 col-1=X(C), col-2=X(SI), col-3=X(MN), col-4=X(CU), col-5=X(FE), col-6=MU(C), col-7=MU(SI), col-8=MU(MN), col-9=MU(CU), col-10=MU(FE),
  9.72763E-03  4.97616E-02  2.03517E-03  3.51898E-03  9.34957E-01  1.30653E+04  -1.31411E+05  -5.66823E+04  -1.38744E+04  -1.59167E+04
  1.07276E-02  4.97114E-02  2.03312E-03  3.51542E-03  9.34012E-01  1.36075E+04  -1.31305E+05  -5.67289E+04  -1.38023E+04  -1.59284E+04
  1.17276E-02  4.96611E-02  2.03106E-03  3.51187E-03  9.33068E-01  1.41082E+04  -1.31200E+05  -5.67756E+04  -1.37304E+04  -1.59402E+04
  1.27276E-02  4.96109E-02  2.02901E-03  3.50831E-03  9.32124E-01  1.45744E+04  -1.31094E+05  -5.68224E+04  -1.36588E+04  -1.59521E+04
  1.37276E-02  4.95606E-02  2.02695E-03  3.50476E-03  9.31180E-01  1.50111E+04  -1.30988E+05  -5.68694E+04  -1.35874E+04  -1.59641E+04
  1.47276E-02  4.95104E-02  2.02490E-03  3.50121E-03  9.30236E-01  1.54227E+04  -1.30883E+05  -5.69165E+04  -1.35163E+04  -1.59762E+04
  1.57276E-02  4.94601E-02  2.02284E-03  3.49765E-03  9.29292E-01  1.58124E+04  -1.30777E+05  -5.69638E+04  -1.34455E+04  -1.59884E+04
  1.67276E-02  4.94099E-02  2.02079E-03  3.49410E-03  9.28348E-01  1.61830E+04  -1.30671E+05  -5.70112E+04  -1.33749E+04  -1.60007E+04
  1.77276E-02  4.93596E-02  2.01873E-03  3.49055E-03  9.27404E-01  1.65366E+04  -1.30565E+05  -5.70587E+04  -1.33045E+04  -1.60130E+04
  1.87276E-02  4.93094E-02  2.01668E-03  3.48699E-03  9.26459E-01  1.68752E+04  -1.30459E+05  -5.71064E+04  -1.32345E+04  -1.60255E+04
  1.97276E-02  4.92591E-02  2.01462E-03  3.48344E-03  9.25515E-01  1.72004E+04  -1.30352E+05  -5.71543E+04  -1.31646E+04  -1.60380E+04
  2.07276E-02  4.92089E-02  2.01257E-03  3.47989E-03  9.24571E-01  1.75135E+04  -1.30246E+05  -5.72023E+04  -1.30951E+04  -1.60507E+04
  2.17276E-02  4.91586E-02  2.01051E-03  3.47633E-03  9.23627E-01  1.78156E+04  -1.30140E+05  -5.72505E+04  -1.30258E+04  -1.60635E+04
  2.27276E-02  4.91084E-02  2.00846E-03  3.47278E-03  9.22683E-01  1.81078E+04  -1.30033E+05  -5.72988E+04  -1.29567E+04  -1.60763E+04
  2.37276E-02  4.90581E-02  2.00640E-03  3.46923E-03  9.21739E-01  1.83909E+04  -1.29927E+05  -5.73472E+04  -1.28880E+04  -1.60893E+04
  2.47276E-02  4.90079E-02  2.00435E-03  3.46567E-03  9.20794E-01  1.86657E+04  -1.29820E+05  -5.73959E+04  -1.28195E+04  -1.61023E+04
  2.57276E-02  4.89576E-02  2.00229E-03  3.46212E-03  9.19850E-01  1.89328E+04  -1.29714E+05  -5.74446E+04  -1.27513E+04  -1.61155E+04
  2.67276E-02  4.89074E-02  2.00024E-03  3.45856E-03  9.18906E-01  1.91929E+04  -1.29607E+05  -5.74935E+04  -1.26834E+04  -1.61287E+04
  2.77276E-02  4.88571E-02  1.99818E-03  3.45501E-03  9.17962E-01  1.94465E+04  -1.29500E+05  -5.75426E+04  -1.26157E+04  -1.61420E+04
  2.87276E-02  4.88069E-02  1.99613E-03  3.45146E-03  9.17018E-01  1.96941E+04  -1.29394E+05  -5.75918E+04  -1.25483E+04  -1.61555E+04
  2.97276E-02  4.87566E-02  1.99407E-03  3.44790E-03  9.16074E-01  1.99360E+04  -1.29287E+05  -5.76412E+04  -1.24812E+04  -1.61690E+04
  3.07276E-02  4.87064E-02  1.99202E-03  3.44435E-03  9.15130E-01  2.01727E+04  -1.29180E+05  -5.76908E+04  -1.24144E+04  -1.61827E+04
  3.17276E-02  4.86561E-02  1.98996E-03  3.44080E-03  9.14186E-01  2.04046E+04  -1.29073E+05  -5.77404E+04  -1.23479E+04  -1.61964E+04
  3.27276E-02  4.86059E-02  1.98791E-03  3.43724E-03  9.13241E-01  2.06318E+04  -1.28966E+05  -5.77903E+04  -1.22817E+04  -1.62103E+04
  3.37276E-02  4.85556E-02  1.98585E-03  3.43369E-03  9.12297E-01  2.08548E+04  -1.28859E+05  -5.78403E+04  -1.22157E+04  -1.62243E+04
  3.47276E-02  4.85054E-02  1.98379E-03  3.43014E-03  9.11353E-01  2.10737E+04  -1.28751E+05  -5.78905E+04  -1.21501E+04  -1.62383E+04
  3.57276E-02  4.84551E-02  1.98174E-03  3.42658E-03  9.10409E-01  2.12889E+04  -1.28644E+05  -5.79408E+04  -1.20847E+04  -1.62525E+04
  3.67276E-02  4.84049E-02  1.97968E-03  3.42303E-03  9.09465E-01  2.15004E+04  -1.28537E+05  -5.79913E+04  -1.20197E+04  -1.62668E+04
  3.77276E-02  4.83546E-02  1.97763E-03  3.41948E-03  9.08521E-01  2.17087E+04  -1.28429E+05  -5.80419E+04  -1.19549E+04  -1.62811E+04
  3.87276E-02  4.83044E-02  1.97557E-03  3.41592E-03  9.07577E-01  2.19137E+04  -1.28322E+05  -5.80927E+04  -1.18905E+04  -1.62956E+04
  3.97276E-02  4.82541E-02  1.97352E-03  3.41237E-03  9.06632E-01  2.21157E+04  -1.28214E+05  -5.81437E+04  -1.18263E+04  -1.63102E+04
  4.07276E-02  4.82039E-02  1.97146E-03  3.40882E-03  9.05688E-01  2.23149E+04  -1.28107E+05  -5.81948E+04  -1.17625E+04  -1.63249E+04
  4.17276E-02  4.81536E-02  1.96941E-03  3.40526E-03  9.04744E-01  2.25114E+04  -1.27999E+05  -5.82461E+04  -1.16990E+04  -1.63397E+04
  4.27276E-02  4.81034E-02  1.96735E-03  3.40171E-03  9.03800E-01  2.27053E+04  -1.27891E+05  -5.82976E+04  -1.16357E+04  -1.63546E+04
  4.37276E-02  4.80531E-02  1.96530E-03  3.39815E-03  9.02856E-01  2.28967E+04  -1.27783E+05  -5.83492E+04  -1.15728E+04  -1.63697E+04
  4.47276E-02  4.80029E-02  1.96324E-03  3.39460E-03  9.01912E-01  2.30858E+04  -1.27675E+05  -5.84010E+04  -1.15102E+04  -1.63848E+04
  4.57276E-02  4.79526E-02  1.96119E-03  3.39105E-03  9.00968E-01  2.32728E+04  -1.27568E+05  -5.84530E+04  -1.14480E+04  -1.64000E+04
  4.67276E-02  4.79024E-02  1.95913E-03  3.38749E-03  9.00023E-01  2.34576E+04  -1.27460E+05  -5.85051E+04  -1.13860E+04  -1.64154E+04
  4.77276E-02  4.78521E-02  1.95708E-03  3.38394E-03  8.99079E-01  2.36404E+04  -1.27351E+05  -5.85574E+04  -1.13244E+04  -1.64309E+04
  4.87276E-02  4.78019E-02  1.95502E-03  3.38039E-03  8.98135E-01  2.38213E+04  -1.27243E+05  -5.86099E+04  -1.12631E+04  -1.64464E+04
  4.97276E-02  4.77516E-02  1.95297E-03  3.37683E-03  8.97191E-01  2.40004E+04  -1.27135E+05  -5.86625E+04  -1.12022E+04  -1.64621E+04
  5.07276E-02  4.77014E-02  1.95091E-03  3.37328E-03  8.96247E-01  2.41777E+04  -1.27027E+05  -5.87153E+04  -1.11415E+04  -1.64779E+04
  5.17276E-02  4.76511E-02  1.94886E-03  3.36973E-03  8.95303E-01  2.43533E+04  -1.26919E+05  -5.87682E+04  -1.10812E+04  -1.64939E+04
  5.27276E-02  4.76009E-02  1.94680E-03  3.36617E-03  8.94359E-01  2.45273E+04  -1.26810E+05  -5.88214E+04  -1.10213E+04  -1.65099E+04
  5.37276E-02  4.75506E-02  1.94475E-03  3.36262E-03  8.93414E-01  2.46998E+04  -1.26702E+05  -5.88747E+04  -1.09617E+04  -1.65260E+04
  5.47276E-02  4.75004E-02  1.94269E-03  3.35907E-03  8.92470E-01  2.48708E+04  -1.26593E+05  -5.89282E+04  -1.09024E+04  -1.65423E+04
  5.57276E-02  4.74501E-02  1.94064E-03  3.35551E-03  8.91526E-01  2.50404E+04  -1.26485E+05  -5.89818E+04  -1.08434E+04  -1.65587E+04
  5.67276E-02  4.73999E-02  1.93858E-03  3.35196E-03  8.90582E-01  2.52086E+04  -1.26376E+05  -5.90357E+04  -1.07849E+04  -1.65752E+04
  5.77276E-02  4.73496E-02  1.93653E-03  3.34841E-03  8.89638E-01  2.53756E+04  -1.26267E+05  -5.90897E+04  -1.07266E+04  -1.65918E+04
  5.87276E-02  4.72994E-02  1.93447E-03  3.34485E-03  8.88694E-01  2.55413E+04  -1.26159E+05  -5.91439E+04  -1.06687E+04  -1.66085E+04
  5.97276E-02  4.72491E-02  1.93242E-03  3.34130E-03  8.87750E-01  2.57057E+04  -1.26050E+05  -5.91982E+04  -1.06112E+04  -1.66254E+04
  6.07276E-02  4.71989E-02  1.93036E-03  3.33774E-03  8.86805E-01  2.58691E+04  -1.25941E+05  -5.92528E+04  -1.05540E+04  -1.66424E+04
  6.17276E-02  4.71486E-02  1.92831E-03  3.33419E-03  8.85861E-01  2.60313E+04  -1.25832E+05  -5.93075E+04  -1.04972E+04  -1.66595E+04
  6.27276E-02  4.70984E-02  1.92625E-03  3.33064E-03  8.84917E-01  2.61924E+04  -1.25723E+05  -5.93624E+04  -1.04408E+04  -1.66767E+04
  6.37276E-02  4.70481E-02  1.92420E-03  3.32708E-03  8.83973E-01  2.63525E+04  -1.25614E+05  -5.94175E+04  -1.03847E+04  -1.66940E+04
  6.47276E-02  4.69978E-02  1.92214E-03  3.32353E-03  8.83029E-01  2.65117E+04  -1.25505E+05  -5.94727E+04  -1.03290E+04  -1.67115E+04
  6.57276E-02  4.69476E-02  1.92008E-03  3.31998E-03  8.82085E-01  2.66698E+04  -1.25396E+05  -5.95282E+04  -1.02736E+04  -1.67291E+04
  6.67276E-02  4.68973E-02  1.91803E-03  3.31642E-03  8.81141E-01  2.68271E+04  -1.25287E+05  -5.95838E+04  -1.02187E+04  -1.67468E+04
  6.77276E-02  4.68471E-02  1.91597E-03  3.31287E-03  8.80196E-01  2.69835E+04  -1.25177E+05  -5.96396E+04  -1.01641E+04  -1.67646E+04
  6.87276E-02  4.67968E-02  1.91392E-03  3.30932E-03  8.79252E-01  2.71390E+04  -1.25068E+05  -5.96956E+04  -1.01099E+04  -1.67826E+04
  6.97276E-02  4.67466E-02  1.91186E-03  3.30576E-03  8.78308E-01  2.72937E+04  -1.24959E+05  -5.97517E+04  -1.00560E+04  -1.68007E+04
  7.07276E-02  4.66963E-02  1.90981E-03  3.30221E-03  8.77364E-01  2.74476E+04  -1.24849E+05  -5.98081E+04  -1.00026E+04  -1.68189E+04
  7.17276E-02  4.66461E-02  1.90775E-03  3.29866E-03  8.76420E-01  2.76007E+04  -1.24740E+05  -5.98646E+04  -9.94954E+03  -1.68372E+04
  7.27276E-02  4.65958E-02  1.90570E-03  3.29510E-03  8.75476E-01  2.77531E+04  -1.24630E+05  -5.99214E+04  -9.89688E+03  -1.68557E+04
  7.37276E-02  4.65456E-02  1.90364E-03  3.29155E-03  8.74532E-01  2.79048E+04  -1.24521E+05  -5.99783E+04  -9.84461E+03  -1.68743E+04
  7.47276E-02  4.64953E-02  1.90159E-03  3.28799E-03  8.73588E-01  2.80558E+04  -1.24411E+05  -6.00354E+04  -9.79274E+03  -1.68930E+04
  7.57276E-02  4.64451E-02  1.89953E-03  3.28444E-03  8.72643E-01  2.82061E+04  -1.24301E+05  -6.00927E+04  -9.74127E+03  -1.69119E+04
  7.67276E-02  4.63948E-02  1.89748E-03  3.28089E-03  8.71699E-01  2.83558E+04  -1.24192E+05  -6.01502E+04  -9.69020E+03  -1.69309E+04
  7.77276E-02  4.63446E-02  1.89542E-03  3.27733E-03  8.70755E-01  2.85049E+04  -1.24082E+05  -6.02079E+04  -9.63954E+03  -1.69500E+04
  7.87276E-02  4.62943E-02  1.89337E-03  3.27378E-03  8.69811E-01  2.86533E+04  -1.23972E+05  -6.02657E+04  -9.58929E+03  -1.69693E+04
  7.97276E-02  4.62441E-02  1.89131E-03  3.27023E-03  8.68867E-01  2.88012E+04  -1.23862E+05  -6.03238E+04  -9.53945E+03  -1.69886E+04
  8.07276E-02  4.61938E-02  1.88926E-03  3.26667E-03  8.67923E-01  2.89486E+04  -1.23752E+05  -6.03820E+04  -9.49003E+03  -1.70082E+04
  8.17276E-02  4.61436E-02  1.88720E-03  3.26312E-03  8.66978E-01  2.90954E+04  -1.23642E+05  -6.04405E+04  -9.44102E+03  -1.70278E+04
  8.27276E-02  4.60933E-02  1.88515E-03  3.25957E-03  8.66034E-01  2.92417E+04  -1.23532E+05  -6.04991E+04  -9.39244E+03  -1.70476E+04
  8.37276E-02  4.60431E-02  1.88309E-03  3.25601E-03  8.65090E-01  2.93875E+04  -1.23422E+05  -6.05580E+04  -9.34428E+03  -1.70676E+04
  8.47276E-02  4.59928E-02  1.88104E-03  3.25246E-03  8.64146E-01  2.95328E+04  -1.23312E+05  -6.06170E+04  -9.29655E+03  -1.70876E+04
  8.57276E-02  4.59426E-02  1.87898E-03  3.24891E-03  8.63202E-01  2.96776E+04  -1.23202E+05  -6.06763E+04  -9.24925E+03  -1.71078E+04
  8.67276E-02  4.58923E-02  1.87693E-03  3.24535E-03  8.62258E-01  2.98220E+04  -1.23091E+05  -6.07357E+04  -9.20238E+03  -1.71282E+04
  8.77276E-02  4.58421E-02  1.87487E-03  3.24180E-03  8.61314E-01  2.99659E+04  -1.22981E+05  -6.07954E+04  -9.15595E+03  -1.71487E+04
  8.87276E-02  4.57918E-02  1.87282E-03  3.23825E-03  8.60370E-01  3.01095E+04  -1.22871E+05  -6.08552E+04  -9.10996E+03  -1.71693E+04
  8.97276E-02  4.57416E-02  1.87076E-03  3.23469E-03  8.59425E-01  3.02526E+04  -1.22760E+05  -6.09152E+04  -9.06442E+03  -1.71900E+04
  9.07276E-02  4.56913E-02  1.86871E-03  3.23114E-03  8.58481E-01  3.03953E+04  -1.22650E+05  -6.09755E+04  -9.01932E+03  -1.72110E+04
  9.17276E-02  4.56411E-02  1.86665E-03  3.22758E-03  8.57537E-01  3.05377E+04  -1.22540E+05  -6.10359E+04  -8.97468E+03  -1.72320E+04
  9.27276E-02  4.55908E-02  1.86460E-03  3.22403E-03  8.56593E-01  3.06796E+04  -1.22429E+05  -6.10966E+04  -8.93048E+03  -1.72532E+04
  9.37276E-02  4.55406E-02  1.86254E-03  3.22048E-03  8.55649E-01  3.08213E+04  -1.22318E+05  -6.11574E+04  -8.88675E+03  -1.72745E+04
  9.47276E-02  4.54903E-02  1.86049E-03  3.21692E-03  8.54705E-01  3.09626E+04  -1.22208E+05  -6.12185E+04  -8.84348E+03  -1.72960E+04
  9.57276E-02  4.54401E-02  1.85843E-03  3.21337E-03  8.53761E-01  3.11035E+04  -1.22097E+05  -6.12798E+04  -8.80067E+03  -1.73177E+04
  9.67276E-02  4.53898E-02  1.85637E-03  3.20982E-03  8.52816E-01  3.12442E+04  -1.21987E+05  -6.13413E+04  -8.75832E+03  -1.73394E+04
  9.77276E-02  4.53396E-02  1.85432E-03  3.20626E-03  8.51872E-01  3.13845E+04  -1.21876E+05  -6.14030E+04  -8.71645E+03  -1.73614E+04
  9.87276E-02  4.52893E-02  1.85226E-03  3.20271E-03  8.50928E-01  3.15246E+04  -1.21765E+05  -6.14649E+04  -8.67505E+03  -1.73834E+04
  9.97276E-02  4.52391E-02  1.85021E-03  3.19916E-03  8.49984E-01  3.16644E+04  -1.21654E+05  -6.15270E+04  -8.63413E+03  -1.74057E+04
  1.00728E-01  4.51888E-02  1.84815E-03  3.19560E-03  8.49039E-01  3.18039E+04  -1.21543E+05  -6.15893E+04  -8.59370E+03  -1.74280E+04
  1.01728E-01  4.51386E-02  1.84610E-03  3.19205E-03  8.48095E-01  3.19431E+04  -1.21433E+05  -6.16518E+04  -8.55374E+03  -1.74506E+04
  1.02728E-01  4.50883E-02  1.84404E-03  3.18850E-03  8.47151E-01  3.20821E+04  -1.21322E+05  -6.17146E+04  -8.51428E+03  -1.74732E+04
  1.03728E-01  4.50381E-02  1.84199E-03  3.18494E-03  8.46207E-01  3.22208E+04  -1.21211E+05  -6.17776E+04  -8.47531E+03  -1.74961E+04
  1.04728E-01  4.49878E-02  1.83993E-03  3.18139E-03  8.45263E-01  3.23593E+04  -1.21100E+05  -6.18408E+04  -8.43683E+03  -1.75191E+04
  1.05728E-01  4.49376E-02  1.83788E-03  3.17784E-03  8.44319E-01  3.24976E+04  -1.20989E+05  -6.19042E+04  -8.39885E+03  -1.75422E+04
  1.06728E-01  4.48873E-02  1.83582E-03  3.17428E-03  8.43375E-01  3.26357E+04  -1.20878E+05  -6.19678E+04  -8.36138E+03  -1.75655E+04
  1.07728E-01  4.48371E-02  1.83377E-03  3.17073E-03  8.42430E-01  3.27736E+04  -1.20766E+05  -6.20316E+04  -8.32441E+03  -1.75889E+04
  1.08728E-01  4.47868E-02  1.83171E-03  3.16717E-03  8.41486E-01  3.29113E+04  -1.20655E+05  -6.20957E+04  -8.28796E+03  -1.76125E+04
  1.09728E-01  4.47366E-02  1.82966E-03  3.16362E-03  8.40542E-01  3.30487E+04  -1.20544E+05  -6.21600E+04  -8.25201E+03  -1.76363E+04
  1.10728E-01  4.46863E-02  1.82760E-03  3.16007E-03  8.39598E-01  3.31860E+04  -1.20433E+05  -6.22245E+04  -8.21659E+03  -1.76602E+04
  1.11728E-01  4.46361E-02  1.82555E-03  3.15651E-03  8.38654E-01  3.33232E+04  -1.20322E+05  -6.22892E+04  -8.18169E+03  -1.76843E+04
  1.12728E-01  4.45858E-02  1.82349E-03  3.15296E-03  8.37710E-01  3.34601E+04  -1.20210E+05  -6.23542E+04  -8.14731E+03  -1.77086E+04
  1.13728E-01  4.45356E-02  1.82144E-03  3.14941E-03  8.36766E-01  3.35969E+04  -1.20099E+05  -6.24193E+04  -8.11346E+03  -1.77330E+04
  1.14728E-01  4.44853E-02  1.81938E-03  3.14585E-03  8.35821E-01  3.37336E+04  -1.19988E+05  -6.24847E+04  -8.08015E+03  -1.77576E+04
  1.15728E-01  4.44351E-02  1.81733E-03  3.14230E-03  8.34877E-01  3.38701E+04  -1.19876E+05  -6.25504E+04  -8.04737E+03  -1.77823E+04
  1.16728E-01  4.43848E-02  1.81527E-03  3.13875E-03  8.33933E-01  3.40065E+04  -1.19765E+05  -6.26162E+04  -8.01514E+03  -1.78072E+04
  1.17728E-01  4.43346E-02  1.81322E-03  3.13519E-03  8.32989E-01  3.41427E+04  -1.19654E+05  -6.26823E+04  -7.98345E+03  -1.78323E+04
  1.18728E-01  4.42843E-02  1.81116E-03  3.13164E-03  8.32045E-01  3.42788E+04  -1.19542E+05  -6.27487E+04  -7.95231E+03  -1.78575E+04
  1.19728E-01  4.42341E-02  1.80911E-03  3.12809E-03  8.31101E-01  3.44149E+04  -1.19431E+05  -6.28152E+04  -7.92172E+03  -1.78829E+04
  1.20728E-01  4.41838E-02  1.80705E-03  3.12453E-03  8.30157E-01  3.45508E+04  -1.19319E+05  -6.28820E+04  -7.89169E+03  -1.79085E+04
  1.21728E-01  4.41336E-02  1.80500E-03  3.12098E-03  8.29212E-01  3.46865E+04  -1.19208E+05  -6.29490E+04  -7.86222E+03  -1.79342E+04
  1.22728E-01  4.40833E-02  1.80294E-03  3.11742E-03  8.28268E-01  3.48222E+04  -1.19096E+05  -6.30163E+04  -7.83331E+03  -1.79601E+04
  1.23728E-01  4.40331E-02  1.80089E-03  3.11387E-03  8.27324E-01  3.49579E+04  -1.18984E+05  -6.30838E+04  -7.80498E+03  -1.79862E+04
  1.24728E-01  4.39828E-02  1.79883E-03  3.11032E-03  8.26380E-01  3.50934E+04  -1.18873E+05  -6.31515E+04  -7.77722E+03  -1.80125E+04
  1.25728E-01  4.39326E-02  1.79677E-03  3.10676E-03  8.25436E-01  3.52288E+04  -1.18761E+05  -6.32195E+04  -7.75004E+03  -1.80389E+04
  1.26728E-01  4.38823E-02  1.79472E-03  3.10321E-03  8.24492E-01  3.53642E+04  -1.18650E+05  -6.32877E+04  -7.72344E+03  -1.80655E+04
  1.27728E-01  4.38321E-02  1.79266E-03  3.09966E-03  8.23548E-01  3.54995E+04  -1.18538E+05  -6.33562E+04  -7.69743E+03  -1.80923E+04
  1.28728E-01  4.37818E-02  1.79061E-03  3.09610E-03  8.22603E-01  3.56347E+04  -1.18426E+05  -6.34249E+04  -7.67200E+03  -1.81193E+04
  1.29728E-01  4.37316E-02  1.78855E-03  3.09255E-03  8.21659E-01  3.57699E+04  -1.18314E+05  -6.34938E+04  -7.64718E+03  -1.81464E+04
  1.30728E-01  4.36813E-02  1.78650E-03  3.08900E-03  8.20715E-01  3.59050E+04  -1.18203E+05  -6.35630E+04  -7.62295E+03  -1.81737E+04
  1.31728E-01  4.36311E-02  1.78444E-03  3.08544E-03  8.19771E-01  3.60401E+04  -1.18091E+05  -6.36324E+04  -7.59932E+03  -1.82012E+04
  1.32728E-01  4.35808E-02  1.78239E-03  3.08189E-03  8.18827E-01  3.61752E+04  -1.17979E+05  -6.37021E+04  -7.57631E+03  -1.82289E+04
  1.33728E-01  4.35306E-02  1.78033E-03  3.07834E-03  8.17883E-01  3.63102E+04  -1.17867E+05  -6.37720E+04  -7.55390E+03  -1.82568E+04
  1.34728E-01  4.34803E-02  1.77828E-03  3.07478E-03  8.16939E-01  3.64451E+04  -1.17756E+05  -6.38422E+04  -7.53212E+03  -1.82848E+04
  1.35728E-01  4.34301E-02  1.77622E-03  3.07123E-03  8.15994E-01  3.65801E+04  -1.17644E+05  -6.39126E+04  -7.51095E+03  -1.83130E+04
  1.36728E-01  4.33798E-02  1.77417E-03  3.06768E-03  8.15050E-01  3.67150E+04  -1.17532E+05  -6.39833E+04  -7.49041E+03  -1.83414E+04
  1.37728E-01  4.33296E-02  1.77211E-03  3.06412E-03  8.14106E-01  3.68499E+04  -1.17420E+05  -6.40542E+04  -7.47051E+03  -1.83700E+04
  1.38728E-01  4.32793E-02  1.77006E-03  3.06057E-03  8.13162E-01  3.69848E+04  -1.17308E+05  -6.41254E+04  -7.45123E+03  -1.83988E+04
  1.39728E-01  4.32291E-02  1.76800E-03  3.05701E-03  8.12218E-01  3.71197E+04  -1.17196E+05  -6.41969E+04  -7.43260E+03  -1.84278E+04
  1.40728E-01  4.31788E-02  1.76595E-03  3.05346E-03  8.11274E-01  3.72546E+04  -1.17084E+05  -6.42686E+04  -7.41461E+03  -1.84570E+04
  1.41728E-01  4.31286E-02  1.76389E-03  3.04991E-03  8.10330E-01  3.73895E+04  -1.16973E+05  -6.43405E+04  -7.39728E+03  -1.84863E+04
  1.42728E-01  4.30783E-02  1.76184E-03  3.04635E-03  8.09386E-01  3.75244E+04  -1.16861E+05  -6.44127E+04  -7.38059E+03  -1.85159E+04
  1.43728E-01  4.30281E-02  1.75978E-03  3.04280E-03  8.08441E-01  3.76593E+04  -1.16749E+05  -6.44852E+04  -7.36457E+03  -1.85456E+04
  1.44728E-01  4.29778E-02  1.75773E-03  3.03925E-03  8.07497E-01  3.77942E+04  -1.16637E+05  -6.45579E+04  -7.34920E+03  -1.85756E+04
  1.45728E-01  4.29276E-02  1.75567E-03  3.03569E-03  8.06553E-01  3.79291E+04  -1.16525E+05  -6.46309E+04  -7.33451E+03  -1.86057E+04
  1.46728E-01  4.28773E-02  1.75362E-03  3.03214E-03  8.05609E-01  3.80640E+04  -1.16413E+05  -6.47042E+04  -7.32049E+03  -1.86360E+04
  1.47728E-01  4.28271E-02  1.75156E-03  3.02859E-03  8.04665E-01  3.81990E+04  -1.16301E+05  -6.47777E+04  -7.30715E+03  -1.86666E+04
  1.48728E-01  4.27768E-02  1.74951E-03  3.02503E-03  8.03721E-01  3.83340E+04  -1.16189E+05  -6.48515E+04  -7.29449E+03  -1.86973E+04
  1.49728E-01  4.27266E-02  1.74745E-03  3.02148E-03  8.02776E-01  3.84691E+04  -1.16077E+05  -6.49256E+04  -7.28252E+03  -1.87282E+04
  1.50728E-01  4.26763E-02  1.74540E-03  3.01793E-03  8.01832E-01  3.86041E+04  -1.15965E+05  -6.49999E+04  -7.27124E+03  -1.87594E+04
  1.51728E-01  4.26261E-02  1.74334E-03  3.01437E-03  8.00888E-01  3.87392E+04  -1.15853E+05  -6.50745E+04  -7.26066E+03  -1.87907E+04
  1.52728E-01  4.25758E-02  1.74129E-03  3.01082E-03  7.99944E-01  3.88744E+04  -1.15741E+05  -6.51494E+04  -7.25079E+03  -1.88222E+04
  1.53728E-01  4.25256E-02  1.73923E-03  3.00726E-03  7.99000E-01  3.90096E+04  -1.15629E+05  -6.52246E+04  -7.24162E+03  -1.88540E+04
  1.54728E-01  4.24753E-02  1.73718E-03  3.00371E-03  7.98056E-01  3.91449E+04  -1.15517E+05  -6.53000E+04  -7.23317E+03  -1.88859E+04
  1.55728E-01  4.24251E-02  1.73512E-03  3.00016E-03  7.97112E-01  3.92802E+04  -1.15405E+05  -6.53757E+04  -7.22543E+03  -1.89181E+04
  1.56728E-01  4.23748E-02  1.73306E-03  2.99660E-03  7.96168E-01  3.94156E+04  -1.15294E+05  -6.54517E+04  -7.21842E+03  -1.89504E+04
  1.57728E-01  4.23246E-02  1.73101E-03  2.99305E-03  7.95223E-01  3.95510E+04  -1.15182E+05  -6.55279E+04  -7.21214E+03  -1.89830E+04
  1.58728E-01  4.22743E-02  1.72895E-03  2.98950E-03  7.94279E-01  3.96865E+04  -1.15070E+05  -6.56045E+04  -7.20659E+03  -1.90158E+04
  1.59728E-01  4.22241E-02  1.72690E-03  2.98594E-03  7.93335E-01  3.98221E+04  -1.14958E+05  -6.56813E+04  -7.20178E+03  -1.90488E+04
  1.60728E-01  4.21738E-02  1.72484E-03  2.98239E-03  7.92391E-01  3.99577E+04  -1.14846E+05  -6.57584E+04  -7.19772E+03  -1.90820E+04
  1.61728E-01  4.21236E-02  1.72279E-03  2.97884E-03  7.91447E-01  4.00934E+04  -1.14734E+05  -6.58358E+04  -7.19441E+03  -1.91155E+04
  1.62728E-01  4.20733E-02  1.72073E-03  2.97528E-03  7.90503E-01  4.02292E+04  -1.14622E+05  -6.59135E+04  -7.19186E+03  -1.91491E+04
  1.63728E-01  4.20231E-02  1.71868E-03  2.97173E-03  7.89558E-01  4.03651E+04  -1.14510E+05  -6.59915E+04  -7.19007E+03  -1.91830E+04
  1.64728E-01  4.19728E-02  1.71662E-03  2.96818E-03  7.88614E-01  4.05011E+04  -1.14398E+05  -6.60697E+04  -7.18904E+03  -1.92171E+04
  1.65728E-01  4.19226E-02  1.71457E-03  2.96462E-03  7.87670E-01  4.06371E+04  -1.14286E+05  -6.61483E+04  -7.18879E+03  -1.92514E+04
  1.66728E-01  4.18723E-02  1.71251E-03  2.96107E-03  7.86726E-01  4.07733E+04  -1.14175E+05  -6.62271E+04  -7.18932E+03  -1.92859E+04
  1.67728E-01  4.18221E-02  1.71046E-03  2.95752E-03  7.85782E-01  4.09095E+04  -1.14063E+05  -6.63062E+04  -7.19063E+03  -1.93206E+04
  1.68728E-01  4.17718E-02  1.70840E-03  2.95396E-03  7.84838E-01  4.10459E+04  -1.13951E+05  -6.63857E+04  -7.19273E+03  -1.93556E+04
  1.69728E-01  4.17216E-02  1.70635E-03  2.95041E-03  7.83894E-01  4.11823E+04  -1.13839E+05  -6.64654E+04  -7.19562E+03  -1.93908E+04
  1.70728E-01  4.16713E-02  1.70429E-03  2.94685E-03  7.82950E-01  4.13189E+04  -1.13727E+05  -6.65454E+04  -7.19932E+03  -1.94263E+04
  1.71728E-01  4.16211E-02  1.70224E-03  2.94330E-03  7.82005E-01  4.14555E+04  -1.13616E+05  -6.66257E+04  -7.20383E+03  -1.94619E+04
  1.72728E-01  4.15708E-02  1.70018E-03  2.93975E-03  7.81061E-01  4.15923E+04  -1.13504E+05  -6.67064E+04  -7.20915E+03  -1.94978E+04
  1.73728E-01  4.15206E-02  1.69813E-03  2.93619E-03  7.80117E-01  4.17292E+04  -1.13392E+05  -6.67873E+04  -7.21528E+03  -1.95339E+04
  1.74728E-01  4.14703E-02  1.69607E-03  2.93264E-03  7.79173E-01  4.18662E+04  -1.13281E+05  -6.68685E+04  -7.22225E+03  -1.95703E+04
  1.75728E-01  4.14201E-02  1.69402E-03  2.92909E-03  7.78229E-01  4.20033E+04  -1.13169E+05  -6.69500E+04  -7.23004E+03  -1.96069E+04
  1.76728E-01  4.13698E-02  1.69196E-03  2.92553E-03  7.77285E-01  4.21406E+04  -1.13057E+05  -6.70319E+04  -7.23867E+03  -1.96437E+04
  1.77728E-01  4.13195E-02  1.68991E-03  2.92198E-03  7.76341E-01  4.22779E+04  -1.12946E+05  -6.71140E+04  -7.24815E+03  -1.96808E+04
  1.78728E-01  4.12693E-02  1.68785E-03  2.91843E-03  7.75396E-01  4.24154E+04  -1.12834E+05  -6.71965E+04  -7.25847E+03  -1.97181E+04
  1.79728E-01  4.12190E-02  1.68580E-03  2.91487E-03  7.74452E-01  4.25530E+04  -1.12723E+05  -6.72793E+04  -7.26965E+03  -1.97556E+04
  1.80728E-01  4.11688E-02  1.68374E-03  2.91132E-03  7.73508E-01  4.26908E+04  -1.12611E+05  -6.73624E+04  -7.28169E+03  -1.97934E+04
  1.81728E-01  4.11185E-02  1.68169E-03  2.90777E-03  7.72564E-01  4.28287E+04  -1.12500E+05  -6.74458E+04  -7.29460E+03  -1.98314E+04
  1.82728E-01  4.10683E-02  1.67963E-03  2.90421E-03  7.71620E-01  4.29667E+04  -1.12388E+05  -6.75295E+04  -7.30839E+03  -1.98697E+04
  1.83728E-01  4.10180E-02  1.67758E-03  2.90066E-03  7.70676E-01  4.31049E+04  -1.12277E+05  -6.76135E+04  -7.32305E+03  -1.99082E+04
  1.84728E-01  4.09678E-02  1.67552E-03  2.89711E-03  7.69732E-01  4.32432E+04  -1.12165E+05  -6.76979E+04  -7.33860E+03  -1.99470E+04
  1.85728E-01  4.09175E-02  1.67346E-03  2.89355E-03  7.68787E-01  4.33817E+04  -1.12054E+05  -6.77826E+04  -7.35505E+03  -1.99860E+04
  1.86728E-01  4.08673E-02  1.67141E-03  2.89000E-03  7.67843E-01  4.35203E+04  -1.11943E+05  -6.78676E+04  -7.37240E+03  -2.00253E+04
  1.87728E-01  4.08170E-02  1.66935E-03  2.88644E-03  7.66899E-01  4.36591E+04  -1.11831E+05  -6.79529E+04  -7.39065E+03  -2.00648E+04
  1.88728E-01  4.07668E-02  1.66730E-03  2.88289E-03  7.65955E-01  4.37980E+04  -1.11720E+05  -6.80386E+04  -7.40982E+03  -2.01046E+04
  1.89728E-01  4.07165E-02  1.66524E-03  2.87934E-03  7.65011E-01  4.39371E+04  -1.11609E+05  -6.81246E+04  -7.42991E+03  -2.01446E+04
  1.90728E-01  4.06663E-02  1.66319E-03  2.87578E-03  7.64067E-01  4.40764E+04  -1.11498E+05  -6.82109E+04  -7.45092E+03  -2.01849E+04
  1.91728E-01  4.06160E-02  1.66113E-03  2.87223E-03  7.63123E-01  4.42158E+04  -1.11387E+05  -6.82975E+04  -7.47287E+03  -2.02255E+04
  1.92728E-01  4.05658E-02  1.65908E-03  2.86868E-03  7.62178E-01  4.43553E+04  -1.11276E+05  -6.83845E+04  -7.49576E+03  -2.02663E+04
  1.93728E-01  4.05155E-02  1.65702E-03  2.86512E-03  7.61234E-01  4.44951E+04  -1.11165E+05  -6.84718E+04  -7.51960E+03  -2.03074E+04
  1.94728E-01  4.04653E-02  1.65497E-03  2.86157E-03  7.60290E-01  4.46350E+04  -1.11054E+05  -6.85595E+04  -7.54439E+03  -2.03487E+04
  1.95728E-01  4.04150E-02  1.65291E-03  2.85802E-03  7.59346E-01  4.47751E+04  -1.10943E+05  -6.86475E+04  -7.57014E+03  -2.03903E+04
  1.96728E-01  4.03648E-02  1.65086E-03  2.85446E-03  7.58402E-01  4.49154E+04  -1.10832E+05  -6.87358E+04  -7.59686E+03  -2.04322E+04
  1.97728E-01  4.03145E-02  1.64880E-03  2.85091E-03  7.57458E-01  4.50558E+04  -1.10721E+05  -6.88245E+04  -7.62456E+03  -2.04743E+04
  1.98728E-01  4.02643E-02  1.64675E-03  2.84736E-03  7.56514E-01  4.51964E+04  -1.10611E+05  -6.89136E+04  -7.65324E+03  -2.05167E+04
  1.99728E-01  4.02140E-02  1.64469E-03  2.84380E-03  7.55570E-01  4.53372E+04  -1.10500E+05  -6.90029E+04  -7.68291E+03  -2.05594E+04
  2.00728E-01  4.01638E-02  1.64264E-03  2.84025E-03  7.54625E-01  4.54782E+04  -1.10390E+05  -6.90927E+04  -7.71357E+03  -2.06024E+04
  2.01728E-01  4.01135E-02  1.64058E-03  2.83669E-03  7.53681E-01  4.56194E+04  -1.10279E+05  -6.91827E+04  -7.74525E+03  -2.06456E+04
  2.02728E-01  4.00633E-02  1.63853E-03  2.83314E-03  7.52737E-01  4.57608E+04  -1.10169E+05  -6.92731E+04  -7.77793E+03  -2.06892E+04
  2.03728E-01  4.00130E-02  1.63647E-03  2.82959E-03  7.51793E-01  4.59024E+04  -1.10058E+05  -6.93639E+04  -7.81163E+03  -2.07329E+04
  2.04728E-01  3.99628E-02  1.63442E-03  2.82603E-03  7.50849E-01  4.60441E+04  -1.09948E+05  -6.94551E+04  -7.84636E+03  -2.07770E+04
  2.05728E-01  3.99125E-02  1.63236E-03  2.82248E-03  7.49905E-01  4.61861E+04  -1.09838E+05  -6.95466E+04  -7.88212E+03  -2.08214E+04
  2.06728E-01  3.98623E-02  1.63031E-03  2.81893E-03  7.48960E-01  4.63282E+04  -1.09727E+05  -6.96384E+04  -7.91892E+03  -2.08660E+04
  2.07728E-01  3.98120E-02  1.62825E-03  2.81537E-03  7.48016E-01  4.64706E+04  -1.09617E+05  -6.97306E+04  -7.95678E+03  -2.09110E+04
  2.08728E-01  3.97618E-02  1.62620E-03  2.81182E-03  7.47072E-01  4.66132E+04  -1.09507E+05  -6.98232E+04  -7.99569E+03  -2.09562E+04
  2.09728E-01  3.97115E-02  1.62414E-03  2.80827E-03  7.46128E-01  4.67560E+04  -1.09397E+05  -6.99162E+04  -8.03566E+03  -2.10017E+04
  2.10728E-01  3.96613E-02  1.62209E-03  2.80471E-03  7.45184E-01  4.68990E+04  -1.09287E+05  -7.00095E+04  -8.07671E+03  -2.10475E+04
  2.11728E-01  3.96110E-02  1.62003E-03  2.80116E-03  7.44240E-01  4.70422E+04  -1.09177E+05  -7.01032E+04  -8.11884E+03  -2.10936E+04
  2.12728E-01  3.95608E-02  1.61798E-03  2.79761E-03  7.43296E-01  4.71856E+04  -1.09068E+05  -7.01972E+04  -8.16206E+03  -2.11400E+04
  2.13728E-01  3.95105E-02  1.61592E-03  2.79405E-03  7.42352E-01  4.73292E+04  -1.08958E+05  -7.02916E+04  -8.20637E+03  -2.11867E+04
  2.14728E-01  3.94603E-02  1.61387E-03  2.79050E-03  7.41407E-01  4.74731E+04  -1.08849E+05  -7.03864E+04  -8.25179E+03  -2.12337E+04
  2.15728E-01  3.94100E-02  1.61181E-03  2.78695E-03  7.40463E-01  4.76172E+04  -1.08739E+05  -7.04816E+04  -8.29832E+03  -2.12810E+04
  2.16728E-01  3.93598E-02  1.60975E-03  2.78339E-03  7.39519E-01  4.77615E+04  -1.08630E+05  -7.05772E+04  -8.34598E+03  -2.13286E+04
  2.17728E-01  3.93095E-02  1.60770E-03  2.77984E-03  7.38575E-01  4.79060E+04  -1.08520E+05  -7.06731E+04  -8.39476E+03  -2.13765E+04
  2.18728E-01  3.92593E-02  1.60564E-03  2.77628E-03  7.37631E-01  4.80508E+04  -1.08411E+05  -7.07695E+04  -8.44468E+03  -2.14247E+04
  2.19728E-01  3.92090E-02  1.60359E-03  2.77273E-03  7.36687E-01  4.81958E+04  -1.08302E+05  -7.08662E+04  -8.49574E+03  -2.14732E+04
  2.20728E-01  3.91588E-02  1.60153E-03  2.76918E-03  7.35742E-01  4.83410E+04  -1.08193E+05  -7.09633E+04  -8.54796E+03  -2.15221E+04
  2.21728E-01  3.91085E-02  1.59948E-03  2.76562E-03  7.34798E-01  4.84865E+04  -1.08084E+05  -7.10608E+04  -8.60135E+03  -2.15712E+04
  2.22728E-01  3.90583E-02  1.59742E-03  2.76207E-03  7.33854E-01  4.86322E+04  -1.07975E+05  -7.11587E+04  -8.65590E+03  -2.16207E+04
  2.23728E-01  3.90080E-02  1.59537E-03  2.75852E-03  7.32910E-01  4.87781E+04  -1.07866E+05  -7.12570E+04  -8.71163E+03  -2.16705E+04
  2.24728E-01  3.89578E-02  1.59331E-03  2.75496E-03  7.31966E-01  4.89243E+04  -1.07758E+05  -7.13556E+04  -8.76856E+03  -2.17206E+04
  2.25728E-01  3.89075E-02  1.59126E-03  2.75141E-03  7.31022E-01  4.90708E+04  -1.07649E+05  -7.14547E+04  -8.82668E+03  -2.17710E+04
  2.26728E-01  3.88573E-02  1.58920E-03  2.74786E-03  7.30078E-01  4.92175E+04  -1.07541E+05  -7.15542E+04  -8.88601E+03  -2.18218E+04
  2.27728E-01  3.88070E-02  1.58715E-03  2.74430E-03  7.29134E-01  4.93644E+04  -1.07433E+05  -7.16541E+04  -8.94655E+03  -2.18729E+04
  2.28728E-01  3.87568E-02  1.58509E-03  2.74075E-03  7.28189E-01  4.95116E+04  -1.07324E+05  -7.17544E+04  -9.00831E+03  -2.19243E+04
  2.29728E-01  3.87065E-02  1.58304E-03  2.73720E-03  7.27245E-01  4.96591E+04  -1.07216E+05  -7.18551E+04  -9.07131E+03  -2.19760E+04
  2.30728E-01  3.86563E-02  1.58098E-03  2.73364E-03  7.26301E-01  4.98068E+04  -1.07108E+05  -7.19562E+04  -9.13556E+03  -2.20281E+04
  2.31728E-01  3.86060E-02  1.57893E-03  2.73009E-03  7.25357E-01  4.99547E+04  -1.07000E+05  -7.20577E+04  -9.20105E+03  -2.20805E+04
  2.32728E-01  3.85558E-02  1.57687E-03  2.72654E-03  7.24413E-01  5.01030E+04  -1.06893E+05  -7.21597E+04  -9.26781E+03  -2.21333E+04
  2.33728E-01  3.85055E-02  1.57482E-03  2.72298E-03  7.23469E-01  5.02515E+04  -1.06785E+05  -7.22620E+04  -9.33583E+03  -2.21864E+04
  2.34728E-01  3.84553E-02  1.57276E-03  2.71943E-03  7.22525E-01  5.04002E+04  -1.06678E+05  -7.23648E+04  -9.40514E+03  -2.22398E+04
  2.35728E-01  3.84050E-02  1.57071E-03  2.71587E-03  7.21580E-01  5.05493E+04  -1.06570E+05  -7.24680E+04  -9.47573E+03  -2.22936E+04
  2.36728E-01  3.83548E-02  1.56865E-03  2.71232E-03  7.20636E-01  5.06986E+04  -1.06463E+05  -7.25716E+04  -9.54763E+03  -2.23477E+04
  2.37728E-01  3.83045E-02  1.56660E-03  2.70877E-03  7.19692E-01  5.08482E+04  -1.06356E+05  -7.26757E+04  -9.62083E+03  -2.24022E+04
  2.38728E-01  3.82543E-02  1.56454E-03  2.70521E-03  7.18748E-01  5.09980E+04  -1.06249E+05  -7.27802E+04  -9.69535E+03  -2.24570E+04
  2.39728E-01  3.82040E-02  1.56249E-03  2.70166E-03  7.17804E-01  5.11482E+04  -1.06142E+05  -7.28851E+04  -9.77120E+03  -2.25122E+04
  2.40728E-01  3.81538E-02  1.56043E-03  2.69811E-03  7.16860E-01  5.12986E+04  -1.06035E+05  -7.29904E+04  -9.84839E+03  -2.25677E+04
  2.41728E-01  3.81035E-02  1.55838E-03  2.69455E-03  7.15916E-01  5.14493E+04  -1.05929E+05  -7.30962E+04  -9.92692E+03  -2.26236E+04
  2.42728E-01  3.80533E-02  1.55632E-03  2.69100E-03  7.14971E-01  5.16003E+04  -1.05822E+05  -7.32024E+04  -1.00068E+04  -2.26799E+04
  2.43728E-01  3.80030E-02  1.55427E-03  2.68745E-03  7.14027E-01  5.17516E+04  -1.05716E+05  -7.33091E+04  -1.00881E+04  -2.27365E+04
  2.44728E-01  3.79528E-02  1.55221E-03  2.68389E-03  7.13083E-01  5.19032E+04  -1.05610E+05  -7.34162E+04  -1.01707E+04  -2.27935E+04
  2.45728E-01  3.79025E-02  1.55015E-03  2.68034E-03  7.12139E-01  5.20551E+04  -1.05504E+05  -7.35238E+04  -1.02547E+04  -2.28508E+04
  2.46728E-01  3.78523E-02  1.54810E-03  2.67679E-03  7.11195E-01  5.22072E+04  -1.05398E+05  -7.36318E+04  -1.03402E+04  -2.29085E+04
  2.47728E-01  3.78020E-02  1.54604E-03  2.67323E-03  7.10251E-01  5.23597E+04  -1.05292E+05  -7.37403E+04  -1.04270E+04  -2.29666E+04
  2.48728E-01  3.77518E-02  1.54399E-03  2.66968E-03  7.09307E-01  5.25125E+04  -1.05187E+05  -7.38492E+04  -1.05153E+04  -2.30251E+04
  2.49728E-01  3.77015E-02  1.54193E-03  2.66612E-03  7.08362E-01  5.26655E+04  -1.05082E+05  -7.39586E+04  -1.06049E+04  -2.30840E+04
  2.50728E-01  3.76513E-02  1.53988E-03  2.66257E-03  7.07418E-01  5.28189E+04  -1.04976E+05  -7.40684E+04  -1.06961E+04  -2.31432E+04
  2.51728E-01  3.76010E-02  1.53782E-03  2.65902E-03  7.06474E-01  5.29726E+04  -1.04871E+05  -7.41787E+04  -1.07886E+04  -2.32028E+04
  2.52728E-01  3.75508E-02  1.53577E-03  2.65546E-03  7.05530E-01  5.31266E+04  -1.04767E+05  -7.42895E+04  -1.08827E+04  -2.32628E+04
  2.53728E-01  3.75005E-02  1.53371E-03  2.65191E-03  7.04586E-01  5.32809E+04  -1.04662E+05  -7.44007E+04  -1.09782E+04  -2.33232E+04
  2.54728E-01  3.74503E-02  1.53166E-03  2.64836E-03  7.03642E-01  5.34356E+04  -1.04557E+05  -7.45124E+04  -1.10752E+04  -2.33840E+04
  2.55728E-01  3.74000E-02  1.52960E-03  2.64480E-03  7.02698E-01  5.35905E+04  -1.04453E+05  -7.46246E+04  -1.11737E+04  -2.34452E+04
  2.56728E-01  3.73498E-02  1.52755E-03  2.64125E-03  7.01753E-01  5.37458E+04  -1.04349E+05  -7.47373E+04  -1.12737E+04  -2.35068E+04
  2.57728E-01  3.72995E-02  1.52549E-03  2.63770E-03  7.00809E-01  5.39014E+04  -1.04245E+05  -7.48504E+04  -1.13752E+04  -2.35687E+04
  2.58728E-01  3.72493E-02  1.52344E-03  2.63414E-03  6.99865E-01  5.40573E+04  -1.04141E+05  -7.49640E+04  -1.14783E+04  -2.36311E+04
  2.59728E-01  3.71990E-02  1.52138E-03  2.63059E-03  6.98921E-01  5.42136E+04  -1.04037E+05  -7.50782E+04  -1.15829E+04  -2.36939E+04
  2.60728E-01  3.71488E-02  1.51933E-03  2.62704E-03  6.97977E-01  5.43701E+04  -1.03934E+05  -7.51928E+04  -1.16890E+04  -2.37571E+04
  2.61728E-01  3.70985E-02  1.51727E-03  2.62348E-03  6.97033E-01  5.45271E+04  -1.03831E+05  -7.53079E+04  -1.17967E+04  -2.38207E+04
  2.62728E-01  3.70483E-02  1.51522E-03  2.61993E-03  6.96089E-01  5.46843E+04  -1.03728E+05  -7.54234E+04  -1.19060E+04  -2.38847E+04
  2.63728E-01  3.69980E-02  1.51316E-03  2.61638E-03  6.95144E-01  5.48419E+04  -1.03625E+05  -7.55395E+04  -1.20169E+04  -2.39492E+04
  2.64728E-01  3.69478E-02  1.51111E-03  2.61282E-03  6.94200E-01  5.49998E+04  -1.03522E+05  -7.56561E+04  -1.21294E+04  -2.40140E+04
  2.65728E-01  3.68975E-02  1.50905E-03  2.60927E-03  6.93256E-01  5.51581E+04  -1.03420E+05  -7.57732E+04  -1.22435E+04  -2.40793E+04
  2.66728E-01  3.68473E-02  1.50700E-03  2.60571E-03  6.92312E-01  5.53167E+04  -1.03318E+05  -7.58908E+04  -1.23592E+04  -2.41450E+04
  2.67728E-01  3.67970E-02  1.50494E-03  2.60216E-03  6.91368E-01  5.54757E+04  -1.03216E+05  -7.60089E+04  -1.24765E+04  -2.42111E+04
  2.68728E-01  3.67468E-02  1.50289E-03  2.59861E-03  6.90424E-01  5.56350E+04  -1.03114E+05  -7.61275E+04  -1.25955E+04  -2.42777E+04
  2.69728E-01  3.66965E-02  1.50083E-03  2.59505E-03  6.89480E-01  5.57947E+04  -1.03012E+05  -7.62467E+04  -1.27162E+04  -2.43447E+04
  2.70728E-01  3.66463E-02  1.49878E-03  2.59150E-03  6.88535E-01  5.59547E+04  -1.02911E+05  -7.63663E+04  -1.28385E+04  -2.44121E+04
  2.71728E-01  3.65960E-02  1.49672E-03  2.58795E-03  6.87591E-01  5.61151E+04  -1.02810E+05  -7.64865E+04  -1.29625E+04  -2.44800E+04
  2.72728E-01  3.65458E-02  1.49467E-03  2.58439E-03  6.86647E-01  5.62759E+04  -1.02709E+05  -7.66072E+04  -1.30883E+04  -2.45483E+04
  2.73728E-01  3.64955E-02  1.49261E-03  2.58084E-03  6.85703E-01  5.64370E+04  -1.02608E+05  -7.67284E+04  -1.32157E+04  -2.46171E+04
  2.74728E-01  3.64453E-02  1.49056E-03  2.57729E-03  6.84759E-01  5.65985E+04  -1.02508E+05  -7.68502E+04  -1.33449E+04  -2.46863E+04
  2.75728E-01  3.63950E-02  1.48850E-03  2.57373E-03  6.83815E-01  5.67604E+04  -1.02407E+05  -7.69725E+04  -1.34758E+04  -2.47560E+04
  2.76728E-01  3.63448E-02  1.48644E-03  2.57018E-03  6.82871E-01  5.69226E+04  -1.02307E+05  -7.70953E+04  -1.36084E+04  -2.48261E+04
  2.77728E-01  3.62945E-02  1.48439E-03  2.56663E-03  6.81926E-01  5.70852E+04  -1.02208E+05  -7.72187E+04  -1.37428E+04  -2.48967E+04
  2.78728E-01  3.62443E-02  1.48233E-03  2.56307E-03  6.80982E-01  5.72482E+04  -1.02108E+05  -7.73426E+04  -1.38790E+04  -2.49678E+04
  2.79728E-01  3.61940E-02  1.48028E-03  2.55952E-03  6.80038E-01  5.74116E+04  -1.02009E+05  -7.74671E+04  -1.40170E+04  -2.50393E+04
  2.80728E-01  3.61438E-02  1.47822E-03  2.55597E-03  6.79094E-01  5.75753E+04  -1.01910E+05  -7.75921E+04  -1.41568E+04  -2.51113E+04
  2.81728E-01  3.60935E-02  1.47617E-03  2.55241E-03  6.78150E-01  5.77395E+04  -1.01811E+05  -7.77177E+04  -1.42984E+04  -2.51838E+04
  2.82728E-01  3.60433E-02  1.47411E-03  2.54886E-03  6.77206E-01  5.79040E+04  -1.01713E+05  -7.78439E+04  -1.44419E+04  -2.52567E+04
  2.83728E-01  3.59930E-02  1.47206E-03  2.54530E-03  6.76262E-01  5.80689E+04  -1.01615E+05  -7.79706E+04  -1.45872E+04  -2.53302E+04
  2.84728E-01  3.59428E-02  1.47000E-03  2.54175E-03  6.75317E-01  5.82343E+04  -1.01517E+05  -7.80979E+04  -1.47343E+04  -2.54041E+04
  2.85728E-01  3.58925E-02  1.46795E-03  2.53820E-03  6.74373E-01  5.84000E+04  -1.01419E+05  -7.82257E+04  -1.48834E+04  -2.54785E+04
  2.86728E-01  3.58423E-02  1.46589E-03  2.53464E-03  6.73429E-01  5.85661E+04  -1.01322E+05  -7.83541E+04  -1.50343E+04  -2.55534E+04
  2.87728E-01  3.57920E-02  1.46384E-03  2.53109E-03  6.72485E-01  5.87326E+04  -1.01224E+05  -7.84831E+04  -1.51871E+04  -2.56288E+04
  2.88728E-01  3.57418E-02  1.46178E-03  2.52754E-03  6.71541E-01  5.88995E+04  -1.01128E+05  -7.86127E+04  -1.53419E+04  -2.57046E+04
  2.89728E-01  3.56915E-02  1.45973E-03  2.52398E-03  6.70597E-01  5.90669E+04  -1.01031E+05  -7.87428E+04  -1.54986E+04  -2.57810E+04
  2.90728E-01  3.56412E-02  1.45767E-03  2.52043E-03  6.69653E-01  5.92346E+04  -1.00935E+05  -7.88736E+04  -1.56572E+04  -2.58579E+04
  2.91728E-01  3.55910E-02  1.45562E-03  2.51688E-03  6.68709E-01  5.94028E+04  -1.00839E+05  -7.90049E+04  -1.58178E+04  -2.59353E+04
  2.92728E-01  3.55407E-02  1.45356E-03  2.51332E-03  6.67764E-01  5.95714E+04  -1.00743E+05  -7.91369E+04  -1.59804E+04  -2.60132E+04
  2.93728E-01  3.54905E-02  1.45151E-03  2.50977E-03  6.66820E-01  5.97404E+04  -1.00648E+05  -7.92694E+04  -1.61450E+04  -2.60917E+04
  2.94728E-01  3.54402E-02  1.44945E-03  2.50622E-03  6.65876E-01  5.99098E+04  -1.00553E+05  -7.94025E+04  -1.63116E+04  -2.61706E+04
  2.95728E-01  3.53900E-02  1.44740E-03  2.50266E-03  6.64932E-01  6.00797E+04  -1.00458E+05  -7.95363E+04  -1.64802E+04  -2.62501E+04
  2.96728E-01  3.53397E-02  1.44534E-03  2.49911E-03  6.63988E-01  6.02500E+04  -1.00364E+05  -7.96707E+04  -1.66508E+04  -2.63301E+04
  2.97728E-01  3.52895E-02  1.44329E-03  2.49555E-03  6.63044E-01  6.04207E+04  -1.00270E+05  -7.98056E+04  -1.68235E+04  -2.64106E+04
  2.98728E-01  3.52392E-02  1.44123E-03  2.49200E-03  6.62100E-01  6.05919E+04  -1.00176E+05  -7.99412E+04  -1.69983E+04  -2.64917E+04
  2.99728E-01  3.51890E-02  1.43918E-03  2.48845E-03  6.61155E-01  6.07635E+04  -1.00082E+05  -8.00775E+04  -1.71752E+04  -2.65733E+04
  2.99990E-01  3.51758E-02  1.43864E-03  2.48752E-03  6.60908E-01  6.08086E+04  -1.00058E+05  -8.01133E+04  -1.72219E+04  -2.65948E+04

 Phase Region for:
     FCC_A1
 col-1=X(C), col-2=X(SI), col-3=X(MN), col-4=X(CU), col-5=X(FE), col-6=MU(C), col-7=MU(SI), col-8=MU(MN), col-9=MU(CU), col-10=MU(FE),
  9.72763E-03  4.97616E-02  2.03517E-03  3.51898E-03  9.34957E-01  1.30653E+04  -1.31411E+05  -5.66823E+04  -1.38744E+04  -1.59167E+04
  8.72763E-03  4.98119E-02  2.03723E-03  3.52253E-03  9.35901E-01  1.24727E+04  -1.31516E+05  -5.66359E+04  -1.39467E+04  -1.59051E+04
  7.72763E-03  4.98621E-02  2.03928E-03  3.52608E-03  9.36845E-01  1.18172E+04  -1.31622E+05  -5.65897E+04  -1.40193E+04  -1.58935E+04
  6.72763E-03  4.99124E-02  2.04134E-03  3.52964E-03  9.37789E-01  1.10814E+04  -1.31727E+05  -5.65436E+04  -1.40921E+04  -1.58821E+04
  5.72763E-03  4.99626E-02  2.04339E-03  3.53319E-03  9.38733E-01  1.02392E+04  -1.31832E+05  -5.64976E+04  -1.41652E+04  -1.58707E+04
  4.72763E-03  5.00129E-02  2.04545E-03  3.53674E-03  9.39677E-01  9.24975E+03  -1.31937E+05  -5.64518E+04  -1.42385E+04  -1.58595E+04
  3.72763E-03  5.00631E-02  2.04751E-03  3.54030E-03  9.40621E-01  8.04228E+03  -1.32043E+05  -5.64061E+04  -1.43120E+04  -1.58483E+04
  2.72763E-03  5.01134E-02  2.04956E-03  3.54385E-03  9.41566E-01  6.47902E+03  -1.32148E+05  -5.63605E+04  -1.43858E+04  -1.58372E+04
  1.72763E-03  5.01636E-02  2.05162E-03  3.54740E-03  9.42510E-01  4.22806E+03  -1.32253E+05  -5.63151E+04  -1.44598E+04  -1.58262E+04
  7.27626E-04  5.02139E-02  2.05367E-03  3.55096E-03  9.43454E-01  3.27822E+01  -1.32357E+05  -5.62699E+04  -1.45340E+04  -1.58153E+04
  1.00000E-05  5.02499E-02  2.05515E-03  3.55351E-03  9.44131E-01  -2.04511E+04  -1.32433E+05  -5.62375E+04  -1.45874E+04  -1.58075E+04

 Phase Region for:
     FCC_A1#2
 col-1=X(C), col-2=X(SI), col-3=X(MN), col-4=X(CU), col-5=X(FE), col-6=MU(C), col-7=MU(SI), col-8=MU(MN), col-9=MU(CU), col-10=MU(FE),
  9.72763E-03  2.51034E-12  8.42733E-05  9.90173E-01  1.50967E-05  2.21332E+05  -1.39378E+05  -6.32590E+04  -2.15483E+04  -2.28117E+04
  1.07276E-02  2.64565E-12  8.95132E-05  9.89167E-01  1.58868E-05  2.21562E+05  -1.39380E+05  -6.32614E+04  -2.15507E+04  -2.28141E+04
  1.17276E-02  2.78844E-12  9.50840E-05  9.88160E-01  1.73160E-05  2.21748E+05  -1.39383E+05  -6.32636E+04  -2.15528E+04  -2.28162E+04
  1.27276E-02  2.93912E-12  1.01007E-04  9.87153E-01  1.83930E-05  2.21900E+05  -1.39384E+05  -6.32655E+04  -2.15547E+04  -2.28181E+04
  1.37276E-02  3.09814E-12  1.07304E-04  9.86145E-01  2.00960E-05  2.22021E+05  -1.39386E+05  -6.32672E+04  -2.15563E+04  -2.28198E+04
  1.47276E-02  3.26597E-12  1.14000E-04  9.85136E-01  2.24000E-05  2.22117E+05  -1.39387E+05  -6.32686E+04  -2.15577E+04  -2.28212E+04
  1.57276E-02  3.44312E-12  1.21121E-04  9.84127E-01  2.42790E-05  2.22189E+05  -1.39389E+05  -6.32697E+04  -2.15588E+04  -2.28223E+04
  1.67276E-02  3.63013E-12  1.28692E-04  9.83118E-01  2.57080E-05  2.22242E+05  -1.39389E+05  -6.32706E+04  -2.15597E+04  -2.28232E+04
  1.77276E-02  3.82755E-12  1.36744E-04  9.82108E-01  2.76560E-05  2.22277E+05  -1.39390E+05  -6.32712E+04  -2.15603E+04  -2.28238E+04
  1.87276E-02  4.03598E-12  1.45308E-04  9.81097E-01  3.00920E-05  2.22296E+05  -1.39390E+05  -6.32716E+04  -2.15606E+04  -2.28242E+04
  1.97276E-02  4.25606E-12  1.54416E-04  9.80085E-01  3.29840E-05  2.22301E+05  -1.39390E+05  -6.32717E+04  -2.15607E+04  -2.28242E+04
  2.07276E-02  4.48846E-12  1.64103E-04  9.79073E-01  3.52970E-05  2.22292E+05  -1.39390E+05  -6.32715E+04  -2.15606E+04  -2.28241E+04
  2.17276E-02  4.73390E-12  1.74407E-04  9.78059E-01  3.89930E-05  2.22272E+05  -1.39390E+05  -6.32710E+04  -2.15601E+04  -2.28236E+04
  2.27276E-02  4.99312E-12  1.85367E-04  9.77045E-01  4.20330E-05  2.22241E+05  -1.39389E+05  -6.32703E+04  -2.15594E+04  -2.28229E+04
  2.37276E-02  5.26694E-12  1.97027E-04  9.76030E-01  4.53730E-05  2.22200E+05  -1.39388E+05  -6.32693E+04  -2.15584E+04  -2.28219E+04
  2.47276E-02  5.55620E-12  2.09431E-04  9.75014E-01  4.89690E-05  2.22150E+05  -1.39387E+05  -6.32681E+04  -2.15572E+04  -2.28207E+04
  2.57276E-02  5.86181E-12  2.22627E-04  9.73996E-01  5.37730E-05  2.22091E+05  -1.39385E+05  -6.32665E+04  -2.15557E+04  -2.28191E+04
  2.67276E-02  6.18474E-12  2.36667E-04  9.72978E-01  5.77330E-05  2.22024E+05  -1.39384E+05  -6.32647E+04  -2.15539E+04  -2.28173E+04
  2.77276E-02  6.52599E-12  2.51606E-04  9.71958E-01  6.27940E-05  2.21949E+05  -1.39381E+05  -6.32626E+04  -2.15518E+04  -2.28152E+04
  2.87276E-02  6.88666E-12  2.67502E-04  9.70937E-01  6.78980E-05  2.21867E+05  -1.39379E+05  -6.32602E+04  -2.15494E+04  -2.28128E+04
  2.97276E-02  7.26790E-12  2.84417E-04  9.69914E-01  7.39830E-05  2.21779E+05  -1.39376E+05  -6.32575E+04  -2.15467E+04  -2.28101E+04
  3.07276E-02  7.67094E-12  3.02417E-04  9.68890E-01  7.99830E-05  2.21684E+05  -1.39374E+05  -6.32545E+04  -2.15438E+04  -2.28072E+04
  3.17276E-02  8.09708E-12  3.21574E-04  9.67864E-01  8.68260E-05  2.21583E+05  -1.39370E+05  -6.32512E+04  -2.15405E+04  -2.28039E+04
  3.27276E-02  8.54773E-12  3.41963E-04  9.66836E-01  9.44370E-05  2.21476E+05  -1.39367E+05  -6.32477E+04  -2.15369E+04  -2.28003E+04
  3.37276E-02  9.02435E-12  3.63664E-04  9.65806E-01  1.02736E-04  2.21364E+05  -1.39363E+05  -6.32438E+04  -2.15331E+04  -2.27964E+04
  3.47276E-02  9.52854E-12  3.86762E-04  9.64775E-01  1.10638E-04  2.21246E+05  -1.39359E+05  -6.32396E+04  -2.15289E+04  -2.27922E+04
  3.57276E-02  1.00620E-11  4.11351E-04  9.63740E-01  1.21049E-04  2.21123E+05  -1.39354E+05  -6.32350E+04  -2.15244E+04  -2.27877E+04
  3.67276E-02  1.06265E-11  4.37527E-04  9.62704E-01  1.30873E-04  2.20995E+05  -1.39349E+05  -6.32302E+04  -2.15196E+04  -2.27829E+04
  3.77276E-02  1.12240E-11  4.65394E-04  9.61665E-01  1.42006E-04  2.20862E+05  -1.39344E+05  -6.32250E+04  -2.15145E+04  -2.27777E+04
  3.87276E-02  1.18565E-11  4.95064E-04  9.60623E-01  1.54336E-04  2.20724E+05  -1.39339E+05  -6.32195E+04  -2.15090E+04  -2.27722E+04
  3.97276E-02  1.25262E-11  5.26656E-04  9.59578E-01  1.67744E-04  2.20582E+05  -1.39333E+05  -6.32137E+04  -2.15032E+04  -2.27664E+04
  4.07276E-02  1.32356E-11  5.60296E-04  9.58530E-01  1.82104E-04  2.20435E+05  -1.39327E+05  -6.32075E+04  -2.14970E+04  -2.27602E+04
  4.17276E-02  1.39870E-11  5.96121E-04  9.57478E-01  1.98279E-04  2.20284E+05  -1.39320E+05  -6.32009E+04  -2.14905E+04  -2.27537E+04
  4.27276E-02  1.47833E-11  6.34274E-04  9.56423E-01  2.15126E-04  2.20128E+05  -1.39313E+05  -6.31940E+04  -2.14836E+04  -2.27468E+04
  4.37276E-02  1.56274E-11  6.74910E-04  9.55363E-01  2.34490E-04  2.19967E+05  -1.39306E+05  -6.31867E+04  -2.14764E+04  -2.27395E+04
  4.47276E-02  1.65224E-11  7.18195E-04  9.54299E-01  2.55205E-04  2.19803E+05  -1.39299E+05  -6.31791E+04  -2.14688E+04  -2.27318E+04
  4.57276E-02  1.74716E-11  7.64306E-04  9.53231E-01  2.77094E-04  2.19634E+05  -1.39291E+05  -6.31710E+04  -2.14608E+04  -2.27238E+04
  4.67276E-02  1.84787E-11  8.13430E-04  9.52157E-01  3.01970E-04  2.19460E+05  -1.39282E+05  -6.31626E+04  -2.14524E+04  -2.27154E+04
  4.77276E-02  1.95477E-11  8.65771E-04  9.51079E-01  3.27629E-04  2.19282E+05  -1.39273E+05  -6.31537E+04  -2.14435E+04  -2.27065E+04
  4.87276E-02  2.06828E-11  9.21545E-04  9.49994E-01  3.56855E-04  2.19100E+05  -1.39264E+05  -6.31444E+04  -2.14343E+04  -2.26972E+04
  4.97276E-02  2.18885E-11  9.80983E-04  9.48903E-01  3.88417E-04  2.18912E+05  -1.39255E+05  -6.31347E+04  -2.14246E+04  -2.26875E+04
  5.07276E-02  2.31700E-11  1.04433E-03  9.47805E-01  4.23070E-04  2.18721E+05  -1.39244E+05  -6.31245E+04  -2.14144E+04  -2.26773E+04
  5.17276E-02  2.45326E-11  1.11186E-03  9.46700E-01  4.60540E-04  2.18524E+05  -1.39234E+05  -6.31138E+04  -2.14038E+04  -2.26667E+04
  5.27276E-02  2.59822E-11  1.18385E-03  9.45587E-01  5.01550E-04  2.18323E+05  -1.39223E+05  -6.31027E+04  -2.13927E+04  -2.26555E+04
  5.37276E-02  2.75254E-11  1.26062E-03  9.44465E-01  5.46780E-04  2.18116E+05  -1.39211E+05  -6.30910E+04  -2.13811E+04  -2.26439E+04
  5.47276E-02  2.91691E-11  1.34248E-03  9.43334E-01  5.95920E-04  2.17904E+05  -1.39199E+05  -6.30788E+04  -2.13690E+04  -2.26317E+04
  5.57276E-02  3.09211E-11  1.42979E-03  9.42193E-01  6.49610E-04  2.17687E+05  -1.39186E+05  -6.30660E+04  -2.13563E+04  -2.26190E+04
  5.67276E-02  3.27900E-11  1.52294E-03  9.41041E-01  7.08460E-04  2.17464E+05  -1.39173E+05  -6.30527E+04  -2.13430E+04  -2.26056E+04
  5.77276E-02  3.47851E-11  1.62233E-03  9.39878E-01  7.72070E-04  2.17235E+05  -1.39159E+05  -6.30388E+04  -2.13291E+04  -2.25917E+04
  5.87276E-02  3.69169E-11  1.72840E-03  9.38701E-01  8.43000E-04  2.17000E+05  -1.39145E+05  -6.30242E+04  -2.13146E+04  -2.25771E+04
  5.97276E-02  3.91968E-11  1.84162E-03  9.37511E-01  9.19780E-04  2.16759E+05  -1.39129E+05  -6.30089E+04  -2.12994E+04  -2.25619E+04
  6.07276E-02  4.16376E-11  1.96253E-03  9.36305E-01  1.00487E-03  2.16511E+05  -1.39114E+05  -6.29929E+04  -2.12835E+04  -2.25459E+04
  6.17276E-02  4.42536E-11  2.09166E-03  9.35083E-01  1.09774E-03  2.16255E+05  -1.39097E+05  -6.29762E+04  -2.12668E+04  -2.25292E+04
  6.27276E-02  4.70609E-11  2.22962E-03  9.33843E-01  1.19978E-03  2.15991E+05  -1.39079E+05  -6.29586E+04  -2.12493E+04  -2.25117E+04
  6.37276E-02  5.00775E-11  2.37708E-03  9.32584E-01  1.31132E-03  2.15720E+05  -1.39061E+05  -6.29402E+04  -2.12310E+04  -2.24933E+04
  6.47276E-02  5.33237E-11  2.53474E-03  9.31303E-01  1.43466E-03  2.15439E+05  -1.39042E+05  -6.29209E+04  -2.12117E+04  -2.24740E+04
  6.57276E-02  5.68227E-11  2.70338E-03  9.29999E-01  1.57002E-03  2.15149E+05  -1.39022E+05  -6.29006E+04  -2.11915E+04  -2.24537E+04
  6.67276E-02  6.06009E-11  2.88385E-03  9.28669E-01  1.71955E-03  2.14849E+05  -1.39000E+05  -6.28792E+04  -2.11702E+04  -2.24323E+04
  6.77276E-02  6.46883E-11  3.07709E-03  9.27311E-01  1.88431E-03  2.14537E+05  -1.38978E+05  -6.28567E+04  -2.11477E+04  -2.24099E+04
  6.87276E-02  6.91200E-11  3.28412E-03  9.25922E-01  2.06628E-03  2.14214E+05  -1.38954E+05  -6.28329E+04  -2.11241E+04  -2.23861E+04
  6.97276E-02  7.39361E-11  3.50607E-03  9.24499E-01  2.26733E-03  2.13878E+05  -1.38929E+05  -6.28078E+04  -2.10990E+04  -2.23610E+04
  7.07276E-02  7.91839E-11  3.74421E-03  9.23039E-01  2.48919E-03  2.13527E+05  -1.38903E+05  -6.27813E+04  -2.10726E+04  -2.23345E+04
  7.17276E-02  8.49188E-11  3.99993E-03  9.21536E-01  2.73647E-03  2.13161E+05  -1.38875E+05  -6.27531E+04  -2.10445E+04  -2.23063E+04
  7.27276E-02  9.12062E-11  4.27480E-03  9.19987E-01  3.01060E-03  2.12778E+05  -1.38845E+05  -6.27232E+04  -2.10146E+04  -2.22764E+04
  7.37276E-02  9.81244E-11  4.57058E-03  9.18387E-01  3.31482E-03  2.12375E+05  -1.38813E+05  -6.26913E+04  -2.09828E+04  -2.22446E+04
  7.47276E-02  1.05768E-10  4.88926E-03  9.16728E-01  3.65514E-03  2.11952E+05  -1.38779E+05  -6.26572E+04  -2.09489E+04  -2.22105E+04
  7.57276E-02  1.14251E-10  5.23314E-03  9.15005E-01  4.03426E-03  2.11505E+05  -1.38743E+05  -6.26207E+04  -2.09125E+04  -2.21741E+04
  7.67276E-02  1.23714E-10  5.60484E-03  9.13207E-01  4.46056E-03  2.11032E+05  -1.38704E+05  -6.25816E+04  -2.08735E+04  -2.21350E+04
  7.77276E-02  1.34334E-10  6.00741E-03  9.11327E-01  4.93799E-03  2.10529E+05  -1.38662E+05  -6.25393E+04  -2.08314E+04  -2.20928E+04
  7.87276E-02  1.46332E-10  6.44443E-03  9.09351E-01  5.47697E-03  2.09992E+05  -1.38616E+05  -6.24936E+04  -2.07858E+04  -2.20471E+04
  7.97276E-02  1.59991E-10  6.92017E-03  9.07264E-01  6.08823E-03  2.09416E+05  -1.38567E+05  -6.24439E+04  -2.07362E+04  -2.19974E+04
  8.07276E-02  1.75683E-10  7.43980E-03  9.05050E-01  6.78260E-03  2.08795E+05  -1.38513E+05  -6.23896E+04  -2.06821E+04  -2.19432E+04
  8.17276E-02  1.93900E-10  8.00966E-03  9.02686E-01  7.57674E-03  2.08122E+05  -1.38453E+05  -6.23299E+04  -2.06225E+04  -2.18835E+04
  8.27276E-02  2.15318E-10  8.63771E-03  9.00143E-01  8.49169E-03  2.07386E+05  -1.38387E+05  -6.22638E+04  -2.05566E+04  -2.18175E+04
  8.37276E-02  2.40884E-10  9.33422E-03  8.97384E-01  9.55418E-03  2.06575E+05  -1.38314E+05  -6.21900E+04  -2.04830E+04  -2.17437E+04
  8.47276E-02  2.71979E-10  1.01128E-02  8.94359E-01  1.08006E-02  2.05672E+05  -1.38231E+05  -6.21067E+04  -2.04000E+04  -2.16605E+04
  8.57276E-02  3.10708E-10  1.09924E-02  8.90998E-01  1.22820E-02  2.04653E+05  -1.38136E+05  -6.20115E+04  -2.03050E+04  -2.15654E+04
  8.67276E-02  3.60472E-10  1.20003E-02  8.87198E-01  1.40741E-02  2.03483E+05  -1.38025E+05  -6.19008E+04  -2.01946E+04  -2.14547E+04
  8.77276E-02  4.27225E-10  1.31798E-02  8.82793E-01  1.62996E-02  2.02106E+05  -1.37894E+05  -6.17688E+04  -2.00629E+04  -2.13228E+04
  8.87276E-02  5.22684E-10  1.46055E-02  8.77495E-01  1.91719E-02  2.00423E+05  -1.37731E+05  -6.16055E+04  -1.99001E+04  -2.11597E+04
  8.97276E-02  6.74770E-10  1.64332E-02  8.70698E-01  2.31412E-02  1.98231E+05  -1.37517E+05  -6.13901E+04  -1.96853E+04  -2.09445E+04
  9.07276E-02  9.83132E-10  1.91322E-02  8.60552E-01  2.95882E-02  1.94905E+05  -1.37187E+05  -6.10593E+04  -1.93553E+04  -2.06139E+04

 Phase Region for:
     FCC_A1#2
 col-1=X(C), col-2=X(SI), col-3=X(MN), col-4=X(CU), col-5=X(FE), col-6=MU(C), col-7=MU(SI), col-8=MU(MN), col-9=MU(CU), col-10=MU(FE),
  9.72763E-03  2.51034E-12  8.42733E-05  9.90173E-01  1.50967E-05  2.21332E+05  -1.39378E+05  -6.32590E+04  -2.15483E+04  -2.28117E+04
  8.72763E-03  2.38209E-12  7.93444E-05  9.91179E-01  1.40256E-05  2.21052E+05  -1.39376E+05  -6.32563E+04  -2.15457E+04  -2.28090E+04
  7.72763E-03  2.26053E-12  7.47079E-05  9.92185E-01  1.26621E-05  2.20708E+05  -1.39373E+05  -6.32534E+04  -2.15429E+04  -2.28061E+04
  6.72763E-03  2.14530E-12  7.03463E-05  9.93190E-01  1.20237E-05  2.20283E+05  -1.39370E+05  -6.32502E+04  -2.15398E+04  -2.28030E+04
  5.72763E-03  2.03607E-12  6.62430E-05  9.94195E-01  1.11270E-05  2.19751E+05  -1.39366E+05  -6.32468E+04  -2.15365E+04  -2.27995E+04
  4.72763E-03  1.93251E-12  6.23828E-05  9.95200E-01  9.98720E-06  2.19071E+05  -1.39363E+05  -6.32430E+04  -2.15329E+04  -2.27959E+04
  3.72763E-03  1.83433E-12  5.87513E-05  9.96204E-01  9.61870E-06  2.18173E+05  -1.39359E+05  -6.32390E+04  -2.15291E+04  -2.27919E+04
  2.72763E-03  1.74123E-12  5.53351E-05  9.97209E-01  8.03490E-06  2.16917E+05  -1.39355E+05  -6.32347E+04  -2.15251E+04  -2.27876E+04
  1.72763E-03  1.65293E-12  5.21220E-05  9.98212E-01  8.24800E-06  2.14974E+05  -1.39351E+05  -6.32299E+04  -2.15208E+04  -2.27830E+04
  7.27626E-04  1.56917E-12  4.91031E-05  9.99216E-01  7.27090E-06  2.11085E+05  -1.39347E+05  -6.32245E+04  -2.15164E+04  -2.27779E+04
  1.00000E-05  1.51139E-12  4.70899E-05  9.99936E-01  6.91010E-06  1.90821E+05  -1.39345E+05  -6.32160E+04  -2.15130E+04  -2.27709E+04
