
 Phase Region for:
     FCC_A1
 col-1=X(C), col-2=X(SI), col-3=X(MN), col-4=X(CU), col-5=X(FE), col-6=MU(C), col-7=MU(SI), col-8=MU(MN), col-9=MU(CU), col-10=MU(FE),
  9.72763E-03  4.97616E-02  2.03517E-03  3.51898E-03  9.34957E-01  7.90747E+03  -1.34745E+05  -6.49060E+04  -2.13201E+04  -2.00991E+04
  1.07276E-02  4.97114E-02  2.03312E-03  3.51542E-03  9.34012E-01  8.51195E+03  -1.34640E+05  -6.49520E+04  -2.12484E+04  -2.01115E+04
  1.17276E-02  4.96611E-02  2.03106E-03  3.51187E-03  9.33068E-01  9.06955E+03  -1.34534E+05  -6.49982E+04  -2.11769E+04  -2.01240E+04
  1.27276E-02  4.96109E-02  2.02901E-03  3.50831E-03  9.32124E-01  9.58798E+03  -1.34428E+05  -6.50444E+04  -2.11057E+04  -2.01365E+04
  1.37276E-02  4.95606E-02  2.02695E-03  3.50476E-03  9.31180E-01  1.00732E+04  -1.34323E+05  -6.50909E+04  -2.10347E+04  -2.01492E+04
  1.47276E-02  4.95104E-02  2.02490E-03  3.50121E-03  9.30236E-01  1.05299E+04  -1.34217E+05  -6.51374E+04  -2.09640E+04  -2.01620E+04
  1.57276E-02  4.94601E-02  2.02284E-03  3.49765E-03  9.29292E-01  1.09618E+04  -1.34111E+05  -6.51841E+04  -2.08935E+04  -2.01749E+04
  1.67276E-02  4.94099E-02  2.02079E-03  3.49410E-03  9.28348E-01  1.13721E+04  -1.34005E+05  -6.52310E+04  -2.08233E+04  -2.01878E+04
  1.77276E-02  4.93596E-02  2.01873E-03  3.49055E-03  9.27404E-01  1.17633E+04  -1.33899E+05  -6.52780E+04  -2.07534E+04  -2.02009E+04
  1.87276E-02  4.93094E-02  2.01668E-03  3.48699E-03  9.26459E-01  1.21374E+04  -1.33793E+05  -6.53252E+04  -2.06837E+04  -2.02141E+04
  1.97276E-02  4.92591E-02  2.01462E-03  3.48344E-03  9.25515E-01  1.24963E+04  -1.33687E+05  -6.53725E+04  -2.06142E+04  -2.02273E+04
  2.07276E-02  4.92089E-02  2.01257E-03  3.47989E-03  9.24571E-01  1.28415E+04  -1.33580E+05  -6.54199E+04  -2.05451E+04  -2.02407E+04
  2.17276E-02  4.91586E-02  2.01051E-03  3.47633E-03  9.23627E-01  1.31743E+04  -1.33474E+05  -6.54675E+04  -2.04762E+04  -2.02541E+04
  2.27276E-02  4.91084E-02  2.00846E-03  3.47278E-03  9.22683E-01  1.34959E+04  -1.33368E+05  -6.55153E+04  -2.04075E+04  -2.02677E+04
  2.37276E-02  4.90581E-02  2.00640E-03  3.46923E-03  9.21739E-01  1.38071E+04  -1.33261E+05  -6.55632E+04  -2.03392E+04  -2.02814E+04
  2.47276E-02  4.90079E-02  2.00435E-03  3.46567E-03  9.20794E-01  1.41090E+04  -1.33155E+05  -6.56112E+04  -2.02711E+04  -2.02951E+04
  2.57276E-02  4.89576E-02  2.00229E-03  3.46212E-03  9.19850E-01  1.44022E+04  -1.33048E+05  -6.56594E+04  -2.02033E+04  -2.03090E+04
  2.67276E-02  4.89074E-02  2.00024E-03  3.45856E-03  9.18906E-01  1.46874E+04  -1.32942E+05  -6.57078E+04  -2.01358E+04  -2.03229E+04
  2.77276E-02  4.88571E-02  1.99818E-03  3.45501E-03  9.17962E-01  1.49652E+04  -1.32835E+05  -6.57563E+04  -2.00685E+04  -2.03370E+04
  2.87276E-02  4.88069E-02  1.99613E-03  3.45146E-03  9.17018E-01  1.52362E+04  -1.32728E+05  -6.58050E+04  -2.00015E+04  -2.03512E+04
  2.97276E-02  4.87566E-02  1.99407E-03  3.44790E-03  9.16074E-01  1.55008E+04  -1.32621E+05  -6.58538E+04  -1.99349E+04  -2.03654E+04
  3.07276E-02  4.87064E-02  1.99202E-03  3.44435E-03  9.15130E-01  1.57594E+04  -1.32514E+05  -6.59028E+04  -1.98685E+04  -2.03798E+04
  3.17276E-02  4.86561E-02  1.98996E-03  3.44080E-03  9.14186E-01  1.60126E+04  -1.32407E+05  -6.59519E+04  -1.98023E+04  -2.03943E+04
  3.27276E-02  4.86059E-02  1.98791E-03  3.43724E-03  9.13241E-01  1.62605E+04  -1.32300E+05  -6.60012E+04  -1.97365E+04  -2.04089E+04
  3.37276E-02  4.85556E-02  1.98585E-03  3.43369E-03  9.12297E-01  1.65036E+04  -1.32193E+05  -6.60506E+04  -1.96710E+04  -2.04236E+04
  3.47276E-02  4.85054E-02  1.98379E-03  3.43014E-03  9.11353E-01  1.67421E+04  -1.32086E+05  -6.61002E+04  -1.96058E+04  -2.04384E+04
  3.57276E-02  4.84551E-02  1.98174E-03  3.42658E-03  9.10409E-01  1.69762E+04  -1.31979E+05  -6.61500E+04  -1.95408E+04  -2.04533E+04
  3.67276E-02  4.84049E-02  1.97968E-03  3.42303E-03  9.09465E-01  1.72064E+04  -1.31871E+05  -6.61999E+04  -1.94762E+04  -2.04683E+04
  3.77276E-02  4.83546E-02  1.97763E-03  3.41948E-03  9.08521E-01  1.74327E+04  -1.31764E+05  -6.62500E+04  -1.94119E+04  -2.04834E+04
  3.87276E-02  4.83044E-02  1.97557E-03  3.41592E-03  9.07577E-01  1.76554E+04  -1.31656E+05  -6.63002E+04  -1.93478E+04  -2.04986E+04
  3.97276E-02  4.82541E-02  1.97352E-03  3.41237E-03  9.06632E-01  1.78747E+04  -1.31549E+05  -6.63506E+04  -1.92841E+04  -2.05139E+04
  4.07276E-02  4.82039E-02  1.97146E-03  3.40882E-03  9.05688E-01  1.80907E+04  -1.31441E+05  -6.64012E+04  -1.92207E+04  -2.05294E+04
  4.17276E-02  4.81536E-02  1.96941E-03  3.40526E-03  9.04744E-01  1.83037E+04  -1.31334E+05  -6.64519E+04  -1.91576E+04  -2.05449E+04
  4.27276E-02  4.81034E-02  1.96735E-03  3.40171E-03  9.03800E-01  1.85137E+04  -1.31226E+05  -6.65028E+04  -1.90948E+04  -2.05606E+04
  4.37276E-02  4.80531E-02  1.96530E-03  3.39815E-03  9.02856E-01  1.87209E+04  -1.31118E+05  -6.65539E+04  -1.90324E+04  -2.05764E+04
  4.47276E-02  4.80029E-02  1.96324E-03  3.39460E-03  9.01912E-01  1.89256E+04  -1.31010E+05  -6.66051E+04  -1.89702E+04  -2.05923E+04
  4.57276E-02  4.79526E-02  1.96119E-03  3.39105E-03  9.00968E-01  1.91276E+04  -1.30902E+05  -6.66565E+04  -1.89084E+04  -2.06083E+04
  4.67276E-02  4.79024E-02  1.95913E-03  3.38749E-03  9.00023E-01  1.93273E+04  -1.30794E+05  -6.67081E+04  -1.88469E+04  -2.06244E+04
  4.77276E-02  4.78521E-02  1.95708E-03  3.38394E-03  8.99079E-01  1.95247E+04  -1.30686E+05  -6.67598E+04  -1.87857E+04  -2.06406E+04
  4.87276E-02  4.78019E-02  1.95502E-03  3.38039E-03  8.98135E-01  1.97199E+04  -1.30578E+05  -6.68117E+04  -1.87248E+04  -2.06570E+04
  4.97276E-02  4.77516E-02  1.95297E-03  3.37683E-03  8.97191E-01  1.99130E+04  -1.30470E+05  -6.68637E+04  -1.86643E+04  -2.06734E+04
  5.07276E-02  4.77014E-02  1.95091E-03  3.37328E-03  8.96247E-01  2.01041E+04  -1.30362E+05  -6.69160E+04  -1.86041E+04  -2.06900E+04
  5.17276E-02  4.76511E-02  1.94886E-03  3.36973E-03  8.95303E-01  2.02933E+04  -1.30254E+05  -6.69684E+04  -1.85443E+04  -2.07067E+04
  5.27276E-02  4.76009E-02  1.94680E-03  3.36617E-03  8.94359E-01  2.04807E+04  -1.30145E+05  -6.70209E+04  -1.84848E+04  -2.07235E+04
  5.37276E-02  4.75506E-02  1.94475E-03  3.36262E-03  8.93414E-01  2.06663E+04  -1.30037E+05  -6.70737E+04  -1.84256E+04  -2.07404E+04
  5.47276E-02  4.75004E-02  1.94269E-03  3.35907E-03  8.92470E-01  2.08502E+04  -1.29928E+05  -6.71266E+04  -1.83668E+04  -2.07575E+04
  5.57276E-02  4.74501E-02  1.94064E-03  3.35551E-03  8.91526E-01  2.10325E+04  -1.29820E+05  -6.71797E+04  -1.83083E+04  -2.07747E+04
  5.67276E-02  4.73999E-02  1.93858E-03  3.35196E-03  8.90582E-01  2.12132E+04  -1.29711E+05  -6.72330E+04  -1.82502E+04  -2.07919E+04
  5.77276E-02  4.73496E-02  1.93653E-03  3.34841E-03  8.89638E-01  2.13924E+04  -1.29603E+05  -6.72864E+04  -1.81924E+04  -2.08094E+04
  5.87276E-02  4.72994E-02  1.93447E-03  3.34485E-03  8.88694E-01  2.15702E+04  -1.29494E+05  -6.73400E+04  -1.81350E+04  -2.08269E+04
  5.97276E-02  4.72491E-02  1.93242E-03  3.34130E-03  8.87750E-01  2.17467E+04  -1.29385E+05  -6.73938E+04  -1.80779E+04  -2.08445E+04
  6.07276E-02  4.71989E-02  1.93036E-03  3.33774E-03  8.86805E-01  2.19218E+04  -1.29276E+05  -6.74478E+04  -1.80212E+04  -2.08623E+04
  6.17276E-02  4.71486E-02  1.92831E-03  3.33419E-03  8.85861E-01  2.20956E+04  -1.29168E+05  -6.75019E+04  -1.79648E+04  -2.08802E+04
  6.27276E-02  4.70984E-02  1.92625E-03  3.33064E-03  8.84917E-01  2.22682E+04  -1.29059E+05  -6.75562E+04  -1.79088E+04  -2.08982E+04
  6.37276E-02  4.70481E-02  1.92420E-03  3.32708E-03  8.83973E-01  2.24396E+04  -1.28950E+05  -6.76107E+04  -1.78532E+04  -2.09164E+04
  6.47276E-02  4.69978E-02  1.92214E-03  3.32353E-03  8.83029E-01  2.26099E+04  -1.28841E+05  -6.76654E+04  -1.77980E+04  -2.09346E+04
  6.57276E-02  4.69476E-02  1.92008E-03  3.31998E-03  8.82085E-01  2.27790E+04  -1.28731E+05  -6.77203E+04  -1.77431E+04  -2.09530E+04
  6.67276E-02  4.68973E-02  1.91803E-03  3.31642E-03  8.81141E-01  2.29471E+04  -1.28622E+05  -6.77753E+04  -1.76886E+04  -2.09716E+04
  6.77276E-02  4.68471E-02  1.91597E-03  3.31287E-03  8.80196E-01  2.31142E+04  -1.28513E+05  -6.78306E+04  -1.76345E+04  -2.09902E+04
  6.87276E-02  4.67968E-02  1.91392E-03  3.30932E-03  8.79252E-01  2.32803E+04  -1.28404E+05  -6.78860E+04  -1.75808E+04  -2.10090E+04
  6.97276E-02  4.67466E-02  1.91186E-03  3.30576E-03  8.78308E-01  2.34455E+04  -1.28295E+05  -6.79416E+04  -1.75274E+04  -2.10279E+04
  7.07276E-02  4.66963E-02  1.90981E-03  3.30221E-03  8.77364E-01  2.36097E+04  -1.28185E+05  -6.79973E+04  -1.74745E+04  -2.10469E+04
  7.17276E-02  4.66461E-02  1.90775E-03  3.29866E-03  8.76420E-01  2.37730E+04  -1.28076E+05  -6.80533E+04  -1.74219E+04  -2.10661E+04
  7.27276E-02  4.65958E-02  1.90570E-03  3.29510E-03  8.75476E-01  2.39355E+04  -1.27966E+05  -6.81095E+04  -1.73697E+04  -2.10854E+04
  7.37276E-02  4.65456E-02  1.90364E-03  3.29155E-03  8.74532E-01  2.40972E+04  -1.27857E+05  -6.81658E+04  -1.73179E+04  -2.11048E+04
  7.47276E-02  4.64953E-02  1.90159E-03  3.28799E-03  8.73588E-01  2.42580E+04  -1.27747E+05  -6.82223E+04  -1.72666E+04  -2.11244E+04
  7.57276E-02  4.64451E-02  1.89953E-03  3.28444E-03  8.72643E-01  2.44181E+04  -1.27638E+05  -6.82791E+04  -1.72156E+04  -2.11441E+04
  7.67276E-02  4.63948E-02  1.89748E-03  3.28089E-03  8.71699E-01  2.45775E+04  -1.27528E+05  -6.83360E+04  -1.71650E+04  -2.11639E+04
  7.77276E-02  4.63446E-02  1.89542E-03  3.27733E-03  8.70755E-01  2.47361E+04  -1.27418E+05  -6.83931E+04  -1.71149E+04  -2.11839E+04
  7.87276E-02  4.62943E-02  1.89337E-03  3.27378E-03  8.69811E-01  2.48940E+04  -1.27308E+05  -6.84504E+04  -1.70651E+04  -2.12040E+04
  7.97276E-02  4.62441E-02  1.89131E-03  3.27023E-03  8.68867E-01  2.50513E+04  -1.27199E+05  -6.85079E+04  -1.70158E+04  -2.12242E+04
  8.07276E-02  4.61938E-02  1.88926E-03  3.26667E-03  8.67923E-01  2.52079E+04  -1.27089E+05  -6.85655E+04  -1.69668E+04  -2.12446E+04
  8.17276E-02  4.61436E-02  1.88720E-03  3.26312E-03  8.66978E-01  2.53638E+04  -1.26979E+05  -6.86234E+04  -1.69183E+04  -2.12651E+04
  8.27276E-02  4.60933E-02  1.88515E-03  3.25957E-03  8.66034E-01  2.55192E+04  -1.26869E+05  -6.86815E+04  -1.68703E+04  -2.12858E+04
  8.37276E-02  4.60431E-02  1.88309E-03  3.25601E-03  8.65090E-01  2.56740E+04  -1.26759E+05  -6.87397E+04  -1.68226E+04  -2.13065E+04
  8.47276E-02  4.59928E-02  1.88104E-03  3.25246E-03  8.64146E-01  2.58282E+04  -1.26649E+05  -6.87982E+04  -1.67754E+04  -2.13275E+04
  8.57276E-02  4.59426E-02  1.87898E-03  3.24891E-03  8.63202E-01  2.59818E+04  -1.26539E+05  -6.88569E+04  -1.67286E+04  -2.13485E+04
  8.67276E-02  4.58923E-02  1.87693E-03  3.24535E-03  8.62258E-01  2.61350E+04  -1.26428E+05  -6.89157E+04  -1.66823E+04  -2.13698E+04
  8.77276E-02  4.58421E-02  1.87487E-03  3.24180E-03  8.61314E-01  2.62876E+04  -1.26318E+05  -6.89748E+04  -1.66363E+04  -2.13911E+04
  8.87276E-02  4.57918E-02  1.87282E-03  3.23825E-03  8.60370E-01  2.64397E+04  -1.26208E+05  -6.90341E+04  -1.65909E+04  -2.14126E+04
  8.97276E-02  4.57416E-02  1.87076E-03  3.23469E-03  8.59425E-01  2.65913E+04  -1.26098E+05  -6.90935E+04  -1.65459E+04  -2.14343E+04
  9.07276E-02  4.56913E-02  1.86871E-03  3.23114E-03  8.58481E-01  2.67425E+04  -1.25987E+05  -6.91532E+04  -1.65013E+04  -2.14560E+04
  9.17276E-02  4.56411E-02  1.86665E-03  3.22758E-03  8.57537E-01  2.68932E+04  -1.25877E+05  -6.92131E+04  -1.64572E+04  -2.14780E+04
  9.27276E-02  4.55908E-02  1.86460E-03  3.22403E-03  8.56593E-01  2.70435E+04  -1.25766E+05  -6.92731E+04  -1.64135E+04  -2.15001E+04
  9.37276E-02  4.55406E-02  1.86254E-03  3.22048E-03  8.55649E-01  2.71933E+04  -1.25656E+05  -6.93334E+04  -1.63703E+04  -2.15223E+04
  9.47276E-02  4.54903E-02  1.86049E-03  3.21692E-03  8.54705E-01  2.73428E+04  -1.25545E+05  -6.93939E+04  -1.63276E+04  -2.15447E+04
  9.57276E-02  4.54401E-02  1.85843E-03  3.21337E-03  8.53761E-01  2.74918E+04  -1.25435E+05  -6.94546E+04  -1.62853E+04  -2.15672E+04
  9.67276E-02  4.53898E-02  1.85637E-03  3.20982E-03  8.52816E-01  2.76405E+04  -1.25324E+05  -6.95155E+04  -1.62435E+04  -2.15899E+04
  9.77276E-02  4.53396E-02  1.85432E-03  3.20626E-03  8.51872E-01  2.77888E+04  -1.25214E+05  -6.95766E+04  -1.62022E+04  -2.16127E+04
  9.87276E-02  4.52893E-02  1.85226E-03  3.20271E-03  8.50928E-01  2.79368E+04  -1.25103E+05  -6.96379E+04  -1.61613E+04  -2.16357E+04
  9.97276E-02  4.52391E-02  1.85021E-03  3.19916E-03  8.49984E-01  2.80844E+04  -1.24992E+05  -6.96995E+04  -1.61209E+04  -2.16588E+04
  1.00728E-01  4.51888E-02  1.84815E-03  3.19560E-03  8.49039E-01  2.82317E+04  -1.24882E+05  -6.97612E+04  -1.60810E+04  -2.16821E+04
  1.01728E-01  4.51386E-02  1.84610E-03  3.19205E-03  8.48095E-01  2.83786E+04  -1.24771E+05  -6.98232E+04  -1.60416E+04  -2.17055E+04
  1.02728E-01  4.50883E-02  1.84404E-03  3.18850E-03  8.47151E-01  2.85253E+04  -1.24660E+05  -6.98853E+04  -1.60027E+04  -2.17291E+04
  1.03728E-01  4.50381E-02  1.84199E-03  3.18494E-03  8.46207E-01  2.86716E+04  -1.24549E+05  -6.99477E+04  -1.59643E+04  -2.17529E+04
  1.04728E-01  4.49878E-02  1.83993E-03  3.18139E-03  8.45263E-01  2.88177E+04  -1.24438E+05  -7.00103E+04  -1.59264E+04  -2.17768E+04
  1.05728E-01  4.49376E-02  1.83788E-03  3.17784E-03  8.44319E-01  2.89635E+04  -1.24327E+05  -7.00732E+04  -1.58890E+04  -2.18009E+04
  1.06728E-01  4.48873E-02  1.83582E-03  3.17428E-03  8.43375E-01  2.91090E+04  -1.24216E+05  -7.01362E+04  -1.58521E+04  -2.18251E+04
  1.07728E-01  4.48371E-02  1.83377E-03  3.17073E-03  8.42430E-01  2.92543E+04  -1.24105E+05  -7.01995E+04  -1.58157E+04  -2.18495E+04
  1.08728E-01  4.47868E-02  1.83171E-03  3.16717E-03  8.41486E-01  2.93993E+04  -1.23994E+05  -7.02629E+04  -1.57798E+04  -2.18740E+04
  1.09728E-01  4.47366E-02  1.82966E-03  3.16362E-03  8.40542E-01  2.95441E+04  -1.23883E+05  -7.03266E+04  -1.57444E+04  -2.18988E+04
  1.10728E-01  4.46863E-02  1.82760E-03  3.16007E-03  8.39598E-01  2.96887E+04  -1.23772E+05  -7.03906E+04  -1.57096E+04  -2.19236E+04
  1.11728E-01  4.46361E-02  1.82555E-03  3.15651E-03  8.38654E-01  2.98330E+04  -1.23661E+05  -7.04547E+04  -1.56752E+04  -2.19487E+04
  1.12728E-01  4.45858E-02  1.82349E-03  3.15296E-03  8.37710E-01  2.99771E+04  -1.23550E+05  -7.05191E+04  -1.56414E+04  -2.19739E+04
  1.13728E-01  4.45356E-02  1.82144E-03  3.14941E-03  8.36766E-01  3.01211E+04  -1.23439E+05  -7.05837E+04  -1.56082E+04  -2.19992E+04
  1.14728E-01  4.44853E-02  1.81938E-03  3.14585E-03  8.35821E-01  3.02648E+04  -1.23327E+05  -7.06485E+04  -1.55754E+04  -2.20248E+04
  1.15728E-01  4.44351E-02  1.81733E-03  3.14230E-03  8.34877E-01  3.04083E+04  -1.23216E+05  -7.07136E+04  -1.55433E+04  -2.20505E+04
  1.16728E-01  4.43848E-02  1.81527E-03  3.13875E-03  8.33933E-01  3.05517E+04  -1.23105E+05  -7.07789E+04  -1.55116E+04  -2.20763E+04
  1.17728E-01  4.43346E-02  1.81322E-03  3.13519E-03  8.32989E-01  3.06949E+04  -1.22993E+05  -7.08444E+04  -1.54805E+04  -2.21024E+04
  1.18728E-01  4.42843E-02  1.81116E-03  3.13164E-03  8.32045E-01  3.08379E+04  -1.22882E+05  -7.09101E+04  -1.54500E+04  -2.21286E+04
  1.19728E-01  4.42341E-02  1.80911E-03  3.12809E-03  8.31101E-01  3.09808E+04  -1.22771E+05  -7.09761E+04  -1.54200E+04  -2.21550E+04
  1.20728E-01  4.41838E-02  1.80705E-03  3.12453E-03  8.30157E-01  3.11235E+04  -1.22659E+05  -7.10423E+04  -1.53905E+04  -2.21815E+04
  1.21728E-01  4.41336E-02  1.80500E-03  3.12098E-03  8.29212E-01  3.12661E+04  -1.22548E+05  -7.11087E+04  -1.53617E+04  -2.22082E+04
  1.22728E-01  4.40833E-02  1.80294E-03  3.11742E-03  8.28268E-01  3.14086E+04  -1.22437E+05  -7.11754E+04  -1.53334E+04  -2.22351E+04
  1.23728E-01  4.40331E-02  1.80089E-03  3.11387E-03  8.27324E-01  3.15509E+04  -1.22325E+05  -7.12423E+04  -1.53057E+04  -2.22622E+04
  1.24728E-01  4.39828E-02  1.79883E-03  3.11032E-03  8.26380E-01  3.16931E+04  -1.22214E+05  -7.13095E+04  -1.52785E+04  -2.22895E+04
  1.25728E-01  4.39326E-02  1.79677E-03  3.10676E-03  8.25436E-01  3.18352E+04  -1.22102E+05  -7.13769E+04  -1.52519E+04  -2.23169E+04
  1.26728E-01  4.38823E-02  1.79472E-03  3.10321E-03  8.24492E-01  3.19772E+04  -1.21991E+05  -7.14445E+04  -1.52260E+04  -2.23445E+04
  1.27728E-01  4.38321E-02  1.79266E-03  3.09966E-03  8.23548E-01  3.21190E+04  -1.21879E+05  -7.15124E+04  -1.52006E+04  -2.23723E+04
  1.28728E-01  4.37818E-02  1.79061E-03  3.09610E-03  8.22603E-01  3.22608E+04  -1.21767E+05  -7.15805E+04  -1.51758E+04  -2.24003E+04
  1.29728E-01  4.37316E-02  1.78855E-03  3.09255E-03  8.21659E-01  3.24025E+04  -1.21656E+05  -7.16489E+04  -1.51516E+04  -2.24284E+04
  1.30728E-01  4.36813E-02  1.78650E-03  3.08900E-03  8.20715E-01  3.25441E+04  -1.21544E+05  -7.17175E+04  -1.51280E+04  -2.24568E+04
  1.31728E-01  4.36311E-02  1.78444E-03  3.08544E-03  8.19771E-01  3.26856E+04  -1.21433E+05  -7.17863E+04  -1.51050E+04  -2.24853E+04
  1.32728E-01  4.35808E-02  1.78239E-03  3.08189E-03  8.18827E-01  3.28271E+04  -1.21321E+05  -7.18554E+04  -1.50826E+04  -2.25140E+04
  1.33728E-01  4.35306E-02  1.78033E-03  3.07834E-03  8.17883E-01  3.29685E+04  -1.21209E+05  -7.19248E+04  -1.50608E+04  -2.25429E+04
  1.34728E-01  4.34803E-02  1.77828E-03  3.07478E-03  8.16939E-01  3.31098E+04  -1.21098E+05  -7.19944E+04  -1.50397E+04  -2.25720E+04
  1.35728E-01  4.34301E-02  1.77622E-03  3.07123E-03  8.15994E-01  3.32511E+04  -1.20986E+05  -7.20642E+04  -1.50192E+04  -2.26012E+04
  1.36728E-01  4.33798E-02  1.77417E-03  3.06768E-03  8.15050E-01  3.33923E+04  -1.20874E+05  -7.21343E+04  -1.49993E+04  -2.26307E+04
  1.37728E-01  4.33296E-02  1.77211E-03  3.06412E-03  8.14106E-01  3.35334E+04  -1.20763E+05  -7.22047E+04  -1.49800E+04  -2.26603E+04
  1.38728E-01  4.32793E-02  1.77006E-03  3.06057E-03  8.13162E-01  3.36746E+04  -1.20651E+05  -7.22753E+04  -1.49614E+04  -2.26902E+04
  1.39728E-01  4.32291E-02  1.76800E-03  3.05701E-03  8.12218E-01  3.38157E+04  -1.20539E+05  -7.23461E+04  -1.49434E+04  -2.27202E+04
  1.40728E-01  4.31788E-02  1.76595E-03  3.05346E-03  8.11274E-01  3.39567E+04  -1.20428E+05  -7.24173E+04  -1.49261E+04  -2.27504E+04
  1.41728E-01  4.31286E-02  1.76389E-03  3.04991E-03  8.10330E-01  3.40978E+04  -1.20316E+05  -7.24886E+04  -1.49094E+04  -2.27808E+04
  1.42728E-01  4.30783E-02  1.76184E-03  3.04635E-03  8.09386E-01  3.42388E+04  -1.20204E+05  -7.25603E+04  -1.48934E+04  -2.28115E+04
  1.43728E-01  4.30281E-02  1.75978E-03  3.04280E-03  8.08441E-01  3.43798E+04  -1.20092E+05  -7.26322E+04  -1.48780E+04  -2.28423E+04
  1.44728E-01  4.29778E-02  1.75773E-03  3.03925E-03  8.07497E-01  3.45208E+04  -1.19981E+05  -7.27043E+04  -1.48633E+04  -2.28733E+04
  1.45728E-01  4.29276E-02  1.75567E-03  3.03569E-03  8.06553E-01  3.46618E+04  -1.19869E+05  -7.27768E+04  -1.48493E+04  -2.29045E+04
  1.46728E-01  4.28773E-02  1.75362E-03  3.03214E-03  8.05609E-01  3.48027E+04  -1.19757E+05  -7.28495E+04  -1.48360E+04  -2.29359E+04
  1.47728E-01  4.28271E-02  1.75156E-03  3.02859E-03  8.04665E-01  3.49437E+04  -1.19645E+05  -7.29224E+04  -1.48233E+04  -2.29675E+04
  1.48728E-01  4.27768E-02  1.74951E-03  3.02503E-03  8.03721E-01  3.50847E+04  -1.19534E+05  -7.29956E+04  -1.48114E+04  -2.29993E+04
  1.49728E-01  4.27266E-02  1.74745E-03  3.02148E-03  8.02776E-01  3.52257E+04  -1.19422E+05  -7.30691E+04  -1.48001E+04  -2.30314E+04
  1.50728E-01  4.26763E-02  1.74540E-03  3.01793E-03  8.01832E-01  3.53667E+04  -1.19310E+05  -7.31429E+04  -1.47895E+04  -2.30636E+04
  1.51728E-01  4.26261E-02  1.74334E-03  3.01437E-03  8.00888E-01  3.55077E+04  -1.19198E+05  -7.32169E+04  -1.47796E+04  -2.30960E+04
  1.52728E-01  4.25758E-02  1.74129E-03  3.01082E-03  7.99944E-01  3.56488E+04  -1.19086E+05  -7.32912E+04  -1.47704E+04  -2.31287E+04
  1.53728E-01  4.25256E-02  1.73923E-03  3.00726E-03  7.99000E-01  3.57898E+04  -1.18975E+05  -7.33658E+04  -1.47620E+04  -2.31615E+04
  1.54728E-01  4.24753E-02  1.73718E-03  3.00371E-03  7.98056E-01  3.59309E+04  -1.18863E+05  -7.34407E+04  -1.47542E+04  -2.31946E+04
  1.55728E-01  4.24251E-02  1.73512E-03  3.00016E-03  7.97112E-01  3.60721E+04  -1.18751E+05  -7.35158E+04  -1.47472E+04  -2.32279E+04
  1.56728E-01  4.23748E-02  1.73306E-03  2.99660E-03  7.96168E-01  3.62133E+04  -1.18639E+05  -7.35912E+04  -1.47409E+04  -2.32614E+04
  1.57728E-01  4.23246E-02  1.73101E-03  2.99305E-03  7.95223E-01  3.63545E+04  -1.18528E+05  -7.36669E+04  -1.47353E+04  -2.32951E+04
  1.58728E-01  4.22743E-02  1.72895E-03  2.98950E-03  7.94279E-01  3.64958E+04  -1.18416E+05  -7.37429E+04  -1.47305E+04  -2.33290E+04
  1.59728E-01  4.22241E-02  1.72690E-03  2.98594E-03  7.93335E-01  3.66371E+04  -1.18304E+05  -7.38191E+04  -1.47264E+04  -2.33632E+04
  1.60728E-01  4.21738E-02  1.72484E-03  2.98239E-03  7.92391E-01  3.67784E+04  -1.18193E+05  -7.38957E+04  -1.47231E+04  -2.33975E+04
  1.61728E-01  4.21236E-02  1.72279E-03  2.97884E-03  7.91447E-01  3.69199E+04  -1.18081E+05  -7.39725E+04  -1.47205E+04  -2.34321E+04
  1.62728E-01  4.20733E-02  1.72073E-03  2.97528E-03  7.90503E-01  3.70614E+04  -1.17969E+05  -7.40496E+04  -1.47187E+04  -2.34669E+04
  1.63728E-01  4.20231E-02  1.71868E-03  2.97173E-03  7.89558E-01  3.72029E+04  -1.17858E+05  -7.41270E+04  -1.47176E+04  -2.35019E+04
  1.64728E-01  4.19728E-02  1.71662E-03  2.96818E-03  7.88614E-01  3.73445E+04  -1.17746E+05  -7.42047E+04  -1.47174E+04  -2.35372E+04
  1.65728E-01  4.19226E-02  1.71457E-03  2.96462E-03  7.87670E-01  3.74862E+04  -1.17634E+05  -7.42827E+04  -1.47178E+04  -2.35726E+04
  1.66728E-01  4.18723E-02  1.71251E-03  2.96107E-03  7.86726E-01  3.76280E+04  -1.17523E+05  -7.43610E+04  -1.47191E+04  -2.36083E+04
  1.67728E-01  4.18221E-02  1.71046E-03  2.95752E-03  7.85782E-01  3.77699E+04  -1.17411E+05  -7.44395E+04  -1.47212E+04  -2.36443E+04
  1.68728E-01  4.17718E-02  1.70840E-03  2.95396E-03  7.84838E-01  3.79118E+04  -1.17299E+05  -7.45184E+04  -1.47240E+04  -2.36804E+04
  1.69728E-01  4.17216E-02  1.70635E-03  2.95041E-03  7.83894E-01  3.80538E+04  -1.17188E+05  -7.45976E+04  -1.47277E+04  -2.37168E+04
  1.70728E-01  4.16713E-02  1.70429E-03  2.94685E-03  7.82950E-01  3.81959E+04  -1.17076E+05  -7.46770E+04  -1.47322E+04  -2.37535E+04
  1.71728E-01  4.16211E-02  1.70224E-03  2.94330E-03  7.82005E-01  3.83381E+04  -1.16965E+05  -7.47568E+04  -1.47374E+04  -2.37903E+04
  1.72728E-01  4.15708E-02  1.70018E-03  2.93975E-03  7.81061E-01  3.84804E+04  -1.16853E+05  -7.48368E+04  -1.47435E+04  -2.38274E+04
  1.73728E-01  4.15206E-02  1.69813E-03  2.93619E-03  7.80117E-01  3.86228E+04  -1.16742E+05  -7.49172E+04  -1.47505E+04  -2.38647E+04
  1.74728E-01  4.14703E-02  1.69607E-03  2.93264E-03  7.79173E-01  3.87653E+04  -1.16630E+05  -7.49979E+04  -1.47582E+04  -2.39023E+04
  1.75728E-01  4.14201E-02  1.69402E-03  2.92909E-03  7.78229E-01  3.89079E+04  -1.16519E+05  -7.50789E+04  -1.47668E+04  -2.39401E+04
  1.76728E-01  4.13698E-02  1.69196E-03  2.92553E-03  7.77285E-01  3.90506E+04  -1.16408E+05  -7.51601E+04  -1.47762E+04  -2.39782E+04
  1.77728E-01  4.13195E-02  1.68991E-03  2.92198E-03  7.76341E-01  3.91934E+04  -1.16296E+05  -7.52417E+04  -1.47865E+04  -2.40165E+04
  1.78728E-01  4.12693E-02  1.68785E-03  2.91843E-03  7.75396E-01  3.93363E+04  -1.16185E+05  -7.53236E+04  -1.47976E+04  -2.40550E+04
  1.79728E-01  4.12190E-02  1.68580E-03  2.91487E-03  7.74452E-01  3.94794E+04  -1.16074E+05  -7.54059E+04  -1.48096E+04  -2.40938E+04
  1.80728E-01  4.11688E-02  1.68374E-03  2.91132E-03  7.73508E-01  3.96226E+04  -1.15962E+05  -7.54884E+04  -1.48224E+04  -2.41328E+04
  1.81728E-01  4.11185E-02  1.68169E-03  2.90777E-03  7.72564E-01  3.97659E+04  -1.15851E+05  -7.55713E+04  -1.48361E+04  -2.41721E+04
  1.82728E-01  4.10683E-02  1.67963E-03  2.90421E-03  7.71620E-01  3.99093E+04  -1.15740E+05  -7.56544E+04  -1.48507E+04  -2.42116E+04
  1.83728E-01  4.10180E-02  1.67758E-03  2.90066E-03  7.70676E-01  4.00528E+04  -1.15629E+05  -7.57379E+04  -1.48662E+04  -2.42514E+04
  1.84728E-01  4.09678E-02  1.67552E-03  2.89711E-03  7.69732E-01  4.01965E+04  -1.15518E+05  -7.58217E+04  -1.48826E+04  -2.42914E+04
  1.85728E-01  4.09175E-02  1.67346E-03  2.89355E-03  7.68787E-01  4.03403E+04  -1.15407E+05  -7.59059E+04  -1.48999E+04  -2.43317E+04
  1.86728E-01  4.08673E-02  1.67141E-03  2.89000E-03  7.67843E-01  4.04843E+04  -1.15296E+05  -7.59903E+04  -1.49181E+04  -2.43723E+04
  1.87728E-01  4.08170E-02  1.66935E-03  2.88644E-03  7.66899E-01  4.06284E+04  -1.15185E+05  -7.60751E+04  -1.49371E+04  -2.44131E+04
  1.88728E-01  4.07668E-02  1.66730E-03  2.88289E-03  7.65955E-01  4.07726E+04  -1.15074E+05  -7.61602E+04  -1.49572E+04  -2.44542E+04
  1.89728E-01  4.07165E-02  1.66524E-03  2.87934E-03  7.65011E-01  4.09170E+04  -1.14963E+05  -7.62457E+04  -1.49781E+04  -2.44955E+04
  1.90728E-01  4.06663E-02  1.66319E-03  2.87578E-03  7.64067E-01  4.10615E+04  -1.14852E+05  -7.63314E+04  -1.50000E+04  -2.45371E+04
  1.91728E-01  4.06160E-02  1.66113E-03  2.87223E-03  7.63123E-01  4.12062E+04  -1.14741E+05  -7.64175E+04  -1.50228E+04  -2.45789E+04
  1.92728E-01  4.05658E-02  1.65908E-03  2.86868E-03  7.62178E-01  4.13511E+04  -1.14630E+05  -7.65040E+04  -1.50465E+04  -2.46211E+04
  1.93728E-01  4.05155E-02  1.65702E-03  2.86512E-03  7.61234E-01  4.14961E+04  -1.14520E+05  -7.65908E+04  -1.50712E+04  -2.46635E+04
  1.94728E-01  4.04653E-02  1.65497E-03  2.86157E-03  7.60290E-01  4.16412E+04  -1.14409E+05  -7.66779E+04  -1.50969E+04  -2.47061E+04
  1.95728E-01  4.04150E-02  1.65291E-03  2.85802E-03  7.59346E-01  4.17866E+04  -1.14299E+05  -7.67653E+04  -1.51235E+04  -2.47491E+04
  1.96728E-01  4.03648E-02  1.65086E-03  2.85446E-03  7.58402E-01  4.19321E+04  -1.14188E+05  -7.68531E+04  -1.51511E+04  -2.47923E+04
  1.97728E-01  4.03145E-02  1.64880E-03  2.85091E-03  7.57458E-01  4.20777E+04  -1.14078E+05  -7.69413E+04  -1.51797E+04  -2.48357E+04
  1.98728E-01  4.02643E-02  1.64675E-03  2.84736E-03  7.56514E-01  4.22236E+04  -1.13967E+05  -7.70298E+04  -1.52092E+04  -2.48795E+04
  1.99728E-01  4.02140E-02  1.64469E-03  2.84380E-03  7.55570E-01  4.23696E+04  -1.13857E+05  -7.71186E+04  -1.52398E+04  -2.49235E+04
  2.00728E-01  4.01638E-02  1.64264E-03  2.84025E-03  7.54625E-01  4.25158E+04  -1.13747E+05  -7.72078E+04  -1.52714E+04  -2.49679E+04
  2.01728E-01  4.01135E-02  1.64058E-03  2.83669E-03  7.53681E-01  4.26621E+04  -1.13636E+05  -7.72974E+04  -1.53039E+04  -2.50125E+04
  2.02728E-01  4.00633E-02  1.63853E-03  2.83314E-03  7.52737E-01  4.28087E+04  -1.13526E+05  -7.73873E+04  -1.53375E+04  -2.50574E+04
  2.03728E-01  4.00130E-02  1.63647E-03  2.82959E-03  7.51793E-01  4.29554E+04  -1.13416E+05  -7.74775E+04  -1.53721E+04  -2.51025E+04
  2.04728E-01  3.99628E-02  1.63442E-03  2.82603E-03  7.50849E-01  4.31024E+04  -1.13306E+05  -7.75681E+04  -1.54078E+04  -2.51480E+04
  2.05728E-01  3.99125E-02  1.63236E-03  2.82248E-03  7.49905E-01  4.32495E+04  -1.13196E+05  -7.76591E+04  -1.54445E+04  -2.51937E+04
  2.06728E-01  3.98623E-02  1.63031E-03  2.81893E-03  7.48960E-01  4.33968E+04  -1.13086E+05  -7.77504E+04  -1.54822E+04  -2.52398E+04
  2.07728E-01  3.98120E-02  1.62825E-03  2.81537E-03  7.48016E-01  4.35443E+04  -1.12977E+05  -7.78421E+04  -1.55210E+04  -2.52861E+04
  2.08728E-01  3.97618E-02  1.62620E-03  2.81182E-03  7.47072E-01  4.36920E+04  -1.12867E+05  -7.79342E+04  -1.55608E+04  -2.53327E+04
  2.09728E-01  3.97115E-02  1.62414E-03  2.80827E-03  7.46128E-01  4.38399E+04  -1.12757E+05  -7.80266E+04  -1.56018E+04  -2.53797E+04
  2.10728E-01  3.96613E-02  1.62209E-03  2.80471E-03  7.45184E-01  4.39880E+04  -1.12648E+05  -7.81194E+04  -1.56438E+04  -2.54269E+04
  2.11728E-01  3.96110E-02  1.62003E-03  2.80116E-03  7.44240E-01  4.41363E+04  -1.12538E+05  -7.82126E+04  -1.56868E+04  -2.54744E+04
  2.12728E-01  3.95608E-02  1.61798E-03  2.79761E-03  7.43296E-01  4.42849E+04  -1.12429E+05  -7.83061E+04  -1.57310E+04  -2.55223E+04
  2.13728E-01  3.95105E-02  1.61592E-03  2.79405E-03  7.42352E-01  4.44336E+04  -1.12320E+05  -7.84000E+04  -1.57763E+04  -2.55704E+04
  2.14728E-01  3.94603E-02  1.61387E-03  2.79050E-03  7.41407E-01  4.45825E+04  -1.12210E+05  -7.84943E+04  -1.58227E+04  -2.56188E+04
  2.15728E-01  3.94100E-02  1.61181E-03  2.78695E-03  7.40463E-01  4.47317E+04  -1.12101E+05  -7.85890E+04  -1.58702E+04  -2.56676E+04
  2.16728E-01  3.93598E-02  1.60975E-03  2.78339E-03  7.39519E-01  4.48811E+04  -1.11992E+05  -7.86841E+04  -1.59188E+04  -2.57167E+04
  2.17728E-01  3.93095E-02  1.60770E-03  2.77984E-03  7.38575E-01  4.50307E+04  -1.11883E+05  -7.87795E+04  -1.59686E+04  -2.57660E+04
  2.18728E-01  3.92593E-02  1.60564E-03  2.77628E-03  7.37631E-01  4.51805E+04  -1.11775E+05  -7.88753E+04  -1.60195E+04  -2.58157E+04
  2.19728E-01  3.92090E-02  1.60359E-03  2.77273E-03  7.36687E-01  4.53306E+04  -1.11666E+05  -7.89716E+04  -1.60716E+04  -2.58657E+04
  2.20728E-01  3.91588E-02  1.60153E-03  2.76918E-03  7.35742E-01  4.54809E+04  -1.11557E+05  -7.90682E+04  -1.61248E+04  -2.59161E+04
  2.21728E-01  3.91085E-02  1.59948E-03  2.76562E-03  7.34798E-01  4.56314E+04  -1.11449E+05  -7.91652E+04  -1.61792E+04  -2.59667E+04
  2.22728E-01  3.90583E-02  1.59742E-03  2.76207E-03  7.33854E-01  4.57822E+04  -1.11340E+05  -7.92626E+04  -1.62348E+04  -2.60177E+04
  2.23728E-01  3.90080E-02  1.59537E-03  2.75852E-03  7.32910E-01  4.59332E+04  -1.11232E+05  -7.93604E+04  -1.62915E+04  -2.60690E+04
  2.24728E-01  3.89578E-02  1.59331E-03  2.75496E-03  7.31966E-01  4.60844E+04  -1.11124E+05  -7.94585E+04  -1.63495E+04  -2.61206E+04
  2.25728E-01  3.89075E-02  1.59126E-03  2.75141E-03  7.31022E-01  4.62359E+04  -1.11016E+05  -7.95571E+04  -1.64086E+04  -2.61726E+04
  2.26728E-01  3.88573E-02  1.58920E-03  2.74786E-03  7.30078E-01  4.63876E+04  -1.10908E+05  -7.96561E+04  -1.64690E+04  -2.62249E+04
  2.27728E-01  3.88070E-02  1.58715E-03  2.74430E-03  7.29134E-01  4.65396E+04  -1.10800E+05  -7.97555E+04  -1.65306E+04  -2.62775E+04
  2.28728E-01  3.87568E-02  1.58509E-03  2.74075E-03  7.28189E-01  4.66918E+04  -1.10692E+05  -7.98554E+04  -1.65934E+04  -2.63304E+04
  2.29728E-01  3.87065E-02  1.58304E-03  2.73720E-03  7.27245E-01  4.68443E+04  -1.10584E+05  -7.99556E+04  -1.66575E+04  -2.63837E+04
  2.30728E-01  3.86563E-02  1.58098E-03  2.73364E-03  7.26301E-01  4.69970E+04  -1.10477E+05  -8.00562E+04  -1.67228E+04  -2.64374E+04
  2.31728E-01  3.86060E-02  1.57893E-03  2.73009E-03  7.25357E-01  4.71500E+04  -1.10369E+05  -8.01573E+04  -1.67894E+04  -2.64914E+04
  2.32728E-01  3.85558E-02  1.57687E-03  2.72654E-03  7.24413E-01  4.73033E+04  -1.10262E+05  -8.02587E+04  -1.68572E+04  -2.65457E+04
  2.33728E-01  3.85055E-02  1.57482E-03  2.72298E-03  7.23469E-01  4.74568E+04  -1.10155E+05  -8.03606E+04  -1.69263E+04  -2.66004E+04
  2.34728E-01  3.84553E-02  1.57276E-03  2.71943E-03  7.22525E-01  4.76106E+04  -1.10048E+05  -8.04629E+04  -1.69967E+04  -2.66554E+04
  2.35728E-01  3.84050E-02  1.57071E-03  2.71587E-03  7.21580E-01  4.77646E+04  -1.09941E+05  -8.05657E+04  -1.70684E+04  -2.67108E+04
  2.36728E-01  3.83548E-02  1.56865E-03  2.71232E-03  7.20636E-01  4.79189E+04  -1.09834E+05  -8.06688E+04  -1.71414E+04  -2.67665E+04
  2.37728E-01  3.83045E-02  1.56660E-03  2.70877E-03  7.19692E-01  4.80735E+04  -1.09728E+05  -8.07724E+04  -1.72157E+04  -2.68226E+04
  2.38728E-01  3.82543E-02  1.56454E-03  2.70521E-03  7.18748E-01  4.82284E+04  -1.09621E+05  -8.08765E+04  -1.72914E+04  -2.68791E+04
  2.39728E-01  3.82040E-02  1.56249E-03  2.70166E-03  7.17804E-01  4.83835E+04  -1.09515E+05  -8.09809E+04  -1.73683E+04  -2.69359E+04
  2.40728E-01  3.81538E-02  1.56043E-03  2.69811E-03  7.16860E-01  4.85389E+04  -1.09409E+05  -8.10858E+04  -1.74467E+04  -2.69931E+04
  2.41728E-01  3.81035E-02  1.55838E-03  2.69455E-03  7.15916E-01  4.86946E+04  -1.09302E+05  -8.11912E+04  -1.75263E+04  -2.70506E+04
  2.42728E-01  3.80533E-02  1.55632E-03  2.69100E-03  7.14971E-01  4.88506E+04  -1.09197E+05  -8.12970E+04  -1.76074E+04  -2.71085E+04
  2.43728E-01  3.80030E-02  1.55427E-03  2.68745E-03  7.14027E-01  4.90069E+04  -1.09091E+05  -8.14032E+04  -1.76898E+04  -2.71668E+04
  2.44728E-01  3.79528E-02  1.55221E-03  2.68389E-03  7.13083E-01  4.91635E+04  -1.08985E+05  -8.15099E+04  -1.77736E+04  -2.72255E+04
  2.45728E-01  3.79025E-02  1.55015E-03  2.68034E-03  7.12139E-01  4.93203E+04  -1.08880E+05  -8.16170E+04  -1.78588E+04  -2.72845E+04
  2.46728E-01  3.78523E-02  1.54810E-03  2.67679E-03  7.11195E-01  4.94775E+04  -1.08774E+05  -8.17246E+04  -1.79454E+04  -2.73439E+04
  2.47728E-01  3.78020E-02  1.54604E-03  2.67323E-03  7.10251E-01  4.96350E+04  -1.08669E+05  -8.18326E+04  -1.80334E+04  -2.74037E+04
  2.48728E-01  3.77518E-02  1.54399E-03  2.66968E-03  7.09307E-01  4.97927E+04  -1.08564E+05  -8.19411E+04  -1.81229E+04  -2.74639E+04
  2.49728E-01  3.77015E-02  1.54193E-03  2.66612E-03  7.08362E-01  4.99508E+04  -1.08460E+05  -8.20501E+04  -1.82137E+04  -2.75245E+04
  2.50728E-01  3.76513E-02  1.53988E-03  2.66257E-03  7.07418E-01  5.01092E+04  -1.08355E+05  -8.21595E+04  -1.83061E+04  -2.75855E+04
  2.51728E-01  3.76010E-02  1.53782E-03  2.65902E-03  7.06474E-01  5.02678E+04  -1.08250E+05  -8.22694E+04  -1.83999E+04  -2.76468E+04
  2.52728E-01  3.75508E-02  1.53577E-03  2.65546E-03  7.05530E-01  5.04268E+04  -1.08146E+05  -8.23797E+04  -1.84951E+04  -2.77086E+04
  2.53728E-01  3.75005E-02  1.53371E-03  2.65191E-03  7.04586E-01  5.05861E+04  -1.08042E+05  -8.24906E+04  -1.85919E+04  -2.77707E+04
  2.54728E-01  3.74503E-02  1.53166E-03  2.64836E-03  7.03642E-01  5.07457E+04  -1.07938E+05  -8.26019E+04  -1.86901E+04  -2.78333E+04
  2.55728E-01  3.74000E-02  1.52960E-03  2.64480E-03  7.02698E-01  5.09057E+04  -1.07834E+05  -8.27136E+04  -1.87899E+04  -2.78962E+04
  2.56728E-01  3.73498E-02  1.52755E-03  2.64125E-03  7.01753E-01  5.10660E+04  -1.07731E+05  -8.28259E+04  -1.88911E+04  -2.79596E+04
  2.57728E-01  3.72995E-02  1.52549E-03  2.63770E-03  7.00809E-01  5.12265E+04  -1.07627E+05  -8.29387E+04  -1.89939E+04  -2.80234E+04
  2.58728E-01  3.72493E-02  1.52344E-03  2.63414E-03  6.99865E-01  5.13875E+04  -1.07524E+05  -8.30519E+04  -1.90982E+04  -2.80875E+04
  2.59728E-01  3.71990E-02  1.52138E-03  2.63059E-03  6.98921E-01  5.15487E+04  -1.07421E+05  -8.31656E+04  -1.92041E+04  -2.81521E+04
  2.60728E-01  3.71488E-02  1.51933E-03  2.62704E-03  6.97977E-01  5.17103E+04  -1.07318E+05  -8.32798E+04  -1.93115E+04  -2.82172E+04
  2.61728E-01  3.70985E-02  1.51727E-03  2.62348E-03  6.97033E-01  5.18722E+04  -1.07216E+05  -8.33945E+04  -1.94205E+04  -2.82826E+04
  2.62728E-01  3.70483E-02  1.51522E-03  2.61993E-03  6.96089E-01  5.20345E+04  -1.07113E+05  -8.35098E+04  -1.95311E+04  -2.83485E+04
  2.63728E-01  3.69980E-02  1.51316E-03  2.61638E-03  6.95144E-01  5.21970E+04  -1.07011E+05  -8.36255E+04  -1.96433E+04  -2.84148E+04
  2.64728E-01  3.69478E-02  1.51111E-03  2.61282E-03  6.94200E-01  5.23600E+04  -1.06909E+05  -8.37417E+04  -1.97571E+04  -2.84815E+04
  2.65728E-01  3.68975E-02  1.50905E-03  2.60927E-03  6.93256E-01  5.25233E+04  -1.06807E+05  -8.38584E+04  -1.98725E+04  -2.85486E+04
  2.66728E-01  3.68473E-02  1.50700E-03  2.60571E-03  6.92312E-01  5.26869E+04  -1.06706E+05  -8.39757E+04  -1.99896E+04  -2.86162E+04
  2.67728E-01  3.67970E-02  1.50494E-03  2.60216E-03  6.91368E-01  5.28509E+04  -1.06604E+05  -8.40934E+04  -2.01083E+04  -2.86843E+04
  2.68728E-01  3.67468E-02  1.50289E-03  2.59861E-03  6.90424E-01  5.30152E+04  -1.06503E+05  -8.42117E+04  -2.02286E+04  -2.87527E+04
  2.69728E-01  3.66965E-02  1.50083E-03  2.59505E-03  6.89480E-01  5.31799E+04  -1.06402E+05  -8.43305E+04  -2.03507E+04  -2.88217E+04
  2.70728E-01  3.66463E-02  1.49878E-03  2.59150E-03  6.88535E-01  5.33450E+04  -1.06302E+05  -8.44498E+04  -2.04744E+04  -2.88910E+04
  2.71728E-01  3.65960E-02  1.49672E-03  2.58795E-03  6.87591E-01  5.35104E+04  -1.06201E+05  -8.45696E+04  -2.05998E+04  -2.89608E+04
  2.72728E-01  3.65458E-02  1.49467E-03  2.58439E-03  6.86647E-01  5.36762E+04  -1.06101E+05  -8.46900E+04  -2.07269E+04  -2.90311E+04
  2.73728E-01  3.64955E-02  1.49261E-03  2.58084E-03  6.85703E-01  5.38423E+04  -1.06001E+05  -8.48109E+04  -2.08558E+04  -2.91019E+04
  2.74728E-01  3.64453E-02  1.49056E-03  2.57729E-03  6.84759E-01  5.40089E+04  -1.05901E+05  -8.49324E+04  -2.09863E+04  -2.91731E+04
  2.75728E-01  3.63950E-02  1.48850E-03  2.57373E-03  6.83815E-01  5.41758E+04  -1.05802E+05  -8.50543E+04  -2.11187E+04  -2.92447E+04
  2.76728E-01  3.63448E-02  1.48644E-03  2.57018E-03  6.82871E-01  5.43431E+04  -1.05702E+05  -8.51769E+04  -2.12527E+04  -2.93168E+04
  2.77728E-01  3.62945E-02  1.48439E-03  2.56663E-03  6.81926E-01  5.45107E+04  -1.05603E+05  -8.52999E+04  -2.13886E+04  -2.93894E+04
  2.78728E-01  3.62443E-02  1.48233E-03  2.56307E-03  6.80982E-01  5.46788E+04  -1.05505E+05  -8.54236E+04  -2.15262E+04  -2.94625E+04
  2.79728E-01  3.61940E-02  1.48028E-03  2.55952E-03  6.80038E-01  5.48472E+04  -1.05406E+05  -8.55477E+04  -2.16657E+04  -2.95361E+04
  2.80728E-01  3.61438E-02  1.47822E-03  2.55597E-03  6.79094E-01  5.50160E+04  -1.05308E+05  -8.56725E+04  -2.18070E+04  -2.96101E+04
  2.81728E-01  3.60935E-02  1.47617E-03  2.55241E-03  6.78150E-01  5.51852E+04  -1.05210E+05  -8.57978E+04  -2.19501E+04  -2.96846E+04
  2.82728E-01  3.60433E-02  1.47411E-03  2.54886E-03  6.77206E-01  5.53548E+04  -1.05112E+05  -8.59236E+04  -2.20950E+04  -2.97597E+04
  2.83728E-01  3.59930E-02  1.47206E-03  2.54530E-03  6.76262E-01  5.55248E+04  -1.05015E+05  -8.60501E+04  -2.22418E+04  -2.98352E+04
  2.84728E-01  3.59428E-02  1.47000E-03  2.54175E-03  6.75317E-01  5.56952E+04  -1.04918E+05  -8.61771E+04  -2.23905E+04  -2.99112E+04
  2.85728E-01  3.58925E-02  1.46795E-03  2.53820E-03  6.74373E-01  5.58660E+04  -1.04821E+05  -8.63047E+04  -2.25411E+04  -2.99877E+04
  2.86728E-01  3.58423E-02  1.46589E-03  2.53464E-03  6.73429E-01  5.60372E+04  -1.04724E+05  -8.64328E+04  -2.26935E+04  -3.00647E+04
  2.87728E-01  3.57920E-02  1.46384E-03  2.53109E-03  6.72485E-01  5.62089E+04  -1.04628E+05  -8.65616E+04  -2.28479E+04  -3.01422E+04
  2.88728E-01  3.57418E-02  1.46178E-03  2.52754E-03  6.71541E-01  5.63809E+04  -1.04532E+05  -8.66909E+04  -2.30042E+04  -3.02202E+04
  2.89728E-01  3.56915E-02  1.45973E-03  2.52398E-03  6.70597E-01  5.65534E+04  -1.04436E+05  -8.68208E+04  -2.31625E+04  -3.02987E+04
  2.90728E-01  3.56412E-02  1.45767E-03  2.52043E-03  6.69653E-01  5.67262E+04  -1.04341E+05  -8.69513E+04  -2.33227E+04  -3.03778E+04
  2.91728E-01  3.55910E-02  1.45562E-03  2.51688E-03  6.68709E-01  5.68995E+04  -1.04246E+05  -8.70825E+04  -2.34849E+04  -3.04574E+04
  2.92728E-01  3.55407E-02  1.45356E-03  2.51332E-03  6.67764E-01  5.70732E+04  -1.04151E+05  -8.72142E+04  -2.36491E+04  -3.05375E+04
  2.93728E-01  3.54905E-02  1.45151E-03  2.50977E-03  6.66820E-01  5.72474E+04  -1.04057E+05  -8.73465E+04  -2.38153E+04  -3.06181E+04
  2.94728E-01  3.54402E-02  1.44945E-03  2.50622E-03  6.65876E-01  5.74220E+04  -1.03962E+05  -8.74794E+04  -2.39835E+04  -3.06993E+04
  2.95728E-01  3.53900E-02  1.44740E-03  2.50266E-03  6.64932E-01  5.75970E+04  -1.03869E+05  -8.76130E+04  -2.41537E+04  -3.07810E+04
  2.96728E-01  3.53397E-02  1.44534E-03  2.49911E-03  6.63988E-01  5.77724E+04  -1.03775E+05  -8.77472E+04  -2.43260E+04  -3.08633E+04
  2.97728E-01  3.52895E-02  1.44329E-03  2.49555E-03  6.63044E-01  5.79483E+04  -1.03682E+05  -8.78819E+04  -2.45004E+04  -3.09461E+04
  2.98728E-01  3.52392E-02  1.44123E-03  2.49200E-03  6.62100E-01  5.81247E+04  -1.03589E+05  -8.80174E+04  -2.46769E+04  -3.10294E+04
  2.99728E-01  3.51890E-02  1.43918E-03  2.48845E-03  6.61155E-01  5.83015E+04  -1.03497E+05  -8.81534E+04  -2.48554E+04  -3.11133E+04
  2.99990E-01  3.51758E-02  1.43864E-03  2.48752E-03  6.60908E-01  5.83479E+04  -1.03472E+05  -8.81892E+04  -2.49026E+04  -3.11355E+04
