
 Phase Region for:
     BCC_A2
 col-1=X(C), col-2=X(SI), col-3=X(MN), col-4=X(CU), col-5=X(FE), col-6=MU(C), col-7=MU(SI), col-8=MU(MN), col-9=MU(CU), col-10=MU(FE),
  2.88620E-02  4.88001E-02  1.99585E-03  3.45098E-03  9.16891E-01  5.74075E+04  -1.34345E+05  -5.16481E+04  -1.20095E+04  -2.28106E+04
  9.99900E-03  4.97480E-02  2.03462E-03  3.51801E-03  9.34700E-01  5.14013E+04  -1.36545E+05  -5.03207E+04  -1.18166E+04  -2.25811E+04

 Phase Region for:
     BCC_A2
 col-1=X(C), col-2=X(SI), col-3=X(MN), col-4=X(CU), col-5=X(FE), col-6=MU(C), col-7=MU(SI), col-8=MU(MN), col-9=MU(CU), col-10=MU(FE),
  2.88620E-02  4.88001E-02  1.99585E-03  3.45098E-03  9.16891E-01  5.74075E+04  -1.34345E+05  -5.16481E+04  -1.20095E+04  -2.28106E+04
  2.87620E-02  4.88051E-02  1.99606E-03  3.45134E-03  9.16986E-01  5.73872E+04  -1.34357E+05  -5.16409E+04  -1.20084E+04  -2.28093E+04
  2.86620E-02  4.88102E-02  1.99626E-03  3.45169E-03  9.17080E-01  5.73668E+04  -1.34369E+05  -5.16337E+04  -1.20073E+04  -2.28081E+04
  2.85620E-02  4.88152E-02  1.99647E-03  3.45205E-03  9.17174E-01  5.73464E+04  -1.34381E+05  -5.16265E+04  -1.20063E+04  -2.28068E+04
  2.84620E-02  4.88202E-02  1.99667E-03  3.45240E-03  9.17269E-01  5.73259E+04  -1.34393E+05  -5.16193E+04  -1.20052E+04  -2.28056E+04
  2.83620E-02  4.88252E-02  1.99688E-03  3.45276E-03  9.17363E-01  5.73054E+04  -1.34405E+05  -5.16121E+04  -1.20041E+04  -2.28043E+04
  2.82620E-02  4.88303E-02  1.99708E-03  3.45311E-03  9.17458E-01  5.72848E+04  -1.34417E+05  -5.16049E+04  -1.20030E+04  -2.28031E+04
  2.81620E-02  4.88353E-02  1.99729E-03  3.45347E-03  9.17552E-01  5.72641E+04  -1.34428E+05  -5.15978E+04  -1.20019E+04  -2.28018E+04
  2.80620E-02  4.88403E-02  1.99749E-03  3.45382E-03  9.17646E-01  5.72433E+04  -1.34440E+05  -5.15906E+04  -1.20008E+04  -2.28006E+04
  2.79620E-02  4.88453E-02  1.99770E-03  3.45418E-03  9.17741E-01  5.72225E+04  -1.34452E+05  -5.15834E+04  -1.19998E+04  -2.27993E+04
  2.78620E-02  4.88504E-02  1.99790E-03  3.45453E-03  9.17835E-01  5.72016E+04  -1.34464E+05  -5.15762E+04  -1.19987E+04  -2.27981E+04
  2.77620E-02  4.88554E-02  1.99811E-03  3.45489E-03  9.17930E-01  5.71807E+04  -1.34476E+05  -5.15690E+04  -1.19976E+04  -2.27968E+04
  2.76620E-02  4.88604E-02  1.99832E-03  3.45524E-03  9.18024E-01  5.71596E+04  -1.34488E+05  -5.15619E+04  -1.19965E+04  -2.27956E+04
  2.75620E-02  4.88654E-02  1.99852E-03  3.45560E-03  9.18118E-01  5.71386E+04  -1.34500E+05  -5.15547E+04  -1.19954E+04  -2.27944E+04
  2.74620E-02  4.88705E-02  1.99873E-03  3.45596E-03  9.18213E-01  5.71174E+04  -1.34511E+05  -5.15475E+04  -1.19944E+04  -2.27931E+04
  2.73620E-02  4.88755E-02  1.99893E-03  3.45631E-03  9.18307E-01  5.70961E+04  -1.34523E+05  -5.15404E+04  -1.19933E+04  -2.27919E+04
  2.72620E-02  4.88805E-02  1.99914E-03  3.45667E-03  9.18402E-01  5.70748E+04  -1.34535E+05  -5.15332E+04  -1.19922E+04  -2.27906E+04
  2.71620E-02  4.88855E-02  1.99934E-03  3.45702E-03  9.18496E-01  5.70535E+04  -1.34547E+05  -5.15260E+04  -1.19911E+04  -2.27894E+04
  2.70620E-02  4.88906E-02  1.99955E-03  3.45738E-03  9.18590E-01  5.70320E+04  -1.34559E+05  -5.15189E+04  -1.19900E+04  -2.27881E+04
  2.69620E-02  4.88956E-02  1.99975E-03  3.45773E-03  9.18685E-01  5.70105E+04  -1.34571E+05  -5.15117E+04  -1.19890E+04  -2.27869E+04
  2.68620E-02  4.89006E-02  1.99996E-03  3.45809E-03  9.18779E-01  5.69889E+04  -1.34582E+05  -5.15045E+04  -1.19879E+04  -2.27857E+04
  2.67620E-02  4.89056E-02  2.00017E-03  3.45844E-03  9.18874E-01  5.69672E+04  -1.34594E+05  -5.14974E+04  -1.19868E+04  -2.27844E+04
  2.66620E-02  4.89107E-02  2.00037E-03  3.45880E-03  9.18968E-01  5.69455E+04  -1.34606E+05  -5.14902E+04  -1.19858E+04  -2.27832E+04
  2.65620E-02  4.89157E-02  2.00058E-03  3.45915E-03  9.19063E-01  5.69236E+04  -1.34618E+05  -5.14831E+04  -1.19847E+04  -2.27819E+04
  2.64620E-02  4.89207E-02  2.00078E-03  3.45951E-03  9.19157E-01  5.69017E+04  -1.34630E+05  -5.14759E+04  -1.19836E+04  -2.27807E+04
  2.63620E-02  4.89257E-02  2.00099E-03  3.45986E-03  9.19251E-01  5.68797E+04  -1.34641E+05  -5.14688E+04  -1.19825E+04  -2.27794E+04
  2.62620E-02  4.89308E-02  2.00119E-03  3.46022E-03  9.19346E-01  5.68577E+04  -1.34653E+05  -5.14616E+04  -1.19815E+04  -2.27782E+04
  2.61620E-02  4.89358E-02  2.00140E-03  3.46057E-03  9.19440E-01  5.68356E+04  -1.34665E+05  -5.14545E+04  -1.19804E+04  -2.27770E+04
  2.60620E-02  4.89408E-02  2.00160E-03  3.46093E-03  9.19535E-01  5.68133E+04  -1.34677E+05  -5.14473E+04  -1.19793E+04  -2.27757E+04
  2.59620E-02  4.89458E-02  2.00181E-03  3.46129E-03  9.19629E-01  5.67911E+04  -1.34689E+05  -5.14402E+04  -1.19783E+04  -2.27745E+04
  2.58620E-02  4.89509E-02  2.00202E-03  3.46164E-03  9.19723E-01  5.67687E+04  -1.34700E+05  -5.14330E+04  -1.19772E+04  -2.27732E+04
  2.57620E-02  4.89559E-02  2.00222E-03  3.46200E-03  9.19818E-01  5.67462E+04  -1.34712E+05  -5.14259E+04  -1.19761E+04  -2.27720E+04
  2.56620E-02  4.89609E-02  2.00243E-03  3.46235E-03  9.19912E-01  5.67237E+04  -1.34724E+05  -5.14188E+04  -1.19751E+04  -2.27708E+04
  2.55620E-02  4.89659E-02  2.00263E-03  3.46271E-03  9.20007E-01  5.67011E+04  -1.34736E+05  -5.14116E+04  -1.19740E+04  -2.27695E+04
  2.54620E-02  4.89710E-02  2.00284E-03  3.46306E-03  9.20101E-01  5.66784E+04  -1.34748E+05  -5.14045E+04  -1.19729E+04  -2.27683E+04
  2.53620E-02  4.89760E-02  2.00304E-03  3.46342E-03  9.20196E-01  5.66556E+04  -1.34759E+05  -5.13974E+04  -1.19719E+04  -2.27671E+04
  2.52620E-02  4.89810E-02  2.00325E-03  3.46377E-03  9.20290E-01  5.66327E+04  -1.34771E+05  -5.13902E+04  -1.19708E+04  -2.27658E+04
  2.51620E-02  4.89860E-02  2.00345E-03  3.46413E-03  9.20384E-01  5.66098E+04  -1.34783E+05  -5.13831E+04  -1.19697E+04  -2.27646E+04
  2.50620E-02  4.89911E-02  2.00366E-03  3.46448E-03  9.20479E-01  5.65868E+04  -1.34795E+05  -5.13760E+04  -1.19687E+04  -2.27633E+04
  2.49620E-02  4.89961E-02  2.00386E-03  3.46484E-03  9.20573E-01  5.65636E+04  -1.34807E+05  -5.13688E+04  -1.19676E+04  -2.27621E+04
  2.48620E-02  4.90011E-02  2.00407E-03  3.46519E-03  9.20668E-01  5.65404E+04  -1.34818E+05  -5.13617E+04  -1.19666E+04  -2.27609E+04
  2.47620E-02  4.90061E-02  2.00428E-03  3.46555E-03  9.20762E-01  5.65172E+04  -1.34830E+05  -5.13546E+04  -1.19655E+04  -2.27596E+04
  2.46620E-02  4.90112E-02  2.00448E-03  3.46591E-03  9.20856E-01  5.64938E+04  -1.34842E+05  -5.13475E+04  -1.19644E+04  -2.27584E+04
  2.45620E-02  4.90162E-02  2.00469E-03  3.46626E-03  9.20951E-01  5.64703E+04  -1.34854E+05  -5.13403E+04  -1.19634E+04  -2.27572E+04
  2.44620E-02  4.90212E-02  2.00489E-03  3.46662E-03  9.21045E-01  5.64468E+04  -1.34865E+05  -5.13332E+04  -1.19623E+04  -2.27559E+04
  2.43620E-02  4.90262E-02  2.00510E-03  3.46697E-03  9.21140E-01  5.64231E+04  -1.34877E+05  -5.13261E+04  -1.19613E+04  -2.27547E+04
  2.42620E-02  4.90313E-02  2.00530E-03  3.46733E-03  9.21234E-01  5.63994E+04  -1.34889E+05  -5.13190E+04  -1.19602E+04  -2.27535E+04
  2.41620E-02  4.90363E-02  2.00551E-03  3.46768E-03  9.21329E-01  5.63755E+04  -1.34901E+05  -5.13119E+04  -1.19592E+04  -2.27522E+04
  2.40620E-02  4.90413E-02  2.00571E-03  3.46804E-03  9.21423E-01  5.63516E+04  -1.34913E+05  -5.13048E+04  -1.19581E+04  -2.27510E+04
  2.39620E-02  4.90463E-02  2.00592E-03  3.46839E-03  9.21517E-01  5.63276E+04  -1.34924E+05  -5.12977E+04  -1.19571E+04  -2.27498E+04
  2.38620E-02  4.90514E-02  2.00613E-03  3.46875E-03  9.21612E-01  5.63035E+04  -1.34936E+05  -5.12905E+04  -1.19560E+04  -2.27485E+04
  2.37620E-02  4.90564E-02  2.00633E-03  3.46910E-03  9.21706E-01  5.62793E+04  -1.34948E+05  -5.12834E+04  -1.19549E+04  -2.27473E+04
  2.36620E-02  4.90614E-02  2.00654E-03  3.46946E-03  9.21801E-01  5.62550E+04  -1.34960E+05  -5.12763E+04  -1.19539E+04  -2.27461E+04
  2.35620E-02  4.90664E-02  2.00674E-03  3.46981E-03  9.21895E-01  5.62306E+04  -1.34971E+05  -5.12692E+04  -1.19528E+04  -2.27449E+04
  2.34620E-02  4.90715E-02  2.00695E-03  3.47017E-03  9.21989E-01  5.62061E+04  -1.34983E+05  -5.12621E+04  -1.19518E+04  -2.27436E+04
  2.33620E-02  4.90765E-02  2.00715E-03  3.47052E-03  9.22084E-01  5.61816E+04  -1.34995E+05  -5.12550E+04  -1.19507E+04  -2.27424E+04
  2.32620E-02  4.90815E-02  2.00736E-03  3.47088E-03  9.22178E-01  5.61569E+04  -1.35007E+05  -5.12479E+04  -1.19497E+04  -2.27412E+04
  2.31620E-02  4.90865E-02  2.00756E-03  3.47124E-03  9.22273E-01  5.61321E+04  -1.35018E+05  -5.12408E+04  -1.19486E+04  -2.27399E+04
  2.30620E-02  4.90916E-02  2.00777E-03  3.47159E-03  9.22367E-01  5.61072E+04  -1.35030E+05  -5.12337E+04  -1.19476E+04  -2.27387E+04
  2.29620E-02  4.90966E-02  2.00798E-03  3.47195E-03  9.22461E-01  5.60822E+04  -1.35042E+05  -5.12266E+04  -1.19466E+04  -2.27375E+04
  2.28620E-02  4.91016E-02  2.00818E-03  3.47230E-03  9.22556E-01  5.60571E+04  -1.35054E+05  -5.12195E+04  -1.19455E+04  -2.27362E+04
  2.27620E-02  4.91066E-02  2.00839E-03  3.47266E-03  9.22650E-01  5.60319E+04  -1.35065E+05  -5.12124E+04  -1.19445E+04  -2.27350E+04
  2.26620E-02  4.91117E-02  2.00859E-03  3.47301E-03  9.22745E-01  5.60067E+04  -1.35077E+05  -5.12054E+04  -1.19434E+04  -2.27338E+04
  2.25620E-02  4.91167E-02  2.00880E-03  3.47337E-03  9.22839E-01  5.59813E+04  -1.35089E+05  -5.11983E+04  -1.19424E+04  -2.27326E+04
  2.24620E-02  4.91217E-02  2.00900E-03  3.47372E-03  9.22934E-01  5.59558E+04  -1.35100E+05  -5.11912E+04  -1.19413E+04  -2.27313E+04
  2.23620E-02  4.91267E-02  2.00921E-03  3.47408E-03  9.23028E-01  5.59301E+04  -1.35112E+05  -5.11841E+04  -1.19403E+04  -2.27301E+04
  2.22620E-02  4.91318E-02  2.00941E-03  3.47443E-03  9.23122E-01  5.59044E+04  -1.35124E+05  -5.11770E+04  -1.19392E+04  -2.27289E+04
  2.21620E-02  4.91368E-02  2.00962E-03  3.47479E-03  9.23217E-01  5.58786E+04  -1.35136E+05  -5.11699E+04  -1.19382E+04  -2.27277E+04
  2.20620E-02  4.91418E-02  2.00982E-03  3.47514E-03  9.23311E-01  5.58527E+04  -1.35147E+05  -5.11629E+04  -1.19372E+04  -2.27264E+04
  2.19620E-02  4.91468E-02  2.01003E-03  3.47550E-03  9.23406E-01  5.58266E+04  -1.35159E+05  -5.11558E+04  -1.19361E+04  -2.27252E+04
  2.18620E-02  4.91519E-02  2.01024E-03  3.47586E-03  9.23500E-01  5.58005E+04  -1.35171E+05  -5.11487E+04  -1.19351E+04  -2.27240E+04
  2.17620E-02  4.91569E-02  2.01044E-03  3.47621E-03  9.23594E-01  5.57742E+04  -1.35182E+05  -5.11416E+04  -1.19340E+04  -2.27228E+04
  2.16620E-02  4.91619E-02  2.01065E-03  3.47657E-03  9.23689E-01  5.57478E+04  -1.35194E+05  -5.11346E+04  -1.19330E+04  -2.27215E+04
  2.15620E-02  4.91669E-02  2.01085E-03  3.47692E-03  9.23783E-01  5.57213E+04  -1.35206E+05  -5.11275E+04  -1.19320E+04  -2.27203E+04
  2.14620E-02  4.91720E-02  2.01106E-03  3.47728E-03  9.23878E-01  5.56947E+04  -1.35218E+05  -5.11204E+04  -1.19309E+04  -2.27191E+04
  2.13620E-02  4.91770E-02  2.01126E-03  3.47763E-03  9.23972E-01  5.56680E+04  -1.35229E+05  -5.11133E+04  -1.19299E+04  -2.27179E+04
  2.12620E-02  4.91820E-02  2.01147E-03  3.47799E-03  9.24067E-01  5.56411E+04  -1.35241E+05  -5.11063E+04  -1.19289E+04  -2.27166E+04
  2.11620E-02  4.91870E-02  2.01167E-03  3.47834E-03  9.24161E-01  5.56142E+04  -1.35253E+05  -5.10992E+04  -1.19278E+04  -2.27154E+04
  2.10620E-02  4.91921E-02  2.01188E-03  3.47870E-03  9.24255E-01  5.55871E+04  -1.35264E+05  -5.10921E+04  -1.19268E+04  -2.27142E+04
  2.09620E-02  4.91971E-02  2.01209E-03  3.47905E-03  9.24350E-01  5.55599E+04  -1.35276E+05  -5.10851E+04  -1.19258E+04  -2.27130E+04
  2.08620E-02  4.92021E-02  2.01229E-03  3.47941E-03  9.24444E-01  5.55325E+04  -1.35288E+05  -5.10780E+04  -1.19247E+04  -2.27118E+04
  2.07620E-02  4.92071E-02  2.01250E-03  3.47976E-03  9.24539E-01  5.55051E+04  -1.35299E+05  -5.10710E+04  -1.19237E+04  -2.27105E+04
  2.06620E-02  4.92122E-02  2.01270E-03  3.48012E-03  9.24633E-01  5.54775E+04  -1.35311E+05  -5.10639E+04  -1.19227E+04  -2.27093E+04
  2.05620E-02  4.92172E-02  2.01291E-03  3.48047E-03  9.24727E-01  5.54498E+04  -1.35323E+05  -5.10569E+04  -1.19216E+04  -2.27081E+04
  2.04620E-02  4.92222E-02  2.01311E-03  3.48083E-03  9.24822E-01  5.54220E+04  -1.35335E+05  -5.10498E+04  -1.19206E+04  -2.27069E+04
  2.03620E-02  4.92272E-02  2.01332E-03  3.48119E-03  9.24916E-01  5.53940E+04  -1.35346E+05  -5.10427E+04  -1.19196E+04  -2.27057E+04
  2.02620E-02  4.92323E-02  2.01352E-03  3.48154E-03  9.25011E-01  5.53659E+04  -1.35358E+05  -5.10357E+04  -1.19185E+04  -2.27044E+04
  2.01620E-02  4.92373E-02  2.01373E-03  3.48190E-03  9.25105E-01  5.53377E+04  -1.35370E+05  -5.10286E+04  -1.19175E+04  -2.27032E+04
  2.00620E-02  4.92423E-02  2.01394E-03  3.48225E-03  9.25200E-01  5.53093E+04  -1.35381E+05  -5.10216E+04  -1.19165E+04  -2.27020E+04
  1.99620E-02  4.92473E-02  2.01414E-03  3.48261E-03  9.25294E-01  5.52808E+04  -1.35393E+05  -5.10146E+04  -1.19155E+04  -2.27008E+04
  1.98620E-02  4.92524E-02  2.01435E-03  3.48296E-03  9.25388E-01  5.52522E+04  -1.35405E+05  -5.10075E+04  -1.19144E+04  -2.26996E+04
  1.97620E-02  4.92574E-02  2.01455E-03  3.48332E-03  9.25483E-01  5.52235E+04  -1.35416E+05  -5.10005E+04  -1.19134E+04  -2.26983E+04
  1.96620E-02  4.92624E-02  2.01476E-03  3.48367E-03  9.25577E-01  5.51946E+04  -1.35428E+05  -5.09934E+04  -1.19124E+04  -2.26971E+04
  1.95620E-02  4.92674E-02  2.01496E-03  3.48403E-03  9.25672E-01  5.51655E+04  -1.35440E+05  -5.09864E+04  -1.19114E+04  -2.26959E+04
  1.94620E-02  4.92725E-02  2.01517E-03  3.48438E-03  9.25766E-01  5.51364E+04  -1.35451E+05  -5.09794E+04  -1.19103E+04  -2.26947E+04
  1.93620E-02  4.92775E-02  2.01537E-03  3.48474E-03  9.25860E-01  5.51070E+04  -1.35463E+05  -5.09723E+04  -1.19093E+04  -2.26935E+04
  1.92620E-02  4.92825E-02  2.01558E-03  3.48509E-03  9.25955E-01  5.50776E+04  -1.35475E+05  -5.09653E+04  -1.19083E+04  -2.26923E+04
  1.91620E-02  4.92875E-02  2.01578E-03  3.48545E-03  9.26049E-01  5.50480E+04  -1.35486E+05  -5.09582E+04  -1.19073E+04  -2.26910E+04
  1.90620E-02  4.92926E-02  2.01599E-03  3.48580E-03  9.26144E-01  5.50182E+04  -1.35498E+05  -5.09512E+04  -1.19063E+04  -2.26898E+04
  1.89620E-02  4.92976E-02  2.01620E-03  3.48616E-03  9.26238E-01  5.49883E+04  -1.35510E+05  -5.09442E+04  -1.19052E+04  -2.26886E+04
  1.88620E-02  4.93026E-02  2.01640E-03  3.48652E-03  9.26332E-01  5.49583E+04  -1.35521E+05  -5.09372E+04  -1.19042E+04  -2.26874E+04
  1.87620E-02  4.93076E-02  2.01661E-03  3.48687E-03  9.26427E-01  5.49281E+04  -1.35533E+05  -5.09301E+04  -1.19032E+04  -2.26862E+04
  1.86620E-02  4.93127E-02  2.01681E-03  3.48723E-03  9.26521E-01  5.48977E+04  -1.35544E+05  -5.09231E+04  -1.19022E+04  -2.26850E+04
  1.85620E-02  4.93177E-02  2.01702E-03  3.48758E-03  9.26616E-01  5.48672E+04  -1.35556E+05  -5.09161E+04  -1.19012E+04  -2.26838E+04
  1.84620E-02  4.93227E-02  2.01722E-03  3.48794E-03  9.26710E-01  5.48365E+04  -1.35568E+05  -5.09091E+04  -1.19002E+04  -2.26825E+04
  1.83620E-02  4.93277E-02  2.01743E-03  3.48829E-03  9.26805E-01  5.48057E+04  -1.35579E+05  -5.09020E+04  -1.18991E+04  -2.26813E+04
  1.82620E-02  4.93328E-02  2.01763E-03  3.48865E-03  9.26899E-01  5.47747E+04  -1.35591E+05  -5.08950E+04  -1.18981E+04  -2.26801E+04
  1.81620E-02  4.93378E-02  2.01784E-03  3.48900E-03  9.26993E-01  5.47436E+04  -1.35603E+05  -5.08880E+04  -1.18971E+04  -2.26789E+04
  1.80620E-02  4.93428E-02  2.01805E-03  3.48936E-03  9.27088E-01  5.47123E+04  -1.35614E+05  -5.08810E+04  -1.18961E+04  -2.26777E+04
  1.79620E-02  4.93478E-02  2.01825E-03  3.48971E-03  9.27182E-01  5.46808E+04  -1.35626E+05  -5.08740E+04  -1.18951E+04  -2.26765E+04
  1.78620E-02  4.93529E-02  2.01846E-03  3.49007E-03  9.27277E-01  5.46492E+04  -1.35638E+05  -5.08670E+04  -1.18941E+04  -2.26753E+04
  1.77620E-02  4.93579E-02  2.01866E-03  3.49042E-03  9.27371E-01  5.46174E+04  -1.35649E+05  -5.08600E+04  -1.18931E+04  -2.26741E+04
  1.76620E-02  4.93629E-02  2.01887E-03  3.49078E-03  9.27465E-01  5.45854E+04  -1.35661E+05  -5.08530E+04  -1.18921E+04  -2.26729E+04
  1.75620E-02  4.93679E-02  2.01907E-03  3.49114E-03  9.27560E-01  5.45532E+04  -1.35672E+05  -5.08459E+04  -1.18911E+04  -2.26716E+04
  1.74620E-02  4.93730E-02  2.01928E-03  3.49149E-03  9.27654E-01  5.45209E+04  -1.35684E+05  -5.08389E+04  -1.18900E+04  -2.26704E+04
  1.73620E-02  4.93780E-02  2.01948E-03  3.49185E-03  9.27749E-01  5.44884E+04  -1.35696E+05  -5.08319E+04  -1.18890E+04  -2.26692E+04
  1.72620E-02  4.93830E-02  2.01969E-03  3.49220E-03  9.27843E-01  5.44557E+04  -1.35707E+05  -5.08249E+04  -1.18880E+04  -2.26680E+04
  1.71620E-02  4.93880E-02  2.01990E-03  3.49256E-03  9.27938E-01  5.44229E+04  -1.35719E+05  -5.08179E+04  -1.18870E+04  -2.26668E+04
  1.70620E-02  4.93931E-02  2.02010E-03  3.49291E-03  9.28032E-01  5.43898E+04  -1.35730E+05  -5.08109E+04  -1.18860E+04  -2.26656E+04
  1.69620E-02  4.93981E-02  2.02031E-03  3.49327E-03  9.28126E-01  5.43566E+04  -1.35742E+05  -5.08039E+04  -1.18850E+04  -2.26644E+04
  1.68620E-02  4.94031E-02  2.02051E-03  3.49362E-03  9.28221E-01  5.43232E+04  -1.35754E+05  -5.07969E+04  -1.18840E+04  -2.26632E+04
  1.67620E-02  4.94081E-02  2.02072E-03  3.49398E-03  9.28315E-01  5.42896E+04  -1.35765E+05  -5.07900E+04  -1.18830E+04  -2.26620E+04
  1.66620E-02  4.94132E-02  2.02092E-03  3.49433E-03  9.28410E-01  5.42558E+04  -1.35777E+05  -5.07830E+04  -1.18820E+04  -2.26608E+04
  1.65620E-02  4.94182E-02  2.02113E-03  3.49469E-03  9.28504E-01  5.42218E+04  -1.35788E+05  -5.07760E+04  -1.18810E+04  -2.26596E+04
  1.64620E-02  4.94232E-02  2.02133E-03  3.49504E-03  9.28598E-01  5.41876E+04  -1.35800E+05  -5.07690E+04  -1.18800E+04  -2.26584E+04
  1.63620E-02  4.94282E-02  2.02154E-03  3.49540E-03  9.28693E-01  5.41532E+04  -1.35812E+05  -5.07620E+04  -1.18790E+04  -2.26572E+04
  1.62620E-02  4.94333E-02  2.02174E-03  3.49575E-03  9.28787E-01  5.41187E+04  -1.35823E+05  -5.07550E+04  -1.18780E+04  -2.26559E+04
  1.61620E-02  4.94383E-02  2.02195E-03  3.49611E-03  9.28882E-01  5.40839E+04  -1.35835E+05  -5.07480E+04  -1.18770E+04  -2.26547E+04
  1.60620E-02  4.94433E-02  2.02216E-03  3.49647E-03  9.28976E-01  5.40489E+04  -1.35846E+05  -5.07410E+04  -1.18760E+04  -2.26535E+04
  1.59620E-02  4.94483E-02  2.02236E-03  3.49682E-03  9.29071E-01  5.40137E+04  -1.35858E+05  -5.07341E+04  -1.18750E+04  -2.26523E+04
  1.58620E-02  4.94534E-02  2.02257E-03  3.49718E-03  9.29165E-01  5.39782E+04  -1.35870E+05  -5.07271E+04  -1.18740E+04  -2.26511E+04
  1.57620E-02  4.94584E-02  2.02277E-03  3.49753E-03  9.29259E-01  5.39426E+04  -1.35881E+05  -5.07201E+04  -1.18730E+04  -2.26499E+04
  1.56620E-02  4.94634E-02  2.02298E-03  3.49789E-03  9.29354E-01  5.39068E+04  -1.35893E+05  -5.07131E+04  -1.18720E+04  -2.26487E+04
  1.55620E-02  4.94684E-02  2.02318E-03  3.49824E-03  9.29448E-01  5.38707E+04  -1.35904E+05  -5.07062E+04  -1.18710E+04  -2.26475E+04
  1.54620E-02  4.94735E-02  2.02339E-03  3.49860E-03  9.29543E-01  5.38344E+04  -1.35916E+05  -5.06992E+04  -1.18700E+04  -2.26463E+04
  1.53620E-02  4.94785E-02  2.02359E-03  3.49895E-03  9.29637E-01  5.37979E+04  -1.35927E+05  -5.06922E+04  -1.18690E+04  -2.26451E+04
  1.52620E-02  4.94835E-02  2.02380E-03  3.49931E-03  9.29731E-01  5.37612E+04  -1.35939E+05  -5.06852E+04  -1.18680E+04  -2.26439E+04
  1.51620E-02  4.94885E-02  2.02401E-03  3.49966E-03  9.29826E-01  5.37242E+04  -1.35951E+05  -5.06783E+04  -1.18670E+04  -2.26427E+04
  1.50620E-02  4.94936E-02  2.02421E-03  3.50002E-03  9.29920E-01  5.36870E+04  -1.35962E+05  -5.06713E+04  -1.18660E+04  -2.26415E+04
  1.49620E-02  4.94986E-02  2.02442E-03  3.50037E-03  9.30015E-01  5.36496E+04  -1.35974E+05  -5.06643E+04  -1.18650E+04  -2.26403E+04
  1.48620E-02  4.95036E-02  2.02462E-03  3.50073E-03  9.30109E-01  5.36119E+04  -1.35985E+05  -5.06574E+04  -1.18640E+04  -2.26391E+04
  1.47620E-02  4.95086E-02  2.02483E-03  3.50109E-03  9.30203E-01  5.35739E+04  -1.35997E+05  -5.06504E+04  -1.18631E+04  -2.26379E+04
  1.46620E-02  4.95137E-02  2.02503E-03  3.50144E-03  9.30298E-01  5.35358E+04  -1.36008E+05  -5.06435E+04  -1.18621E+04  -2.26367E+04
  1.45620E-02  4.95187E-02  2.02524E-03  3.50180E-03  9.30392E-01  5.34973E+04  -1.36020E+05  -5.06365E+04  -1.18611E+04  -2.26355E+04
  1.44620E-02  4.95237E-02  2.02544E-03  3.50215E-03  9.30487E-01  5.34587E+04  -1.36032E+05  -5.06295E+04  -1.18601E+04  -2.26343E+04
  1.43620E-02  4.95287E-02  2.02565E-03  3.50251E-03  9.30581E-01  5.34197E+04  -1.36043E+05  -5.06226E+04  -1.18591E+04  -2.26331E+04
  1.42620E-02  4.95338E-02  2.02586E-03  3.50286E-03  9.30675E-01  5.33805E+04  -1.36055E+05  -5.06156E+04  -1.18581E+04  -2.26319E+04
  1.41620E-02  4.95388E-02  2.02606E-03  3.50322E-03  9.30770E-01  5.33411E+04  -1.36066E+05  -5.06087E+04  -1.18571E+04  -2.26307E+04
  1.40620E-02  4.95438E-02  2.02627E-03  3.50357E-03  9.30864E-01  5.33013E+04  -1.36078E+05  -5.06017E+04  -1.18561E+04  -2.26295E+04
  1.39620E-02  4.95488E-02  2.02647E-03  3.50393E-03  9.30959E-01  5.32613E+04  -1.36089E+05  -5.05948E+04  -1.18552E+04  -2.26283E+04
  1.38620E-02  4.95539E-02  2.02668E-03  3.50428E-03  9.31053E-01  5.32211E+04  -1.36101E+05  -5.05878E+04  -1.18542E+04  -2.26271E+04
  1.37620E-02  4.95589E-02  2.02688E-03  3.50464E-03  9.31148E-01  5.31805E+04  -1.36112E+05  -5.05809E+04  -1.18532E+04  -2.26259E+04
  1.36620E-02  4.95639E-02  2.02709E-03  3.50499E-03  9.31242E-01  5.31397E+04  -1.36124E+05  -5.05739E+04  -1.18522E+04  -2.26247E+04
  1.35620E-02  4.95689E-02  2.02729E-03  3.50535E-03  9.31336E-01  5.30985E+04  -1.36135E+05  -5.05670E+04  -1.18512E+04  -2.26235E+04
  1.34620E-02  4.95740E-02  2.02750E-03  3.50570E-03  9.31431E-01  5.30571E+04  -1.36147E+05  -5.05601E+04  -1.18502E+04  -2.26223E+04
  1.33620E-02  4.95790E-02  2.02770E-03  3.50606E-03  9.31525E-01  5.30154E+04  -1.36158E+05  -5.05531E+04  -1.18493E+04  -2.26211E+04
  1.32620E-02  4.95840E-02  2.02791E-03  3.50642E-03  9.31620E-01  5.29734E+04  -1.36170E+05  -5.05462E+04  -1.18483E+04  -2.26199E+04
  1.31620E-02  4.95890E-02  2.02812E-03  3.50677E-03  9.31714E-01  5.29310E+04  -1.36182E+05  -5.05392E+04  -1.18473E+04  -2.26187E+04
  1.30620E-02  4.95941E-02  2.02832E-03  3.50713E-03  9.31808E-01  5.28884E+04  -1.36193E+05  -5.05323E+04  -1.18463E+04  -2.26176E+04
  1.29620E-02  4.95991E-02  2.02853E-03  3.50748E-03  9.31903E-01  5.28454E+04  -1.36205E+05  -5.05254E+04  -1.18453E+04  -2.26164E+04
  1.28620E-02  4.96041E-02  2.02873E-03  3.50784E-03  9.31997E-01  5.28022E+04  -1.36216E+05  -5.05184E+04  -1.18444E+04  -2.26152E+04
  1.27620E-02  4.96091E-02  2.02894E-03  3.50819E-03  9.32092E-01  5.27586E+04  -1.36228E+05  -5.05115E+04  -1.18434E+04  -2.26140E+04
  1.26620E-02  4.96142E-02  2.02914E-03  3.50855E-03  9.32186E-01  5.27146E+04  -1.36239E+05  -5.05046E+04  -1.18424E+04  -2.26128E+04
  1.25620E-02  4.96192E-02  2.02935E-03  3.50890E-03  9.32281E-01  5.26704E+04  -1.36251E+05  -5.04977E+04  -1.18414E+04  -2.26116E+04
  1.24620E-02  4.96242E-02  2.02955E-03  3.50926E-03  9.32375E-01  5.26257E+04  -1.36262E+05  -5.04907E+04  -1.18405E+04  -2.26104E+04
  1.23620E-02  4.96292E-02  2.02976E-03  3.50961E-03  9.32469E-01  5.25808E+04  -1.36274E+05  -5.04838E+04  -1.18395E+04  -2.26092E+04
  1.22620E-02  4.96343E-02  2.02997E-03  3.50997E-03  9.32564E-01  5.25355E+04  -1.36285E+05  -5.04769E+04  -1.18385E+04  -2.26080E+04
  1.21620E-02  4.96393E-02  2.03017E-03  3.51032E-03  9.32658E-01  5.24898E+04  -1.36297E+05  -5.04700E+04  -1.18375E+04  -2.26068E+04
  1.20620E-02  4.96443E-02  2.03038E-03  3.51068E-03  9.32753E-01  5.24438E+04  -1.36308E+05  -5.04631E+04  -1.18366E+04  -2.26056E+04
  1.19620E-02  4.96493E-02  2.03058E-03  3.51104E-03  9.32847E-01  5.23974E+04  -1.36320E+05  -5.04561E+04  -1.18356E+04  -2.26044E+04
  1.18620E-02  4.96544E-02  2.03079E-03  3.51139E-03  9.32941E-01  5.23506E+04  -1.36331E+05  -5.04492E+04  -1.18346E+04  -2.26032E+04
  1.17620E-02  4.96594E-02  2.03099E-03  3.51175E-03  9.33036E-01  5.23035E+04  -1.36343E+05  -5.04423E+04  -1.18336E+04  -2.26021E+04
  1.16620E-02  4.96644E-02  2.03120E-03  3.51210E-03  9.33130E-01  5.22559E+04  -1.36354E+05  -5.04354E+04  -1.18327E+04  -2.26009E+04
  1.15620E-02  4.96694E-02  2.03140E-03  3.51246E-03  9.33225E-01  5.22080E+04  -1.36366E+05  -5.04285E+04  -1.18317E+04  -2.25997E+04
  1.14620E-02  4.96745E-02  2.03161E-03  3.51281E-03  9.33319E-01  5.21596E+04  -1.36377E+05  -5.04216E+04  -1.18307E+04  -2.25985E+04
  1.13620E-02  4.96795E-02  2.03182E-03  3.51317E-03  9.33414E-01  5.21109E+04  -1.36389E+05  -5.04147E+04  -1.18298E+04  -2.25973E+04
  1.12620E-02  4.96845E-02  2.03202E-03  3.51352E-03  9.33508E-01  5.20617E+04  -1.36400E+05  -5.04078E+04  -1.18288E+04  -2.25961E+04
  1.11620E-02  4.96895E-02  2.03223E-03  3.51388E-03  9.33602E-01  5.20121E+04  -1.36412E+05  -5.04009E+04  -1.18278E+04  -2.25949E+04
  1.10620E-02  4.96946E-02  2.03243E-03  3.51423E-03  9.33697E-01  5.19620E+04  -1.36423E+05  -5.03940E+04  -1.18269E+04  -2.25937E+04
  1.09620E-02  4.96996E-02  2.03264E-03  3.51459E-03  9.33791E-01  5.19116E+04  -1.36435E+05  -5.03871E+04  -1.18259E+04  -2.25925E+04
  1.08620E-02  4.97046E-02  2.03284E-03  3.51494E-03  9.33886E-01  5.18607E+04  -1.36446E+05  -5.03802E+04  -1.18249E+04  -2.25914E+04
  1.07620E-02  4.97096E-02  2.03305E-03  3.51530E-03  9.33980E-01  5.18093E+04  -1.36457E+05  -5.03733E+04  -1.18240E+04  -2.25902E+04
  1.06620E-02  4.97147E-02  2.03325E-03  3.51565E-03  9.34074E-01  5.17574E+04  -1.36469E+05  -5.03664E+04  -1.18230E+04  -2.25890E+04
  1.05620E-02  4.97197E-02  2.03346E-03  3.51601E-03  9.34169E-01  5.17051E+04  -1.36480E+05  -5.03595E+04  -1.18221E+04  -2.25878E+04
  1.04620E-02  4.97247E-02  2.03366E-03  3.51637E-03  9.34263E-01  5.16523E+04  -1.36492E+05  -5.03526E+04  -1.18211E+04  -2.25866E+04
  1.03620E-02  4.97297E-02  2.03387E-03  3.51672E-03  9.34358E-01  5.15990E+04  -1.36503E+05  -5.03457E+04  -1.18201E+04  -2.25854E+04
  1.02620E-02  4.97348E-02  2.03408E-03  3.51708E-03  9.34452E-01  5.15452E+04  -1.36515E+05  -5.03388E+04  -1.18192E+04  -2.25842E+04
  1.01620E-02  4.97398E-02  2.03428E-03  3.51743E-03  9.34546E-01  5.14909E+04  -1.36526E+05  -5.03319E+04  -1.18182E+04  -2.25831E+04
  1.00620E-02  4.97448E-02  2.03449E-03  3.51779E-03  9.34641E-01  5.14361E+04  -1.36538E+05  -5.03250E+04  -1.18172E+04  -2.25819E+04
  9.96201E-03  4.97498E-02  2.03469E-03  3.51814E-03  9.34735E-01  5.13807E+04  -1.36549E+05  -5.03181E+04  -1.18163E+04  -2.25807E+04
  9.86201E-03  4.97549E-02  2.03490E-03  3.51850E-03  9.34830E-01  5.13248E+04  -1.36561E+05  -5.03112E+04  -1.18153E+04  -2.25795E+04
  9.76201E-03  4.97599E-02  2.03510E-03  3.51885E-03  9.34924E-01  5.12684E+04  -1.36572E+05  -5.03044E+04  -1.18144E+04  -2.25783E+04
  9.66201E-03  4.97649E-02  2.03531E-03  3.51921E-03  9.35019E-01  5.12114E+04  -1.36584E+05  -5.02975E+04  -1.18134E+04  -2.25771E+04
  9.56201E-03  4.97699E-02  2.03551E-03  3.51956E-03  9.35113E-01  5.11538E+04  -1.36595E+05  -5.02906E+04  -1.18125E+04  -2.25760E+04
  9.46201E-03  4.97750E-02  2.03572E-03  3.51992E-03  9.35207E-01  5.10956E+04  -1.36606E+05  -5.02837E+04  -1.18115E+04  -2.25748E+04
  9.36201E-03  4.97800E-02  2.03593E-03  3.52027E-03  9.35302E-01  5.10368E+04  -1.36618E+05  -5.02768E+04  -1.18105E+04  -2.25736E+04
  9.26201E-03  4.97850E-02  2.03613E-03  3.52063E-03  9.35396E-01  5.09774E+04  -1.36629E+05  -5.02700E+04  -1.18096E+04  -2.25724E+04
  9.16201E-03  4.97900E-02  2.03634E-03  3.52099E-03  9.35491E-01  5.09174E+04  -1.36641E+05  -5.02631E+04  -1.18086E+04  -2.25712E+04
  9.06201E-03  4.97951E-02  2.03654E-03  3.52134E-03  9.35585E-01  5.08567E+04  -1.36652E+05  -5.02562E+04  -1.18077E+04  -2.25701E+04
  8.96201E-03  4.98001E-02  2.03675E-03  3.52170E-03  9.35679E-01  5.07954E+04  -1.36664E+05  -5.02494E+04  -1.18067E+04  -2.25689E+04
  8.86201E-03  4.98051E-02  2.03695E-03  3.52205E-03  9.35774E-01  5.07334E+04  -1.36675E+05  -5.02425E+04  -1.18058E+04  -2.25677E+04
  8.76201E-03  4.98101E-02  2.03716E-03  3.52241E-03  9.35868E-01  5.06707E+04  -1.36686E+05  -5.02356E+04  -1.18048E+04  -2.25665E+04
  8.66201E-03  4.98152E-02  2.03736E-03  3.52276E-03  9.35963E-01  5.06073E+04  -1.36698E+05  -5.02288E+04  -1.18039E+04  -2.25653E+04
  8.56201E-03  4.98202E-02  2.03757E-03  3.52312E-03  9.36057E-01  5.05432E+04  -1.36709E+05  -5.02219E+04  -1.18029E+04  -2.25642E+04
  8.46201E-03  4.98252E-02  2.03778E-03  3.52347E-03  9.36152E-01  5.04784E+04  -1.36721E+05  -5.02150E+04  -1.18020E+04  -2.25630E+04
  8.36201E-03  4.98302E-02  2.03798E-03  3.52383E-03  9.36246E-01  5.04128E+04  -1.36732E+05  -5.02082E+04  -1.18010E+04  -2.25618E+04
  8.26201E-03  4.98353E-02  2.03819E-03  3.52418E-03  9.36340E-01  5.03464E+04  -1.36744E+05  -5.02013E+04  -1.18001E+04  -2.25606E+04
  8.16201E-03  4.98403E-02  2.03839E-03  3.52454E-03  9.36435E-01  5.02793E+04  -1.36755E+05  -5.01945E+04  -1.17991E+04  -2.25594E+04
  8.06201E-03  4.98453E-02  2.03860E-03  3.52489E-03  9.36529E-01  5.02113E+04  -1.36766E+05  -5.01876E+04  -1.17982E+04  -2.25583E+04
  7.96201E-03  4.98503E-02  2.03880E-03  3.52525E-03  9.36624E-01  5.01425E+04  -1.36778E+05  -5.01807E+04  -1.17972E+04  -2.25571E+04
  7.86201E-03  4.98554E-02  2.03901E-03  3.52560E-03  9.36718E-01  5.00729E+04  -1.36789E+05  -5.01739E+04  -1.17963E+04  -2.25559E+04
  7.76201E-03  4.98604E-02  2.03921E-03  3.52596E-03  9.36812E-01  5.00024E+04  -1.36801E+05  -5.01670E+04  -1.17954E+04  -2.25547E+04
  7.66201E-03  4.98654E-02  2.03942E-03  3.52632E-03  9.36907E-01  4.99310E+04  -1.36812E+05  -5.01602E+04  -1.17944E+04  -2.25536E+04
  7.56201E-03  4.98704E-02  2.03962E-03  3.52667E-03  9.37001E-01  4.98586E+04  -1.36823E+05  -5.01533E+04  -1.17935E+04  -2.25524E+04
  7.46201E-03  4.98755E-02  2.03983E-03  3.52703E-03  9.37096E-01  4.97854E+04  -1.36835E+05  -5.01465E+04  -1.17925E+04  -2.25512E+04
  7.36201E-03  4.98805E-02  2.04004E-03  3.52738E-03  9.37190E-01  4.97111E+04  -1.36846E+05  -5.01397E+04  -1.17916E+04  -2.25500E+04
  7.26201E-03  4.98855E-02  2.04024E-03  3.52774E-03  9.37285E-01  4.96359E+04  -1.36858E+05  -5.01328E+04  -1.17906E+04  -2.25488E+04
  7.16201E-03  4.98905E-02  2.04045E-03  3.52809E-03  9.37379E-01  4.95597E+04  -1.36869E+05  -5.01260E+04  -1.17897E+04  -2.25477E+04
  7.06201E-03  4.98956E-02  2.04065E-03  3.52845E-03  9.37473E-01  4.94824E+04  -1.36880E+05  -5.01191E+04  -1.17888E+04  -2.25465E+04
  6.96201E-03  4.99006E-02  2.04086E-03  3.52880E-03  9.37568E-01  4.94040E+04  -1.36892E+05  -5.01123E+04  -1.17878E+04  -2.25453E+04
  6.86201E-03  4.99056E-02  2.04106E-03  3.52916E-03  9.37662E-01  4.93245E+04  -1.36903E+05  -5.01055E+04  -1.17869E+04  -2.25442E+04
  6.76201E-03  4.99106E-02  2.04127E-03  3.52951E-03  9.37757E-01  4.92439E+04  -1.36915E+05  -5.00986E+04  -1.17859E+04  -2.25430E+04
  6.66201E-03  4.99157E-02  2.04147E-03  3.52987E-03  9.37851E-01  4.91620E+04  -1.36926E+05  -5.00918E+04  -1.17850E+04  -2.25418E+04
  6.56201E-03  4.99207E-02  2.04168E-03  3.53022E-03  9.37945E-01  4.90790E+04  -1.36937E+05  -5.00850E+04  -1.17841E+04  -2.25406E+04
  6.46201E-03  4.99257E-02  2.04189E-03  3.53058E-03  9.38040E-01  4.89947E+04  -1.36949E+05  -5.00781E+04  -1.17831E+04  -2.25395E+04
  6.36201E-03  4.99307E-02  2.04209E-03  3.53093E-03  9.38134E-01  4.89092E+04  -1.36960E+05  -5.00713E+04  -1.17822E+04  -2.25383E+04
  6.26201E-03  4.99358E-02  2.04230E-03  3.53129E-03  9.38229E-01  4.88223E+04  -1.36972E+05  -5.00645E+04  -1.17813E+04  -2.25371E+04
  6.16201E-03  4.99408E-02  2.04250E-03  3.53165E-03  9.38323E-01  4.87340E+04  -1.36983E+05  -5.00576E+04  -1.17803E+04  -2.25359E+04
  6.06201E-03  4.99458E-02  2.04271E-03  3.53200E-03  9.38417E-01  4.86443E+04  -1.36994E+05  -5.00508E+04  -1.17794E+04  -2.25348E+04
  5.96201E-03  4.99508E-02  2.04291E-03  3.53236E-03  9.38512E-01  4.85531E+04  -1.37006E+05  -5.00440E+04  -1.17785E+04  -2.25336E+04
  5.86201E-03  4.99559E-02  2.04312E-03  3.53271E-03  9.38606E-01  4.84605E+04  -1.37017E+05  -5.00372E+04  -1.17775E+04  -2.25324E+04
  5.76201E-03  4.99609E-02  2.04332E-03  3.53307E-03  9.38701E-01  4.83662E+04  -1.37028E+05  -5.00303E+04  -1.17766E+04  -2.25313E+04
  5.66201E-03  4.99659E-02  2.04353E-03  3.53342E-03  9.38795E-01  4.82703E+04  -1.37040E+05  -5.00235E+04  -1.17757E+04  -2.25301E+04
  5.56201E-03  4.99709E-02  2.04374E-03  3.53378E-03  9.38890E-01  4.81728E+04  -1.37051E+05  -5.00167E+04  -1.17747E+04  -2.25289E+04
  5.46201E-03  4.99760E-02  2.04394E-03  3.53413E-03  9.38984E-01  4.80735E+04  -1.37063E+05  -5.00099E+04  -1.17738E+04  -2.25278E+04
  5.36201E-03  4.99810E-02  2.04415E-03  3.53449E-03  9.39078E-01  4.79724E+04  -1.37074E+05  -5.00031E+04  -1.17729E+04  -2.25266E+04
  5.26201E-03  4.99860E-02  2.04435E-03  3.53484E-03  9.39173E-01  4.78694E+04  -1.37085E+05  -4.99963E+04  -1.17720E+04  -2.25254E+04
  5.16201E-03  4.99910E-02  2.04456E-03  3.53520E-03  9.39267E-01  4.77645E+04  -1.37097E+05  -4.99895E+04  -1.17710E+04  -2.25242E+04
  5.06201E-03  4.99961E-02  2.04476E-03  3.53555E-03  9.39362E-01  4.76576E+04  -1.37108E+05  -4.99827E+04  -1.17701E+04  -2.25231E+04
  4.96201E-03  5.00011E-02  2.04497E-03  3.53591E-03  9.39456E-01  4.75485E+04  -1.37119E+05  -4.99758E+04  -1.17692E+04  -2.25219E+04
  4.86201E-03  5.00061E-02  2.04517E-03  3.53627E-03  9.39550E-01  4.74373E+04  -1.37131E+05  -4.99690E+04  -1.17682E+04  -2.25207E+04
  4.76201E-03  5.00111E-02  2.04538E-03  3.53662E-03  9.39645E-01  4.73238E+04  -1.37142E+05  -4.99622E+04  -1.17673E+04  -2.25196E+04
  4.66201E-03  5.00162E-02  2.04558E-03  3.53698E-03  9.39739E-01  4.72079E+04  -1.37153E+05  -4.99554E+04  -1.17664E+04  -2.25184E+04
  4.56201E-03  5.00212E-02  2.04579E-03  3.53733E-03  9.39834E-01  4.70895E+04  -1.37165E+05  -4.99486E+04  -1.17655E+04  -2.25172E+04
  4.46201E-03  5.00262E-02  2.04600E-03  3.53769E-03  9.39928E-01  4.69686E+04  -1.37176E+05  -4.99418E+04  -1.17645E+04  -2.25161E+04
  4.36201E-03  5.00312E-02  2.04620E-03  3.53804E-03  9.40023E-01  4.68449E+04  -1.37187E+05  -4.99350E+04  -1.17636E+04  -2.25149E+04
  4.26201E-03  5.00363E-02  2.04641E-03  3.53840E-03  9.40117E-01  4.67184E+04  -1.37199E+05  -4.99282E+04  -1.17627E+04  -2.25137E+04
  4.16201E-03  5.00413E-02  2.04661E-03  3.53875E-03  9.40211E-01  4.65889E+04  -1.37210E+05  -4.99214E+04  -1.17618E+04  -2.25126E+04
  4.06201E-03  5.00463E-02  2.04682E-03  3.53911E-03  9.40306E-01  4.64563E+04  -1.37221E+05  -4.99146E+04  -1.17609E+04  -2.25114E+04
  3.96201E-03  5.00513E-02  2.04702E-03  3.53946E-03  9.40400E-01  4.63205E+04  -1.37233E+05  -4.99079E+04  -1.17599E+04  -2.25103E+04
  3.86201E-03  5.00564E-02  2.04723E-03  3.53982E-03  9.40495E-01  4.61812E+04  -1.37244E+05  -4.99011E+04  -1.17590E+04  -2.25091E+04
  3.76201E-03  5.00614E-02  2.04743E-03  3.54017E-03  9.40589E-01  4.60383E+04  -1.37255E+05  -4.98943E+04  -1.17581E+04  -2.25079E+04
  3.66201E-03  5.00664E-02  2.04764E-03  3.54053E-03  9.40683E-01  4.58916E+04  -1.37267E+05  -4.98875E+04  -1.17572E+04  -2.25068E+04
  3.56201E-03  5.00714E-02  2.04785E-03  3.54088E-03  9.40778E-01  4.57409E+04  -1.37278E+05  -4.98807E+04  -1.17563E+04  -2.25056E+04
  3.46201E-03  5.00765E-02  2.04805E-03  3.54124E-03  9.40872E-01  4.55859E+04  -1.37289E+05  -4.98739E+04  -1.17553E+04  -2.25044E+04
  3.36201E-03  5.00815E-02  2.04826E-03  3.54160E-03  9.40967E-01  4.54265E+04  -1.37301E+05  -4.98671E+04  -1.17544E+04  -2.25033E+04
  3.26201E-03  5.00865E-02  2.04846E-03  3.54195E-03  9.41061E-01  4.52622E+04  -1.37312E+05  -4.98604E+04  -1.17535E+04  -2.25021E+04
  3.16201E-03  5.00915E-02  2.04867E-03  3.54231E-03  9.41156E-01  4.50929E+04  -1.37323E+05  -4.98536E+04  -1.17526E+04  -2.25010E+04
  3.06201E-03  5.00966E-02  2.04887E-03  3.54266E-03  9.41250E-01  4.49182E+04  -1.37335E+05  -4.98468E+04  -1.17517E+04  -2.24998E+04
  2.96201E-03  5.01016E-02  2.04908E-03  3.54302E-03  9.41344E-01  4.47378E+04  -1.37346E+05  -4.98400E+04  -1.17508E+04  -2.24986E+04
  2.86201E-03  5.01066E-02  2.04928E-03  3.54337E-03  9.41439E-01  4.45512E+04  -1.37357E+05  -4.98332E+04  -1.17499E+04  -2.24975E+04
  2.76201E-03  5.01116E-02  2.04949E-03  3.54373E-03  9.41533E-01  4.43580E+04  -1.37368E+05  -4.98265E+04  -1.17489E+04  -2.24963E+04
  2.66201E-03  5.01167E-02  2.04970E-03  3.54408E-03  9.41628E-01  4.41578E+04  -1.37380E+05  -4.98197E+04  -1.17480E+04  -2.24951E+04
  2.56201E-03  5.01217E-02  2.04990E-03  3.54444E-03  9.41722E-01  4.39499E+04  -1.37391E+05  -4.98129E+04  -1.17471E+04  -2.24940E+04
  2.46201E-03  5.01267E-02  2.05011E-03  3.54479E-03  9.41816E-01  4.37338E+04  -1.37402E+05  -4.98062E+04  -1.17462E+04  -2.24928E+04
  2.36201E-03  5.01317E-02  2.05031E-03  3.54515E-03  9.41911E-01  4.35089E+04  -1.37414E+05  -4.97994E+04  -1.17453E+04  -2.24917E+04
  2.26201E-03  5.01368E-02  2.05052E-03  3.54550E-03  9.42005E-01  4.32742E+04  -1.37425E+05  -4.97926E+04  -1.17444E+04  -2.24905E+04
  2.16201E-03  5.01418E-02  2.05072E-03  3.54586E-03  9.42100E-01  4.30290E+04  -1.37436E+05  -4.97859E+04  -1.17435E+04  -2.24894E+04
  2.06201E-03  5.01468E-02  2.05093E-03  3.54622E-03  9.42194E-01  4.27723E+04  -1.37448E+05  -4.97791E+04  -1.17426E+04  -2.24882E+04
  1.96201E-03  5.01518E-02  2.05113E-03  3.54657E-03  9.42288E-01  4.25029E+04  -1.37459E+05  -4.97723E+04  -1.17417E+04  -2.24870E+04
  1.86201E-03  5.01569E-02  2.05134E-03  3.54693E-03  9.42383E-01  4.22195E+04  -1.37470E+05  -4.97656E+04  -1.17408E+04  -2.24859E+04
  1.76201E-03  5.01619E-02  2.05154E-03  3.54728E-03  9.42477E-01  4.19205E+04  -1.37481E+05  -4.97588E+04  -1.17399E+04  -2.24847E+04
  1.66201E-03  5.01669E-02  2.05175E-03  3.54764E-03  9.42572E-01  4.16041E+04  -1.37493E+05  -4.97521E+04  -1.17389E+04  -2.24836E+04
  1.56201E-03  5.01719E-02  2.05196E-03  3.54799E-03  9.42666E-01  4.12682E+04  -1.37504E+05  -4.97453E+04  -1.17380E+04  -2.24824E+04
  1.46201E-03  5.01770E-02  2.05216E-03  3.54835E-03  9.42760E-01  4.09101E+04  -1.37515E+05  -4.97386E+04  -1.17371E+04  -2.24813E+04
  1.36201E-03  5.01820E-02  2.05237E-03  3.54870E-03  9.42855E-01  4.05268E+04  -1.37526E+05  -4.97318E+04  -1.17362E+04  -2.24801E+04
  1.26201E-03  5.01870E-02  2.05257E-03  3.54906E-03  9.42949E-01  4.01144E+04  -1.37538E+05  -4.97251E+04  -1.17353E+04  -2.24789E+04
  1.16201E-03  5.01920E-02  2.05278E-03  3.54941E-03  9.43044E-01  3.96680E+04  -1.37549E+05  -4.97183E+04  -1.17344E+04  -2.24778E+04
  1.06201E-03  5.01971E-02  2.05298E-03  3.54977E-03  9.43138E-01  3.91815E+04  -1.37560E+05  -4.97116E+04  -1.17335E+04  -2.24766E+04
  9.62012E-04  5.02021E-02  2.05319E-03  3.55012E-03  9.43233E-01  3.86470E+04  -1.37572E+05  -4.97048E+04  -1.17326E+04  -2.24755E+04
  8.62012E-04  5.02071E-02  2.05339E-03  3.55048E-03  9.43327E-01  3.80541E+04  -1.37583E+05  -4.96981E+04  -1.17317E+04  -2.24743E+04
  7.62012E-04  5.02121E-02  2.05360E-03  3.55083E-03  9.43421E-01  3.73880E+04  -1.37594E+05  -4.96913E+04  -1.17308E+04  -2.24732E+04
  6.62012E-04  5.02172E-02  2.05381E-03  3.55119E-03  9.43516E-01  3.66284E+04  -1.37605E+05  -4.96846E+04  -1.17299E+04  -2.24720E+04
  5.62012E-04  5.02222E-02  2.05401E-03  3.55155E-03  9.43610E-01  3.57444E+04  -1.37617E+05  -4.96778E+04  -1.17290E+04  -2.24709E+04
  4.62012E-04  5.02272E-02  2.05422E-03  3.55190E-03  9.43705E-01  3.46870E+04  -1.37628E+05  -4.96711E+04  -1.17281E+04  -2.24697E+04
  3.62012E-04  5.02322E-02  2.05442E-03  3.55226E-03  9.43799E-01  3.33710E+04  -1.37639E+05  -4.96644E+04  -1.17272E+04  -2.24686E+04
  2.62012E-04  5.02373E-02  2.05463E-03  3.55261E-03  9.43893E-01  3.16273E+04  -1.37650E+05  -4.96576E+04  -1.17263E+04  -2.24674E+04
  1.62012E-04  5.02423E-02  2.05483E-03  3.55297E-03  9.43988E-01  2.90352E+04  -1.37662E+05  -4.96509E+04  -1.17254E+04  -2.24663E+04
  6.20121E-05  5.02473E-02  2.05504E-03  3.55332E-03  9.44082E-01  2.38583E+04  -1.37673E+05  -4.96442E+04  -1.17245E+04  -2.24651E+04
  1.00000E-06  5.02504E-02  2.05516E-03  3.55354E-03  9.44140E-01  1.61504E+03  -1.37680E+05  -4.96401E+04  -1.17240E+04  -2.24644E+04
