
 Phase Region for:
     BCC_A2
 col-1=X(C), col-2=X(SI), col-3=X(MN), col-4=X(CU), col-5=X(FE), col-6=MU(C), col-7=MU(SI), col-8=MU(MN), col-9=MU(CU), col-10=MU(FE),
  2.88620E-02  4.88001E-02  1.99585E-03  3.45098E-03  9.16891E-01  5.04350E+04  -1.37712E+05  -6.05283E+04  -1.99701E+04  -2.66922E+04
  9.99900E-03  4.97480E-02  2.03462E-03  3.51801E-03  9.34700E-01  4.36622E+04  -1.39851E+05  -5.92534E+04  -1.98160E+04  -2.64508E+04

 Phase Region for:
     BCC_A2
 col-1=X(C), col-2=X(SI), col-3=X(MN), col-4=X(CU), col-5=X(FE), col-6=MU(C), col-7=MU(SI), col-8=MU(MN), col-9=MU(CU), col-10=MU(FE),
  2.88620E-02  4.88001E-02  1.99585E-03  3.45098E-03  9.16891E-01  5.04350E+04  -1.37712E+05  -6.05283E+04  -1.99701E+04  -2.66922E+04
  2.87620E-02  4.88051E-02  1.99606E-03  3.45134E-03  9.16986E-01  5.04120E+04  -1.37723E+05  -6.05214E+04  -1.99693E+04  -2.66909E+04
  2.86620E-02  4.88102E-02  1.99626E-03  3.45169E-03  9.17080E-01  5.03889E+04  -1.37735E+05  -6.05144E+04  -1.99684E+04  -2.66896E+04
  2.85620E-02  4.88152E-02  1.99647E-03  3.45205E-03  9.17174E-01  5.03657E+04  -1.37746E+05  -6.05075E+04  -1.99675E+04  -2.66882E+04
  2.84620E-02  4.88202E-02  1.99667E-03  3.45240E-03  9.17269E-01  5.03425E+04  -1.37758E+05  -6.05006E+04  -1.99666E+04  -2.66869E+04
  2.83620E-02  4.88252E-02  1.99688E-03  3.45276E-03  9.17363E-01  5.03192E+04  -1.37769E+05  -6.04937E+04  -1.99657E+04  -2.66856E+04
  2.82620E-02  4.88303E-02  1.99708E-03  3.45311E-03  9.17458E-01  5.02958E+04  -1.37781E+05  -6.04868E+04  -1.99648E+04  -2.66843E+04
  2.81620E-02  4.88353E-02  1.99729E-03  3.45347E-03  9.17552E-01  5.02723E+04  -1.37792E+05  -6.04799E+04  -1.99639E+04  -2.66830E+04
  2.80620E-02  4.88403E-02  1.99749E-03  3.45382E-03  9.17646E-01  5.02488E+04  -1.37804E+05  -6.04730E+04  -1.99631E+04  -2.66817E+04
  2.79620E-02  4.88453E-02  1.99770E-03  3.45418E-03  9.17741E-01  5.02252E+04  -1.37815E+05  -6.04661E+04  -1.99622E+04  -2.66803E+04
  2.78620E-02  4.88504E-02  1.99790E-03  3.45453E-03  9.17835E-01  5.02015E+04  -1.37827E+05  -6.04592E+04  -1.99613E+04  -2.66790E+04
  2.77620E-02  4.88554E-02  1.99811E-03  3.45489E-03  9.17930E-01  5.01777E+04  -1.37838E+05  -6.04523E+04  -1.99604E+04  -2.66777E+04
  2.76620E-02  4.88604E-02  1.99832E-03  3.45524E-03  9.18024E-01  5.01539E+04  -1.37850E+05  -6.04454E+04  -1.99595E+04  -2.66764E+04
  2.75620E-02  4.88654E-02  1.99852E-03  3.45560E-03  9.18118E-01  5.01299E+04  -1.37861E+05  -6.04385E+04  -1.99586E+04  -2.66751E+04
  2.74620E-02  4.88705E-02  1.99873E-03  3.45596E-03  9.18213E-01  5.01059E+04  -1.37873E+05  -6.04316E+04  -1.99578E+04  -2.66738E+04
  2.73620E-02  4.88755E-02  1.99893E-03  3.45631E-03  9.18307E-01  5.00819E+04  -1.37884E+05  -6.04247E+04  -1.99569E+04  -2.66725E+04
  2.72620E-02  4.88805E-02  1.99914E-03  3.45667E-03  9.18402E-01  5.00577E+04  -1.37896E+05  -6.04178E+04  -1.99560E+04  -2.66712E+04
  2.71620E-02  4.88855E-02  1.99934E-03  3.45702E-03  9.18496E-01  5.00335E+04  -1.37907E+05  -6.04109E+04  -1.99551E+04  -2.66698E+04
  2.70620E-02  4.88906E-02  1.99955E-03  3.45738E-03  9.18590E-01  5.00091E+04  -1.37919E+05  -6.04040E+04  -1.99543E+04  -2.66685E+04
  2.69620E-02  4.88956E-02  1.99975E-03  3.45773E-03  9.18685E-01  4.99847E+04  -1.37930E+05  -6.03971E+04  -1.99534E+04  -2.66672E+04
  2.68620E-02  4.89006E-02  1.99996E-03  3.45809E-03  9.18779E-01  4.99602E+04  -1.37942E+05  -6.03903E+04  -1.99525E+04  -2.66659E+04
  2.67620E-02  4.89056E-02  2.00017E-03  3.45844E-03  9.18874E-01  4.99357E+04  -1.37953E+05  -6.03834E+04  -1.99516E+04  -2.66646E+04
  2.66620E-02  4.89107E-02  2.00037E-03  3.45880E-03  9.18968E-01  4.99110E+04  -1.37965E+05  -6.03765E+04  -1.99508E+04  -2.66633E+04
  2.65620E-02  4.89157E-02  2.00058E-03  3.45915E-03  9.19063E-01  4.98863E+04  -1.37976E+05  -6.03696E+04  -1.99499E+04  -2.66620E+04
  2.64620E-02  4.89207E-02  2.00078E-03  3.45951E-03  9.19157E-01  4.98615E+04  -1.37988E+05  -6.03627E+04  -1.99490E+04  -2.66607E+04
  2.63620E-02  4.89257E-02  2.00099E-03  3.45986E-03  9.19251E-01  4.98366E+04  -1.37999E+05  -6.03559E+04  -1.99482E+04  -2.66594E+04
  2.62620E-02  4.89308E-02  2.00119E-03  3.46022E-03  9.19346E-01  4.98116E+04  -1.38011E+05  -6.03490E+04  -1.99473E+04  -2.66581E+04
  2.61620E-02  4.89358E-02  2.00140E-03  3.46057E-03  9.19440E-01  4.97865E+04  -1.38022E+05  -6.03421E+04  -1.99464E+04  -2.66567E+04
  2.60620E-02  4.89408E-02  2.00160E-03  3.46093E-03  9.19535E-01  4.97613E+04  -1.38034E+05  -6.03352E+04  -1.99456E+04  -2.66554E+04
  2.59620E-02  4.89458E-02  2.00181E-03  3.46129E-03  9.19629E-01  4.97361E+04  -1.38045E+05  -6.03284E+04  -1.99447E+04  -2.66541E+04
  2.58620E-02  4.89509E-02  2.00202E-03  3.46164E-03  9.19723E-01  4.97107E+04  -1.38057E+05  -6.03215E+04  -1.99438E+04  -2.66528E+04
  2.57620E-02  4.89559E-02  2.00222E-03  3.46200E-03  9.19818E-01  4.96853E+04  -1.38068E+05  -6.03146E+04  -1.99430E+04  -2.66515E+04
  2.56620E-02  4.89609E-02  2.00243E-03  3.46235E-03  9.19912E-01  4.96597E+04  -1.38080E+05  -6.03078E+04  -1.99421E+04  -2.66502E+04
  2.55620E-02  4.89659E-02  2.00263E-03  3.46271E-03  9.20007E-01  4.96341E+04  -1.38091E+05  -6.03009E+04  -1.99412E+04  -2.66489E+04
  2.54620E-02  4.89710E-02  2.00284E-03  3.46306E-03  9.20101E-01  4.96084E+04  -1.38103E+05  -6.02941E+04  -1.99404E+04  -2.66476E+04
  2.53620E-02  4.89760E-02  2.00304E-03  3.46342E-03  9.20196E-01  4.95826E+04  -1.38114E+05  -6.02872E+04  -1.99395E+04  -2.66463E+04
  2.52620E-02  4.89810E-02  2.00325E-03  3.46377E-03  9.20290E-01  4.95567E+04  -1.38126E+05  -6.02803E+04  -1.99386E+04  -2.66450E+04
  2.51620E-02  4.89860E-02  2.00345E-03  3.46413E-03  9.20384E-01  4.95307E+04  -1.38137E+05  -6.02735E+04  -1.99378E+04  -2.66437E+04
  2.50620E-02  4.89911E-02  2.00366E-03  3.46448E-03  9.20479E-01  4.95047E+04  -1.38148E+05  -6.02666E+04  -1.99369E+04  -2.66424E+04
  2.49620E-02  4.89961E-02  2.00386E-03  3.46484E-03  9.20573E-01  4.94785E+04  -1.38160E+05  -6.02598E+04  -1.99361E+04  -2.66411E+04
  2.48620E-02  4.90011E-02  2.00407E-03  3.46519E-03  9.20668E-01  4.94522E+04  -1.38171E+05  -6.02529E+04  -1.99352E+04  -2.66398E+04
  2.47620E-02  4.90061E-02  2.00428E-03  3.46555E-03  9.20762E-01  4.94258E+04  -1.38183E+05  -6.02461E+04  -1.99343E+04  -2.66385E+04
  2.46620E-02  4.90112E-02  2.00448E-03  3.46591E-03  9.20856E-01  4.93994E+04  -1.38194E+05  -6.02392E+04  -1.99335E+04  -2.66372E+04
  2.45620E-02  4.90162E-02  2.00469E-03  3.46626E-03  9.20951E-01  4.93728E+04  -1.38206E+05  -6.02324E+04  -1.99326E+04  -2.66359E+04
  2.44620E-02  4.90212E-02  2.00489E-03  3.46662E-03  9.21045E-01  4.93462E+04  -1.38217E+05  -6.02255E+04  -1.99318E+04  -2.66346E+04
  2.43620E-02  4.90262E-02  2.00510E-03  3.46697E-03  9.21140E-01  4.93194E+04  -1.38229E+05  -6.02187E+04  -1.99309E+04  -2.66333E+04
  2.42620E-02  4.90313E-02  2.00530E-03  3.46733E-03  9.21234E-01  4.92925E+04  -1.38240E+05  -6.02119E+04  -1.99301E+04  -2.66320E+04
  2.41620E-02  4.90363E-02  2.00551E-03  3.46768E-03  9.21329E-01  4.92656E+04  -1.38251E+05  -6.02050E+04  -1.99292E+04  -2.66307E+04
  2.40620E-02  4.90413E-02  2.00571E-03  3.46804E-03  9.21423E-01  4.92385E+04  -1.38263E+05  -6.01982E+04  -1.99284E+04  -2.66294E+04
  2.39620E-02  4.90463E-02  2.00592E-03  3.46839E-03  9.21517E-01  4.92113E+04  -1.38274E+05  -6.01914E+04  -1.99275E+04  -2.66281E+04
  2.38620E-02  4.90514E-02  2.00613E-03  3.46875E-03  9.21612E-01  4.91840E+04  -1.38286E+05  -6.01845E+04  -1.99267E+04  -2.66268E+04
  2.37620E-02  4.90564E-02  2.00633E-03  3.46910E-03  9.21706E-01  4.91566E+04  -1.38297E+05  -6.01777E+04  -1.99258E+04  -2.66255E+04
  2.36620E-02  4.90614E-02  2.00654E-03  3.46946E-03  9.21801E-01  4.91292E+04  -1.38309E+05  -6.01709E+04  -1.99250E+04  -2.66242E+04
  2.35620E-02  4.90664E-02  2.00674E-03  3.46981E-03  9.21895E-01  4.91016E+04  -1.38320E+05  -6.01640E+04  -1.99241E+04  -2.66229E+04
  2.34620E-02  4.90715E-02  2.00695E-03  3.47017E-03  9.21989E-01  4.90739E+04  -1.38331E+05  -6.01572E+04  -1.99233E+04  -2.66216E+04
  2.33620E-02  4.90765E-02  2.00715E-03  3.47052E-03  9.22084E-01  4.90460E+04  -1.38343E+05  -6.01504E+04  -1.99224E+04  -2.66203E+04
  2.32620E-02  4.90815E-02  2.00736E-03  3.47088E-03  9.22178E-01  4.90181E+04  -1.38354E+05  -6.01436E+04  -1.99216E+04  -2.66190E+04
  2.31620E-02  4.90865E-02  2.00756E-03  3.47124E-03  9.22273E-01  4.89901E+04  -1.38366E+05  -6.01367E+04  -1.99207E+04  -2.66177E+04
  2.30620E-02  4.90916E-02  2.00777E-03  3.47159E-03  9.22367E-01  4.89619E+04  -1.38377E+05  -6.01299E+04  -1.99199E+04  -2.66164E+04
  2.29620E-02  4.90966E-02  2.00798E-03  3.47195E-03  9.22461E-01  4.89337E+04  -1.38389E+05  -6.01231E+04  -1.99190E+04  -2.66151E+04
  2.28620E-02  4.91016E-02  2.00818E-03  3.47230E-03  9.22556E-01  4.89053E+04  -1.38400E+05  -6.01163E+04  -1.99182E+04  -2.66138E+04
  2.27620E-02  4.91066E-02  2.00839E-03  3.47266E-03  9.22650E-01  4.88768E+04  -1.38411E+05  -6.01095E+04  -1.99174E+04  -2.66125E+04
  2.26620E-02  4.91117E-02  2.00859E-03  3.47301E-03  9.22745E-01  4.88482E+04  -1.38423E+05  -6.01027E+04  -1.99165E+04  -2.66112E+04
  2.25620E-02  4.91167E-02  2.00880E-03  3.47337E-03  9.22839E-01  4.88195E+04  -1.38434E+05  -6.00958E+04  -1.99157E+04  -2.66099E+04
  2.24620E-02  4.91217E-02  2.00900E-03  3.47372E-03  9.22934E-01  4.87907E+04  -1.38446E+05  -6.00890E+04  -1.99148E+04  -2.66087E+04
  2.23620E-02  4.91267E-02  2.00921E-03  3.47408E-03  9.23028E-01  4.87617E+04  -1.38457E+05  -6.00822E+04  -1.99140E+04  -2.66074E+04
  2.22620E-02  4.91318E-02  2.00941E-03  3.47443E-03  9.23122E-01  4.87326E+04  -1.38468E+05  -6.00754E+04  -1.99132E+04  -2.66061E+04
  2.21620E-02  4.91368E-02  2.00962E-03  3.47479E-03  9.23217E-01  4.87034E+04  -1.38480E+05  -6.00686E+04  -1.99123E+04  -2.66048E+04
  2.20620E-02  4.91418E-02  2.00982E-03  3.47514E-03  9.23311E-01  4.86741E+04  -1.38491E+05  -6.00618E+04  -1.99115E+04  -2.66035E+04
  2.19620E-02  4.91468E-02  2.01003E-03  3.47550E-03  9.23406E-01  4.86447E+04  -1.38503E+05  -6.00550E+04  -1.99106E+04  -2.66022E+04
  2.18620E-02  4.91519E-02  2.01024E-03  3.47586E-03  9.23500E-01  4.86151E+04  -1.38514E+05  -6.00482E+04  -1.99098E+04  -2.66009E+04
  2.17620E-02  4.91569E-02  2.01044E-03  3.47621E-03  9.23594E-01  4.85854E+04  -1.38525E+05  -6.00414E+04  -1.99090E+04  -2.65996E+04
  2.16620E-02  4.91619E-02  2.01065E-03  3.47657E-03  9.23689E-01  4.85556E+04  -1.38537E+05  -6.00346E+04  -1.99081E+04  -2.65983E+04
  2.15620E-02  4.91669E-02  2.01085E-03  3.47692E-03  9.23783E-01  4.85257E+04  -1.38548E+05  -6.00278E+04  -1.99073E+04  -2.65970E+04
  2.14620E-02  4.91720E-02  2.01106E-03  3.47728E-03  9.23878E-01  4.84956E+04  -1.38559E+05  -6.00210E+04  -1.99065E+04  -2.65958E+04
  2.13620E-02  4.91770E-02  2.01126E-03  3.47763E-03  9.23972E-01  4.84654E+04  -1.38571E+05  -6.00142E+04  -1.99056E+04  -2.65945E+04
  2.12620E-02  4.91820E-02  2.01147E-03  3.47799E-03  9.24067E-01  4.84351E+04  -1.38582E+05  -6.00074E+04  -1.99048E+04  -2.65932E+04
  2.11620E-02  4.91870E-02  2.01167E-03  3.47834E-03  9.24161E-01  4.84046E+04  -1.38594E+05  -6.00007E+04  -1.99040E+04  -2.65919E+04
  2.10620E-02  4.91921E-02  2.01188E-03  3.47870E-03  9.24255E-01  4.83740E+04  -1.38605E+05  -5.99939E+04  -1.99032E+04  -2.65906E+04
  2.09620E-02  4.91971E-02  2.01209E-03  3.47905E-03  9.24350E-01  4.83432E+04  -1.38616E+05  -5.99871E+04  -1.99023E+04  -2.65893E+04
  2.08620E-02  4.92021E-02  2.01229E-03  3.47941E-03  9.24444E-01  4.83124E+04  -1.38628E+05  -5.99803E+04  -1.99015E+04  -2.65880E+04
  2.07620E-02  4.92071E-02  2.01250E-03  3.47976E-03  9.24539E-01  4.82814E+04  -1.38639E+05  -5.99735E+04  -1.99007E+04  -2.65867E+04
  2.06620E-02  4.92122E-02  2.01270E-03  3.48012E-03  9.24633E-01  4.82502E+04  -1.38650E+05  -5.99667E+04  -1.98998E+04  -2.65855E+04
  2.05620E-02  4.92172E-02  2.01291E-03  3.48047E-03  9.24727E-01  4.82189E+04  -1.38662E+05  -5.99600E+04  -1.98990E+04  -2.65842E+04
  2.04620E-02  4.92222E-02  2.01311E-03  3.48083E-03  9.24822E-01  4.81875E+04  -1.38673E+05  -5.99532E+04  -1.98982E+04  -2.65829E+04
  2.03620E-02  4.92272E-02  2.01332E-03  3.48119E-03  9.24916E-01  4.81559E+04  -1.38685E+05  -5.99464E+04  -1.98974E+04  -2.65816E+04
  2.02620E-02  4.92323E-02  2.01352E-03  3.48154E-03  9.25011E-01  4.81242E+04  -1.38696E+05  -5.99396E+04  -1.98965E+04  -2.65803E+04
  2.01620E-02  4.92373E-02  2.01373E-03  3.48190E-03  9.25105E-01  4.80923E+04  -1.38707E+05  -5.99329E+04  -1.98957E+04  -2.65790E+04
  2.00620E-02  4.92423E-02  2.01394E-03  3.48225E-03  9.25200E-01  4.80603E+04  -1.38719E+05  -5.99261E+04  -1.98949E+04  -2.65778E+04
  1.99620E-02  4.92473E-02  2.01414E-03  3.48261E-03  9.25294E-01  4.80281E+04  -1.38730E+05  -5.99193E+04  -1.98941E+04  -2.65765E+04
  1.98620E-02  4.92524E-02  2.01435E-03  3.48296E-03  9.25388E-01  4.79958E+04  -1.38741E+05  -5.99126E+04  -1.98933E+04  -2.65752E+04
  1.97620E-02  4.92574E-02  2.01455E-03  3.48332E-03  9.25483E-01  4.79634E+04  -1.38753E+05  -5.99058E+04  -1.98924E+04  -2.65739E+04
  1.96620E-02  4.92624E-02  2.01476E-03  3.48367E-03  9.25577E-01  4.79307E+04  -1.38764E+05  -5.98990E+04  -1.98916E+04  -2.65726E+04
  1.95620E-02  4.92674E-02  2.01496E-03  3.48403E-03  9.25672E-01  4.78980E+04  -1.38775E+05  -5.98923E+04  -1.98908E+04  -2.65714E+04
  1.94620E-02  4.92725E-02  2.01517E-03  3.48438E-03  9.25766E-01  4.78650E+04  -1.38787E+05  -5.98855E+04  -1.98900E+04  -2.65701E+04
  1.93620E-02  4.92775E-02  2.01537E-03  3.48474E-03  9.25860E-01  4.78319E+04  -1.38798E+05  -5.98788E+04  -1.98892E+04  -2.65688E+04
  1.92620E-02  4.92825E-02  2.01558E-03  3.48509E-03  9.25955E-01  4.77987E+04  -1.38809E+05  -5.98720E+04  -1.98884E+04  -2.65675E+04
  1.91620E-02  4.92875E-02  2.01578E-03  3.48545E-03  9.26049E-01  4.77653E+04  -1.38821E+05  -5.98653E+04  -1.98875E+04  -2.65662E+04
  1.90620E-02  4.92926E-02  2.01599E-03  3.48580E-03  9.26144E-01  4.77317E+04  -1.38832E+05  -5.98585E+04  -1.98867E+04  -2.65650E+04
  1.89620E-02  4.92976E-02  2.01620E-03  3.48616E-03  9.26238E-01  4.76980E+04  -1.38843E+05  -5.98518E+04  -1.98859E+04  -2.65637E+04
  1.88620E-02  4.93026E-02  2.01640E-03  3.48652E-03  9.26332E-01  4.76641E+04  -1.38855E+05  -5.98450E+04  -1.98851E+04  -2.65624E+04
  1.87620E-02  4.93076E-02  2.01661E-03  3.48687E-03  9.26427E-01  4.76300E+04  -1.38866E+05  -5.98383E+04  -1.98843E+04  -2.65611E+04
  1.86620E-02  4.93127E-02  2.01681E-03  3.48723E-03  9.26521E-01  4.75957E+04  -1.38877E+05  -5.98315E+04  -1.98835E+04  -2.65599E+04
  1.85620E-02  4.93177E-02  2.01702E-03  3.48758E-03  9.26616E-01  4.75613E+04  -1.38889E+05  -5.98248E+04  -1.98827E+04  -2.65586E+04
  1.84620E-02  4.93227E-02  2.01722E-03  3.48794E-03  9.26710E-01  4.75267E+04  -1.38900E+05  -5.98180E+04  -1.98819E+04  -2.65573E+04
  1.83620E-02  4.93277E-02  2.01743E-03  3.48829E-03  9.26805E-01  4.74920E+04  -1.38911E+05  -5.98113E+04  -1.98810E+04  -2.65560E+04
  1.82620E-02  4.93328E-02  2.01763E-03  3.48865E-03  9.26899E-01  4.74570E+04  -1.38923E+05  -5.98045E+04  -1.98802E+04  -2.65548E+04
  1.81620E-02  4.93378E-02  2.01784E-03  3.48900E-03  9.26993E-01  4.74219E+04  -1.38934E+05  -5.97978E+04  -1.98794E+04  -2.65535E+04
  1.80620E-02  4.93428E-02  2.01805E-03  3.48936E-03  9.27088E-01  4.73866E+04  -1.38945E+05  -5.97911E+04  -1.98786E+04  -2.65522E+04
  1.79620E-02  4.93478E-02  2.01825E-03  3.48971E-03  9.27182E-01  4.73511E+04  -1.38957E+05  -5.97843E+04  -1.98778E+04  -2.65509E+04
  1.78620E-02  4.93529E-02  2.01846E-03  3.49007E-03  9.27277E-01  4.73154E+04  -1.38968E+05  -5.97776E+04  -1.98770E+04  -2.65497E+04
  1.77620E-02  4.93579E-02  2.01866E-03  3.49042E-03  9.27371E-01  4.72795E+04  -1.38979E+05  -5.97709E+04  -1.98762E+04  -2.65484E+04
  1.76620E-02  4.93629E-02  2.01887E-03  3.49078E-03  9.27465E-01  4.72435E+04  -1.38990E+05  -5.97641E+04  -1.98754E+04  -2.65471E+04
  1.75620E-02  4.93679E-02  2.01907E-03  3.49114E-03  9.27560E-01  4.72072E+04  -1.39002E+05  -5.97574E+04  -1.98746E+04  -2.65458E+04
  1.74620E-02  4.93730E-02  2.01928E-03  3.49149E-03  9.27654E-01  4.71708E+04  -1.39013E+05  -5.97507E+04  -1.98738E+04  -2.65446E+04
  1.73620E-02  4.93780E-02  2.01948E-03  3.49185E-03  9.27749E-01  4.71342E+04  -1.39024E+05  -5.97440E+04  -1.98730E+04  -2.65433E+04
  1.72620E-02  4.93830E-02  2.01969E-03  3.49220E-03  9.27843E-01  4.70973E+04  -1.39036E+05  -5.97372E+04  -1.98722E+04  -2.65420E+04
  1.71620E-02  4.93880E-02  2.01990E-03  3.49256E-03  9.27938E-01  4.70603E+04  -1.39047E+05  -5.97305E+04  -1.98714E+04  -2.65408E+04
  1.70620E-02  4.93931E-02  2.02010E-03  3.49291E-03  9.28032E-01  4.70230E+04  -1.39058E+05  -5.97238E+04  -1.98706E+04  -2.65395E+04
  1.69620E-02  4.93981E-02  2.02031E-03  3.49327E-03  9.28126E-01  4.69856E+04  -1.39070E+05  -5.97171E+04  -1.98698E+04  -2.65382E+04
  1.68620E-02  4.94031E-02  2.02051E-03  3.49362E-03  9.28221E-01  4.69479E+04  -1.39081E+05  -5.97104E+04  -1.98690E+04  -2.65369E+04
  1.67620E-02  4.94081E-02  2.02072E-03  3.49398E-03  9.28315E-01  4.69101E+04  -1.39092E+05  -5.97037E+04  -1.98682E+04  -2.65357E+04
  1.66620E-02  4.94132E-02  2.02092E-03  3.49433E-03  9.28410E-01  4.68720E+04  -1.39103E+05  -5.96969E+04  -1.98674E+04  -2.65344E+04
  1.65620E-02  4.94182E-02  2.02113E-03  3.49469E-03  9.28504E-01  4.68337E+04  -1.39115E+05  -5.96902E+04  -1.98666E+04  -2.65331E+04
  1.64620E-02  4.94232E-02  2.02133E-03  3.49504E-03  9.28598E-01  4.67951E+04  -1.39126E+05  -5.96835E+04  -1.98658E+04  -2.65319E+04
  1.63620E-02  4.94282E-02  2.02154E-03  3.49540E-03  9.28693E-01  4.67564E+04  -1.39137E+05  -5.96768E+04  -1.98650E+04  -2.65306E+04
  1.62620E-02  4.94333E-02  2.02174E-03  3.49575E-03  9.28787E-01  4.67174E+04  -1.39149E+05  -5.96701E+04  -1.98642E+04  -2.65293E+04
  1.61620E-02  4.94383E-02  2.02195E-03  3.49611E-03  9.28882E-01  4.66783E+04  -1.39160E+05  -5.96634E+04  -1.98634E+04  -2.65281E+04
  1.60620E-02  4.94433E-02  2.02216E-03  3.49647E-03  9.28976E-01  4.66388E+04  -1.39171E+05  -5.96567E+04  -1.98626E+04  -2.65268E+04
  1.59620E-02  4.94483E-02  2.02236E-03  3.49682E-03  9.29071E-01  4.65992E+04  -1.39182E+05  -5.96500E+04  -1.98618E+04  -2.65255E+04
  1.58620E-02  4.94534E-02  2.02257E-03  3.49718E-03  9.29165E-01  4.65593E+04  -1.39194E+05  -5.96433E+04  -1.98611E+04  -2.65243E+04
  1.57620E-02  4.94584E-02  2.02277E-03  3.49753E-03  9.29259E-01  4.65192E+04  -1.39205E+05  -5.96366E+04  -1.98603E+04  -2.65230E+04
  1.56620E-02  4.94634E-02  2.02298E-03  3.49789E-03  9.29354E-01  4.64788E+04  -1.39216E+05  -5.96299E+04  -1.98595E+04  -2.65217E+04
  1.55620E-02  4.94684E-02  2.02318E-03  3.49824E-03  9.29448E-01  4.64382E+04  -1.39227E+05  -5.96232E+04  -1.98587E+04  -2.65205E+04
  1.54620E-02  4.94735E-02  2.02339E-03  3.49860E-03  9.29543E-01  4.63973E+04  -1.39239E+05  -5.96165E+04  -1.98579E+04  -2.65192E+04
  1.53620E-02  4.94785E-02  2.02359E-03  3.49895E-03  9.29637E-01  4.63562E+04  -1.39250E+05  -5.96098E+04  -1.98571E+04  -2.65180E+04
  1.52620E-02  4.94835E-02  2.02380E-03  3.49931E-03  9.29731E-01  4.63148E+04  -1.39261E+05  -5.96031E+04  -1.98563E+04  -2.65167E+04
  1.51620E-02  4.94885E-02  2.02401E-03  3.49966E-03  9.29826E-01  4.62732E+04  -1.39272E+05  -5.95965E+04  -1.98555E+04  -2.65154E+04
  1.50620E-02  4.94936E-02  2.02421E-03  3.50002E-03  9.29920E-01  4.62313E+04  -1.39284E+05  -5.95898E+04  -1.98548E+04  -2.65142E+04
  1.49620E-02  4.94986E-02  2.02442E-03  3.50037E-03  9.30015E-01  4.61892E+04  -1.39295E+05  -5.95831E+04  -1.98540E+04  -2.65129E+04
  1.48620E-02  4.95036E-02  2.02462E-03  3.50073E-03  9.30109E-01  4.61467E+04  -1.39306E+05  -5.95764E+04  -1.98532E+04  -2.65116E+04
  1.47620E-02  4.95086E-02  2.02483E-03  3.50109E-03  9.30203E-01  4.61041E+04  -1.39317E+05  -5.95697E+04  -1.98524E+04  -2.65104E+04
  1.46620E-02  4.95137E-02  2.02503E-03  3.50144E-03  9.30298E-01  4.60611E+04  -1.39329E+05  -5.95630E+04  -1.98516E+04  -2.65091E+04
  1.45620E-02  4.95187E-02  2.02524E-03  3.50180E-03  9.30392E-01  4.60178E+04  -1.39340E+05  -5.95564E+04  -1.98508E+04  -2.65079E+04
  1.44620E-02  4.95237E-02  2.02544E-03  3.50215E-03  9.30487E-01  4.59743E+04  -1.39351E+05  -5.95497E+04  -1.98501E+04  -2.65066E+04
  1.43620E-02  4.95287E-02  2.02565E-03  3.50251E-03  9.30581E-01  4.59305E+04  -1.39362E+05  -5.95430E+04  -1.98493E+04  -2.65053E+04
  1.42620E-02  4.95338E-02  2.02586E-03  3.50286E-03  9.30675E-01  4.58864E+04  -1.39374E+05  -5.95363E+04  -1.98485E+04  -2.65041E+04
  1.41620E-02  4.95388E-02  2.02606E-03  3.50322E-03  9.30770E-01  4.58420E+04  -1.39385E+05  -5.95297E+04  -1.98477E+04  -2.65028E+04
  1.40620E-02  4.95438E-02  2.02627E-03  3.50357E-03  9.30864E-01  4.57973E+04  -1.39396E+05  -5.95230E+04  -1.98469E+04  -2.65016E+04
  1.39620E-02  4.95488E-02  2.02647E-03  3.50393E-03  9.30959E-01  4.57523E+04  -1.39407E+05  -5.95163E+04  -1.98462E+04  -2.65003E+04
  1.38620E-02  4.95539E-02  2.02668E-03  3.50428E-03  9.31053E-01  4.57070E+04  -1.39419E+05  -5.95097E+04  -1.98454E+04  -2.64990E+04
  1.37620E-02  4.95589E-02  2.02688E-03  3.50464E-03  9.31148E-01  4.56613E+04  -1.39430E+05  -5.95030E+04  -1.98446E+04  -2.64978E+04
  1.36620E-02  4.95639E-02  2.02709E-03  3.50499E-03  9.31242E-01  4.56154E+04  -1.39441E+05  -5.94963E+04  -1.98438E+04  -2.64965E+04
  1.35620E-02  4.95689E-02  2.02729E-03  3.50535E-03  9.31336E-01  4.55691E+04  -1.39452E+05  -5.94897E+04  -1.98431E+04  -2.64953E+04
  1.34620E-02  4.95740E-02  2.02750E-03  3.50570E-03  9.31431E-01  4.55225E+04  -1.39463E+05  -5.94830E+04  -1.98423E+04  -2.64940E+04
  1.33620E-02  4.95790E-02  2.02770E-03  3.50606E-03  9.31525E-01  4.54756E+04  -1.39475E+05  -5.94764E+04  -1.98415E+04  -2.64928E+04
  1.32620E-02  4.95840E-02  2.02791E-03  3.50642E-03  9.31620E-01  4.54283E+04  -1.39486E+05  -5.94697E+04  -1.98408E+04  -2.64915E+04
  1.31620E-02  4.95890E-02  2.02812E-03  3.50677E-03  9.31714E-01  4.53807E+04  -1.39497E+05  -5.94630E+04  -1.98400E+04  -2.64903E+04
  1.30620E-02  4.95941E-02  2.02832E-03  3.50713E-03  9.31808E-01  4.53328E+04  -1.39508E+05  -5.94564E+04  -1.98392E+04  -2.64890E+04
  1.29620E-02  4.95991E-02  2.02853E-03  3.50748E-03  9.31903E-01  4.52845E+04  -1.39520E+05  -5.94497E+04  -1.98384E+04  -2.64878E+04
  1.28620E-02  4.96041E-02  2.02873E-03  3.50784E-03  9.31997E-01  4.52358E+04  -1.39531E+05  -5.94431E+04  -1.98377E+04  -2.64865E+04
  1.27620E-02  4.96091E-02  2.02894E-03  3.50819E-03  9.32092E-01  4.51868E+04  -1.39542E+05  -5.94364E+04  -1.98369E+04  -2.64852E+04
  1.26620E-02  4.96142E-02  2.02914E-03  3.50855E-03  9.32186E-01  4.51374E+04  -1.39553E+05  -5.94298E+04  -1.98361E+04  -2.64840E+04
  1.25620E-02  4.96192E-02  2.02935E-03  3.50890E-03  9.32281E-01  4.50877E+04  -1.39564E+05  -5.94231E+04  -1.98354E+04  -2.64827E+04
  1.24620E-02  4.96242E-02  2.02955E-03  3.50926E-03  9.32375E-01  4.50375E+04  -1.39576E+05  -5.94165E+04  -1.98346E+04  -2.64815E+04
  1.23620E-02  4.96292E-02  2.02976E-03  3.50961E-03  9.32469E-01  4.49870E+04  -1.39587E+05  -5.94099E+04  -1.98338E+04  -2.64802E+04
  1.22620E-02  4.96343E-02  2.02997E-03  3.50997E-03  9.32564E-01  4.49360E+04  -1.39598E+05  -5.94032E+04  -1.98331E+04  -2.64790E+04
  1.21620E-02  4.96393E-02  2.03017E-03  3.51032E-03  9.32658E-01  4.48847E+04  -1.39609E+05  -5.93966E+04  -1.98323E+04  -2.64777E+04
  1.20620E-02  4.96443E-02  2.03038E-03  3.51068E-03  9.32753E-01  4.48330E+04  -1.39620E+05  -5.93899E+04  -1.98315E+04  -2.64765E+04
  1.19620E-02  4.96493E-02  2.03058E-03  3.51104E-03  9.32847E-01  4.47808E+04  -1.39632E+05  -5.93833E+04  -1.98308E+04  -2.64752E+04
  1.18620E-02  4.96544E-02  2.03079E-03  3.51139E-03  9.32941E-01  4.47283E+04  -1.39643E+05  -5.93767E+04  -1.98300E+04  -2.64740E+04
  1.17620E-02  4.96594E-02  2.03099E-03  3.51175E-03  9.33036E-01  4.46753E+04  -1.39654E+05  -5.93700E+04  -1.98293E+04  -2.64727E+04
  1.16620E-02  4.96644E-02  2.03120E-03  3.51210E-03  9.33130E-01  4.46219E+04  -1.39665E+05  -5.93634E+04  -1.98285E+04  -2.64715E+04
  1.15620E-02  4.96694E-02  2.03140E-03  3.51246E-03  9.33225E-01  4.45680E+04  -1.39676E+05  -5.93568E+04  -1.98277E+04  -2.64702E+04
  1.14620E-02  4.96745E-02  2.03161E-03  3.51281E-03  9.33319E-01  4.45137E+04  -1.39687E+05  -5.93502E+04  -1.98270E+04  -2.64690E+04
  1.13620E-02  4.96795E-02  2.03182E-03  3.51317E-03  9.33414E-01  4.44589E+04  -1.39699E+05  -5.93435E+04  -1.98262E+04  -2.64677E+04
  1.12620E-02  4.96845E-02  2.03202E-03  3.51352E-03  9.33508E-01  4.44037E+04  -1.39710E+05  -5.93369E+04  -1.98255E+04  -2.64665E+04
  1.11620E-02  4.96895E-02  2.03223E-03  3.51388E-03  9.33602E-01  4.43480E+04  -1.39721E+05  -5.93303E+04  -1.98247E+04  -2.64653E+04
  1.10620E-02  4.96946E-02  2.03243E-03  3.51423E-03  9.33697E-01  4.42918E+04  -1.39732E+05  -5.93237E+04  -1.98240E+04  -2.64640E+04
  1.09620E-02  4.96996E-02  2.03264E-03  3.51459E-03  9.33791E-01  4.42351E+04  -1.39743E+05  -5.93170E+04  -1.98232E+04  -2.64628E+04
  1.08620E-02  4.97046E-02  2.03284E-03  3.51494E-03  9.33886E-01  4.41779E+04  -1.39755E+05  -5.93104E+04  -1.98224E+04  -2.64615E+04
  1.07620E-02  4.97096E-02  2.03305E-03  3.51530E-03  9.33980E-01  4.41202E+04  -1.39766E+05  -5.93038E+04  -1.98217E+04  -2.64603E+04
  1.06620E-02  4.97147E-02  2.03325E-03  3.51565E-03  9.34074E-01  4.40620E+04  -1.39777E+05  -5.92972E+04  -1.98209E+04  -2.64590E+04
  1.05620E-02  4.97197E-02  2.03346E-03  3.51601E-03  9.34169E-01  4.40032E+04  -1.39788E+05  -5.92906E+04  -1.98202E+04  -2.64578E+04
  1.04620E-02  4.97247E-02  2.03366E-03  3.51637E-03  9.34263E-01  4.39440E+04  -1.39799E+05  -5.92840E+04  -1.98194E+04  -2.64565E+04
  1.03620E-02  4.97297E-02  2.03387E-03  3.51672E-03  9.34358E-01  4.38841E+04  -1.39810E+05  -5.92774E+04  -1.98187E+04  -2.64553E+04
  1.02620E-02  4.97348E-02  2.03408E-03  3.51708E-03  9.34452E-01  4.38237E+04  -1.39821E+05  -5.92707E+04  -1.98179E+04  -2.64540E+04
  1.01620E-02  4.97398E-02  2.03428E-03  3.51743E-03  9.34546E-01  4.37628E+04  -1.39833E+05  -5.92641E+04  -1.98172E+04  -2.64528E+04
  1.00620E-02  4.97448E-02  2.03449E-03  3.51779E-03  9.34641E-01  4.37012E+04  -1.39844E+05  -5.92575E+04  -1.98164E+04  -2.64516E+04
  9.96201E-03  4.97498E-02  2.03469E-03  3.51814E-03  9.34735E-01  4.36391E+04  -1.39855E+05  -5.92509E+04  -1.98157E+04  -2.64503E+04
  9.86201E-03  4.97549E-02  2.03490E-03  3.51850E-03  9.34830E-01  4.35764E+04  -1.39866E+05  -5.92443E+04  -1.98149E+04  -2.64491E+04
  9.76201E-03  4.97599E-02  2.03510E-03  3.51885E-03  9.34924E-01  4.35130E+04  -1.39877E+05  -5.92377E+04  -1.98142E+04  -2.64478E+04
  9.66201E-03  4.97649E-02  2.03531E-03  3.51921E-03  9.35019E-01  4.34490E+04  -1.39888E+05  -5.92311E+04  -1.98134E+04  -2.64466E+04
  9.56201E-03  4.97699E-02  2.03551E-03  3.51956E-03  9.35113E-01  4.33844E+04  -1.39900E+05  -5.92245E+04  -1.98127E+04  -2.64454E+04
  9.46201E-03  4.97750E-02  2.03572E-03  3.51992E-03  9.35207E-01  4.33191E+04  -1.39911E+05  -5.92179E+04  -1.98120E+04  -2.64441E+04
  9.36201E-03  4.97800E-02  2.03593E-03  3.52027E-03  9.35302E-01  4.32531E+04  -1.39922E+05  -5.92113E+04  -1.98112E+04  -2.64429E+04
  9.26201E-03  4.97850E-02  2.03613E-03  3.52063E-03  9.35396E-01  4.31865E+04  -1.39933E+05  -5.92048E+04  -1.98105E+04  -2.64416E+04
  9.16201E-03  4.97900E-02  2.03634E-03  3.52099E-03  9.35491E-01  4.31191E+04  -1.39944E+05  -5.91982E+04  -1.98097E+04  -2.64404E+04
  9.06201E-03  4.97951E-02  2.03654E-03  3.52134E-03  9.35585E-01  4.30511E+04  -1.39955E+05  -5.91916E+04  -1.98090E+04  -2.64392E+04
  8.96201E-03  4.98001E-02  2.03675E-03  3.52170E-03  9.35679E-01  4.29823E+04  -1.39966E+05  -5.91850E+04  -1.98082E+04  -2.64379E+04
  8.86201E-03  4.98051E-02  2.03695E-03  3.52205E-03  9.35774E-01  4.29127E+04  -1.39977E+05  -5.91784E+04  -1.98075E+04  -2.64367E+04
  8.76201E-03  4.98101E-02  2.03716E-03  3.52241E-03  9.35868E-01  4.28424E+04  -1.39989E+05  -5.91718E+04  -1.98068E+04  -2.64355E+04
  8.66201E-03  4.98152E-02  2.03736E-03  3.52276E-03  9.35963E-01  4.27713E+04  -1.40000E+05  -5.91652E+04  -1.98060E+04  -2.64342E+04
  8.56201E-03  4.98202E-02  2.03757E-03  3.52312E-03  9.36057E-01  4.26994E+04  -1.40011E+05  -5.91587E+04  -1.98053E+04  -2.64330E+04
  8.46201E-03  4.98252E-02  2.03778E-03  3.52347E-03  9.36152E-01  4.26267E+04  -1.40022E+05  -5.91521E+04  -1.98045E+04  -2.64317E+04
  8.36201E-03  4.98302E-02  2.03798E-03  3.52383E-03  9.36246E-01  4.25532E+04  -1.40033E+05  -5.91455E+04  -1.98038E+04  -2.64305E+04
  8.26201E-03  4.98353E-02  2.03819E-03  3.52418E-03  9.36340E-01  4.24787E+04  -1.40044E+05  -5.91389E+04  -1.98031E+04  -2.64293E+04
  8.16201E-03  4.98403E-02  2.03839E-03  3.52454E-03  9.36435E-01  4.24035E+04  -1.40055E+05  -5.91324E+04  -1.98023E+04  -2.64280E+04
  8.06201E-03  4.98453E-02  2.03860E-03  3.52489E-03  9.36529E-01  4.23273E+04  -1.40066E+05  -5.91258E+04  -1.98016E+04  -2.64268E+04
  7.96201E-03  4.98503E-02  2.03880E-03  3.52525E-03  9.36624E-01  4.22501E+04  -1.40078E+05  -5.91192E+04  -1.98009E+04  -2.64256E+04
  7.86201E-03  4.98554E-02  2.03901E-03  3.52560E-03  9.36718E-01  4.21721E+04  -1.40089E+05  -5.91126E+04  -1.98001E+04  -2.64243E+04
  7.76201E-03  4.98604E-02  2.03921E-03  3.52596E-03  9.36812E-01  4.20930E+04  -1.40100E+05  -5.91061E+04  -1.97994E+04  -2.64231E+04
  7.66201E-03  4.98654E-02  2.03942E-03  3.52632E-03  9.36907E-01  4.20130E+04  -1.40111E+05  -5.90995E+04  -1.97987E+04  -2.64219E+04
  7.56201E-03  4.98704E-02  2.03962E-03  3.52667E-03  9.37001E-01  4.19319E+04  -1.40122E+05  -5.90929E+04  -1.97979E+04  -2.64206E+04
  7.46201E-03  4.98755E-02  2.03983E-03  3.52703E-03  9.37096E-01  4.18498E+04  -1.40133E+05  -5.90864E+04  -1.97972E+04  -2.64194E+04
  7.36201E-03  4.98805E-02  2.04004E-03  3.52738E-03  9.37190E-01  4.17666E+04  -1.40144E+05  -5.90798E+04  -1.97965E+04  -2.64182E+04
  7.26201E-03  4.98855E-02  2.04024E-03  3.52774E-03  9.37285E-01  4.16823E+04  -1.40155E+05  -5.90733E+04  -1.97957E+04  -2.64169E+04
  7.16201E-03  4.98905E-02  2.04045E-03  3.52809E-03  9.37379E-01  4.15969E+04  -1.40166E+05  -5.90667E+04  -1.97950E+04  -2.64157E+04
  7.06201E-03  4.98956E-02  2.04065E-03  3.52845E-03  9.37473E-01  4.15103E+04  -1.40177E+05  -5.90601E+04  -1.97943E+04  -2.64145E+04
  6.96201E-03  4.99006E-02  2.04086E-03  3.52880E-03  9.37568E-01  4.14224E+04  -1.40189E+05  -5.90536E+04  -1.97936E+04  -2.64132E+04
  6.86201E-03  4.99056E-02  2.04106E-03  3.52916E-03  9.37662E-01  4.13334E+04  -1.40200E+05  -5.90470E+04  -1.97928E+04  -2.64120E+04
  6.76201E-03  4.99106E-02  2.04127E-03  3.52951E-03  9.37757E-01  4.12430E+04  -1.40211E+05  -5.90405E+04  -1.97921E+04  -2.64108E+04
  6.66201E-03  4.99157E-02  2.04147E-03  3.52987E-03  9.37851E-01  4.11514E+04  -1.40222E+05  -5.90339E+04  -1.97914E+04  -2.64096E+04
  6.56201E-03  4.99207E-02  2.04168E-03  3.53022E-03  9.37945E-01  4.10584E+04  -1.40233E+05  -5.90274E+04  -1.97907E+04  -2.64083E+04
  6.46201E-03  4.99257E-02  2.04189E-03  3.53058E-03  9.38040E-01  4.09640E+04  -1.40244E+05  -5.90208E+04  -1.97899E+04  -2.64071E+04
  6.36201E-03  4.99307E-02  2.04209E-03  3.53093E-03  9.38134E-01  4.08681E+04  -1.40255E+05  -5.90143E+04  -1.97892E+04  -2.64059E+04
  6.26201E-03  4.99358E-02  2.04230E-03  3.53129E-03  9.38229E-01  4.07708E+04  -1.40266E+05  -5.90077E+04  -1.97885E+04  -2.64046E+04
  6.16201E-03  4.99408E-02  2.04250E-03  3.53165E-03  9.38323E-01  4.06720E+04  -1.40277E+05  -5.90012E+04  -1.97878E+04  -2.64034E+04
  6.06201E-03  4.99458E-02  2.04271E-03  3.53200E-03  9.38417E-01  4.05715E+04  -1.40288E+05  -5.89947E+04  -1.97870E+04  -2.64022E+04
  5.96201E-03  4.99508E-02  2.04291E-03  3.53236E-03  9.38512E-01  4.04694E+04  -1.40299E+05  -5.89881E+04  -1.97863E+04  -2.64010E+04
  5.86201E-03  4.99559E-02  2.04312E-03  3.53271E-03  9.38606E-01  4.03657E+04  -1.40310E+05  -5.89816E+04  -1.97856E+04  -2.63997E+04
  5.76201E-03  4.99609E-02  2.04332E-03  3.53307E-03  9.38701E-01  4.02601E+04  -1.40322E+05  -5.89750E+04  -1.97849E+04  -2.63985E+04
  5.66201E-03  4.99659E-02  2.04353E-03  3.53342E-03  9.38795E-01  4.01528E+04  -1.40333E+05  -5.89685E+04  -1.97842E+04  -2.63973E+04
  5.56201E-03  4.99709E-02  2.04374E-03  3.53378E-03  9.38890E-01  4.00436E+04  -1.40344E+05  -5.89620E+04  -1.97835E+04  -2.63961E+04
  5.46201E-03  4.99760E-02  2.04394E-03  3.53413E-03  9.38984E-01  3.99325E+04  -1.40355E+05  -5.89554E+04  -1.97827E+04  -2.63948E+04
  5.36201E-03  4.99810E-02  2.04415E-03  3.53449E-03  9.39078E-01  3.98193E+04  -1.40366E+05  -5.89489E+04  -1.97820E+04  -2.63936E+04
  5.26201E-03  4.99860E-02  2.04435E-03  3.53484E-03  9.39173E-01  3.97040E+04  -1.40377E+05  -5.89424E+04  -1.97813E+04  -2.63924E+04
  5.16201E-03  4.99910E-02  2.04456E-03  3.53520E-03  9.39267E-01  3.95866E+04  -1.40388E+05  -5.89359E+04  -1.97806E+04  -2.63912E+04
  5.06201E-03  4.99961E-02  2.04476E-03  3.53555E-03  9.39362E-01  3.94669E+04  -1.40399E+05  -5.89293E+04  -1.97799E+04  -2.63899E+04
  4.96201E-03  5.00011E-02  2.04497E-03  3.53591E-03  9.39456E-01  3.93449E+04  -1.40410E+05  -5.89228E+04  -1.97792E+04  -2.63887E+04
  4.86201E-03  5.00061E-02  2.04517E-03  3.53627E-03  9.39550E-01  3.92204E+04  -1.40421E+05  -5.89163E+04  -1.97785E+04  -2.63875E+04
  4.76201E-03  5.00111E-02  2.04538E-03  3.53662E-03  9.39645E-01  3.90934E+04  -1.40432E+05  -5.89098E+04  -1.97777E+04  -2.63863E+04
  4.66201E-03  5.00162E-02  2.04558E-03  3.53698E-03  9.39739E-01  3.89637E+04  -1.40443E+05  -5.89033E+04  -1.97770E+04  -2.63851E+04
  4.56201E-03  5.00212E-02  2.04579E-03  3.53733E-03  9.39834E-01  3.88313E+04  -1.40454E+05  -5.88967E+04  -1.97763E+04  -2.63838E+04
  4.46201E-03  5.00262E-02  2.04600E-03  3.53769E-03  9.39928E-01  3.86960E+04  -1.40465E+05  -5.88902E+04  -1.97756E+04  -2.63826E+04
  4.36201E-03  5.00312E-02  2.04620E-03  3.53804E-03  9.40023E-01  3.85576E+04  -1.40476E+05  -5.88837E+04  -1.97749E+04  -2.63814E+04
  4.26201E-03  5.00363E-02  2.04641E-03  3.53840E-03  9.40117E-01  3.84161E+04  -1.40487E+05  -5.88772E+04  -1.97742E+04  -2.63802E+04
  4.16201E-03  5.00413E-02  2.04661E-03  3.53875E-03  9.40211E-01  3.82713E+04  -1.40498E+05  -5.88707E+04  -1.97735E+04  -2.63790E+04
  4.06201E-03  5.00463E-02  2.04682E-03  3.53911E-03  9.40306E-01  3.81230E+04  -1.40509E+05  -5.88642E+04  -1.97728E+04  -2.63777E+04
  3.96201E-03  5.00513E-02  2.04702E-03  3.53946E-03  9.40400E-01  3.79711E+04  -1.40520E+05  -5.88577E+04  -1.97721E+04  -2.63765E+04
  3.86201E-03  5.00564E-02  2.04723E-03  3.53982E-03  9.40495E-01  3.78153E+04  -1.40531E+05  -5.88512E+04  -1.97714E+04  -2.63753E+04
  3.76201E-03  5.00614E-02  2.04743E-03  3.54017E-03  9.40589E-01  3.76555E+04  -1.40542E+05  -5.88447E+04  -1.97707E+04  -2.63741E+04
  3.66201E-03  5.00664E-02  2.04764E-03  3.54053E-03  9.40683E-01  3.74915E+04  -1.40554E+05  -5.88382E+04  -1.97700E+04  -2.63729E+04
  3.56201E-03  5.00714E-02  2.04785E-03  3.54088E-03  9.40778E-01  3.73229E+04  -1.40565E+05  -5.88317E+04  -1.97692E+04  -2.63717E+04
  3.46201E-03  5.00765E-02  2.04805E-03  3.54124E-03  9.40872E-01  3.71497E+04  -1.40576E+05  -5.88252E+04  -1.97685E+04  -2.63704E+04
  3.36201E-03  5.00815E-02  2.04826E-03  3.54160E-03  9.40967E-01  3.69714E+04  -1.40587E+05  -5.88187E+04  -1.97678E+04  -2.63692E+04
  3.26201E-03  5.00865E-02  2.04846E-03  3.54195E-03  9.41061E-01  3.67878E+04  -1.40598E+05  -5.88122E+04  -1.97671E+04  -2.63680E+04
  3.16201E-03  5.00915E-02  2.04867E-03  3.54231E-03  9.41156E-01  3.65985E+04  -1.40609E+05  -5.88057E+04  -1.97664E+04  -2.63668E+04
  3.06201E-03  5.00966E-02  2.04887E-03  3.54266E-03  9.41250E-01  3.64032E+04  -1.40620E+05  -5.87992E+04  -1.97657E+04  -2.63656E+04
  2.96201E-03  5.01016E-02  2.04908E-03  3.54302E-03  9.41344E-01  3.62015E+04  -1.40631E+05  -5.87927E+04  -1.97650E+04  -2.63644E+04
  2.86201E-03  5.01066E-02  2.04928E-03  3.54337E-03  9.41439E-01  3.59930E+04  -1.40642E+05  -5.87862E+04  -1.97643E+04  -2.63631E+04
  2.76201E-03  5.01116E-02  2.04949E-03  3.54373E-03  9.41533E-01  3.57771E+04  -1.40653E+05  -5.87797E+04  -1.97636E+04  -2.63619E+04
  2.66201E-03  5.01167E-02  2.04970E-03  3.54408E-03  9.41628E-01  3.55533E+04  -1.40664E+05  -5.87732E+04  -1.97629E+04  -2.63607E+04
  2.56201E-03  5.01217E-02  2.04990E-03  3.54444E-03  9.41722E-01  3.53210E+04  -1.40675E+05  -5.87667E+04  -1.97622E+04  -2.63595E+04
  2.46201E-03  5.01267E-02  2.05011E-03  3.54479E-03  9.41816E-01  3.50796E+04  -1.40686E+05  -5.87602E+04  -1.97616E+04  -2.63583E+04
  2.36201E-03  5.01317E-02  2.05031E-03  3.54515E-03  9.41911E-01  3.48282E+04  -1.40697E+05  -5.87538E+04  -1.97609E+04  -2.63571E+04
  2.26201E-03  5.01368E-02  2.05052E-03  3.54550E-03  9.42005E-01  3.45661E+04  -1.40708E+05  -5.87473E+04  -1.97602E+04  -2.63559E+04
  2.16201E-03  5.01418E-02  2.05072E-03  3.54586E-03  9.42100E-01  3.42921E+04  -1.40719E+05  -5.87408E+04  -1.97595E+04  -2.63547E+04
  2.06201E-03  5.01468E-02  2.05093E-03  3.54622E-03  9.42194E-01  3.40054E+04  -1.40730E+05  -5.87343E+04  -1.97588E+04  -2.63534E+04
  1.96201E-03  5.01518E-02  2.05113E-03  3.54657E-03  9.42288E-01  3.37044E+04  -1.40741E+05  -5.87279E+04  -1.97581E+04  -2.63522E+04
  1.86201E-03  5.01569E-02  2.05134E-03  3.54693E-03  9.42383E-01  3.33878E+04  -1.40752E+05  -5.87214E+04  -1.97574E+04  -2.63510E+04
  1.76201E-03  5.01619E-02  2.05154E-03  3.54728E-03  9.42477E-01  3.30539E+04  -1.40763E+05  -5.87149E+04  -1.97567E+04  -2.63498E+04
  1.66201E-03  5.01669E-02  2.05175E-03  3.54764E-03  9.42572E-01  3.27005E+04  -1.40774E+05  -5.87084E+04  -1.97560E+04  -2.63486E+04
  1.56201E-03  5.01719E-02  2.05196E-03  3.54799E-03  9.42666E-01  3.23253E+04  -1.40785E+05  -5.87020E+04  -1.97553E+04  -2.63474E+04
  1.46201E-03  5.01770E-02  2.05216E-03  3.54835E-03  9.42760E-01  3.19255E+04  -1.40796E+05  -5.86955E+04  -1.97546E+04  -2.63462E+04
  1.36201E-03  5.01820E-02  2.05237E-03  3.54870E-03  9.42855E-01  3.14974E+04  -1.40807E+05  -5.86890E+04  -1.97539E+04  -2.63450E+04
  1.26201E-03  5.01870E-02  2.05257E-03  3.54906E-03  9.42949E-01  3.10369E+04  -1.40818E+05  -5.86826E+04  -1.97533E+04  -2.63438E+04
  1.16201E-03  5.01920E-02  2.05278E-03  3.54941E-03  9.43044E-01  3.05385E+04  -1.40829E+05  -5.86761E+04  -1.97526E+04  -2.63426E+04
  1.06201E-03  5.01971E-02  2.05298E-03  3.54977E-03  9.43138E-01  2.99954E+04  -1.40840E+05  -5.86696E+04  -1.97519E+04  -2.63413E+04
  9.62012E-04  5.02021E-02  2.05319E-03  3.55012E-03  9.43233E-01  2.93987E+04  -1.40851E+05  -5.86632E+04  -1.97512E+04  -2.63401E+04
  8.62012E-04  5.02071E-02  2.05339E-03  3.55048E-03  9.43327E-01  2.87367E+04  -1.40862E+05  -5.86567E+04  -1.97505E+04  -2.63389E+04
  7.62012E-04  5.02121E-02  2.05360E-03  3.55083E-03  9.43421E-01  2.79933E+04  -1.40872E+05  -5.86503E+04  -1.97498E+04  -2.63377E+04
  6.62012E-04  5.02172E-02  2.05381E-03  3.55119E-03  9.43516E-01  2.71454E+04  -1.40883E+05  -5.86438E+04  -1.97491E+04  -2.63365E+04
  5.62012E-04  5.02222E-02  2.05401E-03  3.55155E-03  9.43610E-01  2.61587E+04  -1.40894E+05  -5.86374E+04  -1.97485E+04  -2.63353E+04
  4.62012E-04  5.02272E-02  2.05422E-03  3.55190E-03  9.43705E-01  2.49786E+04  -1.40905E+05  -5.86309E+04  -1.97478E+04  -2.63341E+04
  3.62012E-04  5.02322E-02  2.05442E-03  3.55226E-03  9.43799E-01  2.35100E+04  -1.40916E+05  -5.86245E+04  -1.97471E+04  -2.63329E+04
  2.62012E-04  5.02373E-02  2.05463E-03  3.55261E-03  9.43893E-01  2.15641E+04  -1.40927E+05  -5.86180E+04  -1.97464E+04  -2.63317E+04
  1.62012E-04  5.02423E-02  2.05483E-03  3.55297E-03  9.43988E-01  1.86717E+04  -1.40938E+05  -5.86116E+04  -1.97457E+04  -2.63305E+04
  6.20121E-05  5.02473E-02  2.05504E-03  3.55332E-03  9.44082E-01  1.28954E+04  -1.40949E+05  -5.86051E+04  -1.97450E+04  -2.63293E+04
  1.00000E-06  5.02504E-02  2.05516E-03  3.55354E-03  9.44140E-01  -1.19219E+04  -1.40956E+05  -5.86012E+04  -1.97446E+04  -2.63286E+04

 Phase Region for:
     FCC_A1#2
 col-1=X(C), col-2=X(SI), col-3=X(MN), col-4=X(CU), col-5=X(FE), col-6=MU(C), col-7=MU(SI), col-8=MU(MN), col-9=MU(CU), col-10=MU(FE),
  9.72763E-03  4.29776E-10  1.40237E-03  9.88773E-01  9.69996E-05  2.10602E+05  -1.50735E+05  -6.83870E+04  -2.95284E+04  -3.61125E+04
  9.82763E-03  4.31500E-10  1.40886E-03  9.88666E-01  9.75096E-05  2.10639E+05  -1.50736E+05  -6.83874E+04  -2.95287E+04  -3.61128E+04
  9.92763E-03  4.33232E-10  1.41538E-03  9.88559E-01  9.79896E-05  2.10674E+05  -1.50736E+05  -6.83877E+04  -2.95291E+04  -3.61132E+04
  9.99900E-03  4.34473E-10  1.42005E-03  9.88482E-01  9.89496E-05  2.10699E+05  -1.50736E+05  -6.83880E+04  -2.95293E+04  -3.61134E+04

 Phase Region for:
     FCC_A1#2
 col-1=X(C), col-2=X(SI), col-3=X(MN), col-4=X(CU), col-5=X(FE), col-6=MU(C), col-7=MU(SI), col-8=MU(MN), col-9=MU(CU), col-10=MU(FE),
  9.72763E-03  4.29776E-10  1.40237E-03  9.88773E-01  9.69996E-05  2.10602E+05  -1.50735E+05  -6.83870E+04  -2.95284E+04  -3.61125E+04
  9.62763E-03  4.28058E-10  1.39590E-03  9.88880E-01  9.64696E-05  2.10566E+05  -1.50735E+05  -6.83867E+04  -2.95280E+04  -3.61121E+04
  9.52763E-03  4.26348E-10  1.38947E-03  9.88987E-01  9.58996E-05  2.10528E+05  -1.50735E+05  -6.83863E+04  -2.95276E+04  -3.61118E+04
  9.42763E-03  4.24645E-10  1.38307E-03  9.89094E-01  9.52996E-05  2.10490E+05  -1.50734E+05  -6.83859E+04  -2.95273E+04  -3.61114E+04
  9.32763E-03  4.22949E-10  1.37670E-03  9.89201E-01  9.46696E-05  2.10451E+05  -1.50734E+05  -6.83856E+04  -2.95269E+04  -3.61110E+04
  9.22763E-03  4.21260E-10  1.37036E-03  9.89308E-01  9.40096E-05  2.10412E+05  -1.50734E+05  -6.83852E+04  -2.95265E+04  -3.61106E+04
  9.12763E-03  4.19578E-10  1.36405E-03  9.89415E-01  9.33196E-05  2.10371E+05  -1.50733E+05  -6.83848E+04  -2.95262E+04  -3.61103E+04
  9.02763E-03  4.17903E-10  1.35776E-03  9.89522E-01  9.26096E-05  2.10330E+05  -1.50733E+05  -6.83845E+04  -2.95258E+04  -3.61099E+04
  8.92763E-03  4.16235E-10  1.35151E-03  9.89629E-01  9.18596E-05  2.10288E+05  -1.50732E+05  -6.83841E+04  -2.95254E+04  -3.61095E+04
  8.82763E-03  4.14574E-10  1.34529E-03  9.89735E-01  9.20796E-05  2.10246E+05  -1.50732E+05  -6.83837E+04  -2.95250E+04  -3.61091E+04
  8.72763E-03  4.12920E-10  1.33909E-03  9.89842E-01  9.12796E-05  2.10203E+05  -1.50732E+05  -6.83833E+04  -2.95246E+04  -3.61088E+04
  8.62763E-03  4.11273E-10  1.33292E-03  9.89949E-01  9.04496E-05  2.10158E+05  -1.50731E+05  -6.83829E+04  -2.95242E+04  -3.61084E+04
  8.52763E-03  4.09633E-10  1.32679E-03  9.90056E-01  8.95796E-05  2.10113E+05  -1.50731E+05  -6.83825E+04  -2.95239E+04  -3.61080E+04
  8.42763E-03  4.08000E-10  1.32068E-03  9.90162E-01  8.96896E-05  2.10068E+05  -1.50730E+05  -6.83821E+04  -2.95235E+04  -3.61076E+04
  8.32763E-03  4.06373E-10  1.31460E-03  9.90269E-01  8.87696E-05  2.10021E+05  -1.50730E+05  -6.83817E+04  -2.95231E+04  -3.61072E+04
  8.22763E-03  4.04754E-10  1.30855E-03  9.90376E-01  8.78196E-05  2.09973E+05  -1.50730E+05  -6.83813E+04  -2.95227E+04  -3.61068E+04
  8.12763E-03  4.03141E-10  1.30252E-03  9.90482E-01  8.78496E-05  2.09925E+05  -1.50729E+05  -6.83809E+04  -2.95223E+04  -3.61064E+04
  8.02763E-03  4.01534E-10  1.29653E-03  9.90589E-01  8.68396E-05  2.09876E+05  -1.50729E+05  -6.83805E+04  -2.95219E+04  -3.61060E+04
  7.92763E-03  3.99935E-10  1.29056E-03  9.90695E-01  8.68096E-05  2.09825E+05  -1.50728E+05  -6.83801E+04  -2.95215E+04  -3.61056E+04
  7.82763E-03  3.98342E-10  1.28462E-03  9.90802E-01  8.57496E-05  2.09774E+05  -1.50728E+05  -6.83797E+04  -2.95211E+04  -3.61052E+04
  7.72763E-03  3.96756E-10  1.27871E-03  9.90908E-01  8.56596E-05  2.09722E+05  -1.50728E+05  -6.83793E+04  -2.95207E+04  -3.61048E+04
  7.62763E-03  3.95176E-10  1.27282E-03  9.91015E-01  8.45496E-05  2.09668E+05  -1.50727E+05  -6.83789E+04  -2.95202E+04  -3.61044E+04
  7.52763E-03  3.93603E-10  1.26696E-03  9.91121E-01  8.44096E-05  2.09614E+05  -1.50727E+05  -6.83785E+04  -2.95198E+04  -3.61039E+04
  7.42763E-03  3.92036E-10  1.26113E-03  9.91227E-01  8.42396E-05  2.09559E+05  -1.50726E+05  -6.83781E+04  -2.95194E+04  -3.61035E+04
  7.32763E-03  3.90476E-10  1.25533E-03  9.91334E-01  8.30396E-05  2.09502E+05  -1.50726E+05  -6.83777E+04  -2.95190E+04  -3.61031E+04
  7.22763E-03  3.88923E-10  1.24956E-03  9.91440E-01  8.28096E-05  2.09444E+05  -1.50726E+05  -6.83772E+04  -2.95186E+04  -3.61027E+04
  7.12763E-03  3.87376E-10  1.24381E-03  9.91546E-01  8.25596E-05  2.09386E+05  -1.50725E+05  -6.83768E+04  -2.95181E+04  -3.61023E+04
  7.02763E-03  3.85835E-10  1.23808E-03  9.91652E-01  8.22896E-05  2.09326E+05  -1.50725E+05  -6.83764E+04  -2.95177E+04  -3.61018E+04
  6.92763E-03  3.84301E-10  1.23239E-03  9.91759E-01  8.09796E-05  2.09264E+05  -1.50724E+05  -6.83759E+04  -2.95173E+04  -3.61014E+04
  6.82763E-03  3.82773E-10  1.22672E-03  9.91865E-01  8.06496E-05  2.09202E+05  -1.50724E+05  -6.83755E+04  -2.95169E+04  -3.61010E+04
  6.72763E-03  3.81251E-10  1.22108E-03  9.91971E-01  8.02896E-05  2.09138E+05  -1.50723E+05  -6.83751E+04  -2.95164E+04  -3.61005E+04
  6.62763E-03  3.79736E-10  1.21546E-03  9.92077E-01  7.99096E-05  2.09073E+05  -1.50723E+05  -6.83746E+04  -2.95160E+04  -3.61001E+04
  6.52763E-03  3.78227E-10  1.20987E-03  9.92183E-01  7.94996E-05  2.09006E+05  -1.50723E+05  -6.83742E+04  -2.95155E+04  -3.60997E+04
  6.42763E-03  3.76724E-10  1.20431E-03  9.92289E-01  7.90596E-05  2.08938E+05  -1.50722E+05  -6.83738E+04  -2.95151E+04  -3.60992E+04
  6.32763E-03  3.75228E-10  1.19877E-03  9.92395E-01  7.85996E-05  2.08869E+05  -1.50722E+05  -6.83733E+04  -2.95146E+04  -3.60988E+04
  6.22763E-03  3.73738E-10  1.19326E-03  9.92501E-01  7.81096E-05  2.08798E+05  -1.50721E+05  -6.83729E+04  -2.95142E+04  -3.60983E+04
  6.12763E-03  3.72254E-10  1.18777E-03  9.92607E-01  7.75996E-05  2.08725E+05  -1.50721E+05  -6.83724E+04  -2.95137E+04  -3.60979E+04
  6.02763E-03  3.70776E-10  1.18231E-03  9.92713E-01  7.70596E-05  2.08651E+05  -1.50720E+05  -6.83720E+04  -2.95133E+04  -3.60974E+04
  5.92763E-03  3.69304E-10  1.17688E-03  9.92819E-01  7.64896E-05  2.08576E+05  -1.50720E+05  -6.83715E+04  -2.95128E+04  -3.60970E+04
  5.82763E-03  3.67838E-10  1.17147E-03  9.92925E-01  7.58996E-05  2.08498E+05  -1.50719E+05  -6.83710E+04  -2.95124E+04  -3.60965E+04
  5.72763E-03  3.66379E-10  1.16608E-03  9.93031E-01  7.52896E-05  2.08419E+05  -1.50719E+05  -6.83706E+04  -2.95119E+04  -3.60960E+04
  5.62763E-03  3.64925E-10  1.16072E-03  9.93137E-01  7.46496E-05  2.08338E+05  -1.50718E+05  -6.83701E+04  -2.95115E+04  -3.60956E+04
  5.52763E-03  3.63477E-10  1.15539E-03  9.93242E-01  7.49796E-05  2.08254E+05  -1.50718E+05  -6.83696E+04  -2.95110E+04  -3.60951E+04
  5.42763E-03  3.62036E-10  1.15008E-03  9.93348E-01  7.42896E-05  2.08169E+05  -1.50718E+05  -6.83692E+04  -2.95105E+04  -3.60946E+04
  5.32763E-03  3.60600E-10  1.14479E-03  9.93454E-01  7.35796E-05  2.08082E+05  -1.50717E+05  -6.83687E+04  -2.95101E+04  -3.60942E+04
  5.22763E-03  3.59170E-10  1.13953E-03  9.93560E-01  7.28396E-05  2.07993E+05  -1.50717E+05  -6.83682E+04  -2.95096E+04  -3.60937E+04
  5.12763E-03  3.57747E-10  1.13429E-03  9.93665E-01  7.30796E-05  2.07902E+05  -1.50716E+05  -6.83678E+04  -2.95091E+04  -3.60932E+04
  5.02763E-03  3.56329E-10  1.12908E-03  9.93771E-01  7.22896E-05  2.07808E+05  -1.50716E+05  -6.83673E+04  -2.95086E+04  -3.60927E+04
  4.92763E-03  3.54917E-10  1.12389E-03  9.93877E-01  7.14796E-05  2.07712E+05  -1.50715E+05  -6.83668E+04  -2.95081E+04  -3.60923E+04
  4.82763E-03  3.53511E-10  1.11873E-03  9.93982E-01  7.16396E-05  2.07613E+05  -1.50715E+05  -6.83663E+04  -2.95077E+04  -3.60918E+04
  4.72763E-03  3.52110E-10  1.11359E-03  9.94088E-01  7.07796E-05  2.07512E+05  -1.50714E+05  -6.83658E+04  -2.95072E+04  -3.60913E+04
  4.62763E-03  3.50716E-10  1.10848E-03  9.94193E-01  7.08896E-05  2.07408E+05  -1.50714E+05  -6.83653E+04  -2.95067E+04  -3.60908E+04
  4.52763E-03  3.49327E-10  1.10339E-03  9.94299E-01  6.99797E-05  2.07301E+05  -1.50713E+05  -6.83648E+04  -2.95062E+04  -3.60903E+04
  4.42763E-03  3.47944E-10  1.09832E-03  9.94405E-01  6.90497E-05  2.07192E+05  -1.50713E+05  -6.83643E+04  -2.95057E+04  -3.60898E+04
  4.32763E-03  3.46566E-10  1.09327E-03  9.94510E-01  6.90997E-05  2.07079E+05  -1.50712E+05  -6.83638E+04  -2.95052E+04  -3.60893E+04
  4.22763E-03  3.45194E-10  1.08825E-03  9.94615E-01  6.91197E-05  2.06963E+05  -1.50712E+05  -6.83633E+04  -2.95047E+04  -3.60888E+04
  4.12763E-03  3.43828E-10  1.08326E-03  9.94721E-01  6.81097E-05  2.06843E+05  -1.50711E+05  -6.83628E+04  -2.95042E+04  -3.60883E+04
  4.02763E-03  3.42468E-10  1.07828E-03  9.94826E-01  6.80897E-05  2.06720E+05  -1.50711E+05  -6.83623E+04  -2.95037E+04  -3.60878E+04
  3.92763E-03  3.41113E-10  1.07333E-03  9.94932E-01  6.70397E-05  2.06594E+05  -1.50710E+05  -6.83618E+04  -2.95032E+04  -3.60873E+04
  3.82763E-03  3.39764E-10  1.06840E-03  9.95037E-01  6.69697E-05  2.06463E+05  -1.50710E+05  -6.83613E+04  -2.95027E+04  -3.60868E+04
  3.72763E-03  3.38420E-10  1.06350E-03  9.95142E-01  6.68697E-05  2.06329E+05  -1.50709E+05  -6.83608E+04  -2.95022E+04  -3.60863E+04
  3.62763E-03  3.37082E-10  1.05862E-03  9.95248E-01  6.57497E-05  2.06190E+05  -1.50709E+05  -6.83603E+04  -2.95017E+04  -3.60858E+04
  3.52763E-03  3.35749E-10  1.05376E-03  9.95353E-01  6.56097E-05  2.06046E+05  -1.50708E+05  -6.83598E+04  -2.95012E+04  -3.60853E+04
  3.42763E-03  3.34422E-10  1.04892E-03  9.95458E-01  6.54497E-05  2.05898E+05  -1.50708E+05  -6.83593E+04  -2.95006E+04  -3.60847E+04
  3.32763E-03  3.33100E-10  1.04411E-03  9.95563E-01  6.52597E-05  2.05744E+05  -1.50707E+05  -6.83587E+04  -2.95001E+04  -3.60842E+04
  3.22763E-03  3.31784E-10  1.03931E-03  9.95669E-01  6.40597E-05  2.05585E+05  -1.50707E+05  -6.83582E+04  -2.94996E+04  -3.60837E+04
  3.12763E-03  3.30473E-10  1.03454E-03  9.95774E-01  6.38297E-05  2.05420E+05  -1.50706E+05  -6.83577E+04  -2.94991E+04  -3.60832E+04
  3.02763E-03  3.29168E-10  1.02980E-03  9.95879E-01  6.35697E-05  2.05249E+05  -1.50706E+05  -6.83572E+04  -2.94985E+04  -3.60827E+04
  2.92763E-03  3.27868E-10  1.02507E-03  9.95984E-01  6.32997E-05  2.05072E+05  -1.50705E+05  -6.83566E+04  -2.94980E+04  -3.60821E+04
  2.82763E-03  3.26573E-10  1.02037E-03  9.96089E-01  6.29997E-05  2.04887E+05  -1.50705E+05  -6.83561E+04  -2.94975E+04  -3.60816E+04
  2.72763E-03  3.25283E-10  1.01569E-03  9.96194E-01  6.26797E-05  2.04695E+05  -1.50704E+05  -6.83556E+04  -2.94969E+04  -3.60811E+04
  2.62763E-03  3.23999E-10  1.01103E-03  9.96299E-01  6.23397E-05  2.04495E+05  -1.50704E+05  -6.83550E+04  -2.94964E+04  -3.60805E+04
  2.52763E-03  3.22720E-10  1.00639E-03  9.96404E-01  6.19797E-05  2.04286E+05  -1.50703E+05  -6.83545E+04  -2.94959E+04  -3.60800E+04
  2.42763E-03  3.21447E-10  1.00177E-03  9.96509E-01  6.15997E-05  2.04068E+05  -1.50702E+05  -6.83539E+04  -2.94953E+04  -3.60794E+04
  2.32763E-03  3.20178E-10  9.97180E-04  9.96614E-01  6.11897E-05  2.03839E+05  -1.50702E+05  -6.83534E+04  -2.94948E+04  -3.60789E+04
  2.22763E-03  3.18915E-10  9.92606E-04  9.96719E-01  6.07637E-05  2.03599E+05  -1.50701E+05  -6.83528E+04  -2.94942E+04  -3.60783E+04
  2.12763E-03  3.17657E-10  9.88054E-04  9.96824E-01  6.03157E-05  2.03348E+05  -1.50701E+05  -6.83523E+04  -2.94937E+04  -3.60778E+04
  2.02763E-03  3.16404E-10  9.83524E-04  9.96929E-01  5.98457E-05  2.03082E+05  -1.50700E+05  -6.83517E+04  -2.94931E+04  -3.60772E+04
  1.92763E-03  3.15156E-10  9.79014E-04  9.97034E-01  5.93557E-05  2.02803E+05  -1.50700E+05  -6.83512E+04  -2.94926E+04  -3.60767E+04
  1.82763E-03  3.13913E-10  9.74525E-04  9.97139E-01  5.88447E-05  2.02507E+05  -1.50699E+05  -6.83506E+04  -2.94920E+04  -3.60761E+04
  1.72763E-03  3.12676E-10  9.70057E-04  9.97244E-01  5.83127E-05  2.02193E+05  -1.50699E+05  -6.83501E+04  -2.94915E+04  -3.60756E+04
  1.62763E-03  3.11443E-10  9.65610E-04  9.97348E-01  5.87597E-05  2.01858E+05  -1.50698E+05  -6.83495E+04  -2.94909E+04  -3.60750E+04
  1.52763E-03  3.10216E-10  9.61184E-04  9.97453E-01  5.81857E-05  2.01501E+05  -1.50697E+05  -6.83489E+04  -2.94903E+04  -3.60744E+04
  1.42763E-03  3.08993E-10  9.56778E-04  9.97558E-01  5.75917E-05  2.01118E+05  -1.50697E+05  -6.83483E+04  -2.94898E+04  -3.60739E+04
  1.32763E-03  3.07776E-10  9.52393E-04  9.97663E-01  5.69767E-05  2.00706E+05  -1.50696E+05  -6.83478E+04  -2.94892E+04  -3.60733E+04
  1.22763E-03  3.06563E-10  9.48028E-04  9.97767E-01  5.73417E-05  2.00259E+05  -1.50696E+05  -6.83472E+04  -2.94886E+04  -3.60727E+04
  1.12763E-03  3.05356E-10  9.43684E-04  9.97872E-01  5.66857E-05  1.99773E+05  -1.50695E+05  -6.83466E+04  -2.94881E+04  -3.60722E+04
  1.02763E-03  3.04153E-10  9.39360E-04  9.97977E-01  5.60097E-05  1.99239E+05  -1.50695E+05  -6.83460E+04  -2.94875E+04  -3.60716E+04
  9.27626E-04  3.02955E-10  9.35056E-04  9.98081E-01  5.63177E-05  1.98647E+05  -1.50694E+05  -6.83455E+04  -2.94869E+04  -3.60710E+04
  8.27626E-04  3.01762E-10  9.30772E-04  9.98186E-01  5.56017E-05  1.97986E+05  -1.50694E+05  -6.83449E+04  -2.94863E+04  -3.60704E+04
  7.27626E-04  3.00574E-10  9.26508E-04  9.98291E-01  5.48657E-05  1.97235E+05  -1.50693E+05  -6.83443E+04  -2.94857E+04  -3.60698E+04
  6.27626E-04  2.99390E-10  9.22265E-04  9.98395E-01  5.51087E-05  1.96371E+05  -1.50692E+05  -6.83437E+04  -2.94851E+04  -3.60693E+04
  5.27626E-04  2.98211E-10  9.18041E-04  9.98500E-01  5.43327E-05  1.95351E+05  -1.50692E+05  -6.83431E+04  -2.94846E+04  -3.60687E+04
  4.27626E-04  2.97037E-10  9.13837E-04  9.98604E-01  5.45367E-05  1.94112E+05  -1.50691E+05  -6.83425E+04  -2.94840E+04  -3.60681E+04
  3.27626E-04  2.95868E-10  9.09653E-04  9.98709E-01  5.37207E-05  1.92534E+05  -1.50691E+05  -6.83419E+04  -2.94834E+04  -3.60675E+04
  2.27626E-04  2.94702E-10  9.05489E-04  9.98813E-01  5.38847E-05  1.90369E+05  -1.50690E+05  -6.83413E+04  -2.94828E+04  -3.60669E+04
  1.27626E-04  2.93540E-10  9.01347E-04  9.98918E-01  5.30267E-05  1.86914E+05  -1.50690E+05  -6.83406E+04  -2.94822E+04  -3.60663E+04
  2.76265E-05  2.92378E-10  8.97232E-04  9.99022E-01  5.31412E-05  1.77737E+05  -1.50689E+05  -6.83399E+04  -2.94816E+04  -3.60657E+04
  1.00000E-06  2.92053E-10  8.96164E-04  9.99050E-01  5.28357E-05  1.57789E+05  -1.50689E+05  -6.83396E+04  -2.94814E+04  -3.60655E+04
