
 Phase Region for:
     FCC_A1
 col-1=X(C), col-2=X(SI), col-3=X(MN), col-4=X(CU), col-5=X(FE), col-6=MU(C), col-7=MU(SI), col-8=MU(MN), col-9=MU(CU), col-10=MU(FE),
  9.72763E-03  4.97616E-02  2.03517E-03  3.51898E-03  9.34957E-01  2.59589E+03  -1.38292E+05  -7.34076E+04  -2.90004E+04  -2.45363E+04
  1.07276E-02  4.97114E-02  2.03312E-03  3.51542E-03  9.34012E-01  3.26266E+03  -1.38187E+05  -7.34530E+04  -2.89291E+04  -2.45494E+04
  1.17276E-02  4.96611E-02  2.03106E-03  3.51187E-03  9.33068E-01  3.87711E+03  -1.38081E+05  -7.34986E+04  -2.88580E+04  -2.45626E+04
  1.27276E-02  4.96109E-02  2.02901E-03  3.50831E-03  9.32124E-01  4.44784E+03  -1.37975E+05  -7.35443E+04  -2.87872E+04  -2.45758E+04
  1.37276E-02  4.95606E-02  2.02695E-03  3.50476E-03  9.31180E-01  4.98151E+03  -1.37870E+05  -7.35902E+04  -2.87166E+04  -2.45892E+04
  1.47276E-02  4.95104E-02  2.02490E-03  3.50121E-03  9.30236E-01  5.48334E+03  -1.37764E+05  -7.36362E+04  -2.86462E+04  -2.46027E+04
  1.57276E-02  4.94601E-02  2.02284E-03  3.49765E-03  9.29292E-01  5.95755E+03  -1.37658E+05  -7.36824E+04  -2.85762E+04  -2.46162E+04
  1.67276E-02  4.94099E-02  2.02079E-03  3.49410E-03  9.28348E-01  6.40756E+03  -1.37552E+05  -7.37287E+04  -2.85063E+04  -2.46299E+04
  1.77276E-02  4.93596E-02  2.01873E-03  3.49055E-03  9.27404E-01  6.83621E+03  -1.37446E+05  -7.37752E+04  -2.84368E+04  -2.46436E+04
  1.87276E-02  4.93094E-02  2.01668E-03  3.48699E-03  9.26459E-01  7.24586E+03  -1.37340E+05  -7.38218E+04  -2.83675E+04  -2.46575E+04
  1.97276E-02  4.92591E-02  2.01462E-03  3.48344E-03  9.25515E-01  7.63850E+03  -1.37234E+05  -7.38685E+04  -2.82984E+04  -2.46715E+04
  2.07276E-02  4.92089E-02  2.01257E-03  3.47989E-03  9.24571E-01  8.01584E+03  -1.37128E+05  -7.39154E+04  -2.82297E+04  -2.46855E+04
  2.17276E-02  4.91586E-02  2.01051E-03  3.47633E-03  9.23627E-01  8.37933E+03  -1.37021E+05  -7.39625E+04  -2.81612E+04  -2.46997E+04
  2.27276E-02  4.91084E-02  2.00846E-03  3.47278E-03  9.22683E-01  8.73024E+03  -1.36915E+05  -7.40097E+04  -2.80929E+04  -2.47140E+04
  2.37276E-02  4.90581E-02  2.00640E-03  3.46923E-03  9.21739E-01  9.06966E+03  -1.36808E+05  -7.40570E+04  -2.80250E+04  -2.47283E+04
  2.47276E-02  4.90079E-02  2.00435E-03  3.46567E-03  9.20794E-01  9.39856E+03  -1.36702E+05  -7.41045E+04  -2.79573E+04  -2.47428E+04
  2.57276E-02  4.89576E-02  2.00229E-03  3.46212E-03  9.19850E-01  9.71778E+03  -1.36595E+05  -7.41522E+04  -2.78899E+04  -2.47574E+04
  2.67276E-02  4.89074E-02  2.00024E-03  3.45856E-03  9.18906E-01  1.00281E+04  -1.36489E+05  -7.42000E+04  -2.78228E+04  -2.47720E+04
  2.77276E-02  4.88571E-02  1.99818E-03  3.45501E-03  9.17962E-01  1.03301E+04  -1.36382E+05  -7.42479E+04  -2.77559E+04  -2.47868E+04
  2.87276E-02  4.88069E-02  1.99613E-03  3.45146E-03  9.17018E-01  1.06245E+04  -1.36275E+05  -7.42960E+04  -2.76894E+04  -2.48017E+04
  2.97276E-02  4.87566E-02  1.99407E-03  3.44790E-03  9.16074E-01  1.09118E+04  -1.36168E+05  -7.43443E+04  -2.76231E+04  -2.48167E+04
  3.07276E-02  4.87064E-02  1.99202E-03  3.44435E-03  9.15130E-01  1.11924E+04  -1.36062E+05  -7.43927E+04  -2.75571E+04  -2.48318E+04
  3.17276E-02  4.86561E-02  1.98996E-03  3.44080E-03  9.14186E-01  1.14668E+04  -1.35955E+05  -7.44413E+04  -2.74914E+04  -2.48470E+04
  3.27276E-02  4.86059E-02  1.98791E-03  3.43724E-03  9.13241E-01  1.17354E+04  -1.35847E+05  -7.44900E+04  -2.74260E+04  -2.48623E+04
  3.37276E-02  4.85556E-02  1.98585E-03  3.43369E-03  9.12297E-01  1.19986E+04  -1.35740E+05  -7.45389E+04  -2.73609E+04  -2.48777E+04
  3.47276E-02  4.85054E-02  1.98379E-03  3.43014E-03  9.11353E-01  1.22567E+04  -1.35633E+05  -7.45880E+04  -2.72961E+04  -2.48932E+04
  3.57276E-02  4.84551E-02  1.98174E-03  3.42658E-03  9.10409E-01  1.25099E+04  -1.35526E+05  -7.46372E+04  -2.72315E+04  -2.49089E+04
  3.67276E-02  4.84049E-02  1.97968E-03  3.42303E-03  9.09465E-01  1.27586E+04  -1.35419E+05  -7.46865E+04  -2.71673E+04  -2.49246E+04
  3.77276E-02  4.83546E-02  1.97763E-03  3.41948E-03  9.08521E-01  1.30030E+04  -1.35311E+05  -7.47361E+04  -2.71034E+04  -2.49405E+04
  3.87276E-02  4.83044E-02  1.97557E-03  3.41592E-03  9.07577E-01  1.32434E+04  -1.35204E+05  -7.47858E+04  -2.70398E+04  -2.49565E+04
  3.97276E-02  4.82541E-02  1.97352E-03  3.41237E-03  9.06632E-01  1.34799E+04  -1.35096E+05  -7.48356E+04  -2.69765E+04  -2.49725E+04
  4.07276E-02  4.82039E-02  1.97146E-03  3.40882E-03  9.05688E-01  1.37128E+04  -1.34989E+05  -7.48856E+04  -2.69135E+04  -2.49887E+04
  4.17276E-02  4.81536E-02  1.96941E-03  3.40526E-03  9.04744E-01  1.39422E+04  -1.34881E+05  -7.49358E+04  -2.68509E+04  -2.50050E+04
  4.27276E-02  4.81034E-02  1.96735E-03  3.40171E-03  9.03800E-01  1.41684E+04  -1.34773E+05  -7.49861E+04  -2.67885E+04  -2.50214E+04
  4.37276E-02  4.80531E-02  1.96530E-03  3.39815E-03  9.02856E-01  1.43914E+04  -1.34666E+05  -7.50366E+04  -2.67265E+04  -2.50380E+04
  4.47276E-02  4.80029E-02  1.96324E-03  3.39460E-03  9.01912E-01  1.46115E+04  -1.34558E+05  -7.50873E+04  -2.66648E+04  -2.50546E+04
  4.57276E-02  4.79526E-02  1.96119E-03  3.39105E-03  9.00968E-01  1.48288E+04  -1.34450E+05  -7.51381E+04  -2.66034E+04  -2.50714E+04
  4.67276E-02  4.79024E-02  1.95913E-03  3.38749E-03  9.00023E-01  1.50433E+04  -1.34342E+05  -7.51891E+04  -2.65423E+04  -2.50883E+04
  4.77276E-02  4.78521E-02  1.95708E-03  3.38394E-03  8.99079E-01  1.52553E+04  -1.34234E+05  -7.52403E+04  -2.64816E+04  -2.51053E+04
  4.87276E-02  4.78019E-02  1.95502E-03  3.38039E-03  8.98135E-01  1.54648E+04  -1.34126E+05  -7.52916E+04  -2.64211E+04  -2.51224E+04
  4.97276E-02  4.77516E-02  1.95297E-03  3.37683E-03  8.97191E-01  1.56720E+04  -1.34018E+05  -7.53431E+04  -2.63611E+04  -2.51396E+04
  5.07276E-02  4.77014E-02  1.95091E-03  3.37328E-03  8.96247E-01  1.58769E+04  -1.33910E+05  -7.53948E+04  -2.63013E+04  -2.51569E+04
  5.17276E-02  4.76511E-02  1.94886E-03  3.36973E-03  8.95303E-01  1.60796E+04  -1.33801E+05  -7.54466E+04  -2.62419E+04  -2.51744E+04
  5.27276E-02  4.76009E-02  1.94680E-03  3.36617E-03  8.94359E-01  1.62803E+04  -1.33693E+05  -7.54986E+04  -2.61829E+04  -2.51920E+04
  5.37276E-02  4.75506E-02  1.94475E-03  3.36262E-03  8.93414E-01  1.64790E+04  -1.33585E+05  -7.55508E+04  -2.61241E+04  -2.52097E+04
  5.47276E-02  4.75004E-02  1.94269E-03  3.35907E-03  8.92470E-01  1.66758E+04  -1.33476E+05  -7.56031E+04  -2.60658E+04  -2.52275E+04
  5.57276E-02  4.74501E-02  1.94064E-03  3.35551E-03  8.91526E-01  1.68708E+04  -1.33368E+05  -7.56557E+04  -2.60077E+04  -2.52455E+04
  5.67276E-02  4.73999E-02  1.93858E-03  3.35196E-03  8.90582E-01  1.70640E+04  -1.33259E+05  -7.57084E+04  -2.59501E+04  -2.52636E+04
  5.77276E-02  4.73496E-02  1.93653E-03  3.34841E-03  8.89638E-01  1.72556E+04  -1.33151E+05  -7.57612E+04  -2.58927E+04  -2.52818E+04
  5.87276E-02  4.72994E-02  1.93447E-03  3.34485E-03  8.88694E-01  1.74455E+04  -1.33042E+05  -7.58143E+04  -2.58358E+04  -2.53001E+04
  5.97276E-02  4.72491E-02  1.93242E-03  3.34130E-03  8.87750E-01  1.76339E+04  -1.32933E+05  -7.58675E+04  -2.57792E+04  -2.53185E+04
  6.07276E-02  4.71989E-02  1.93036E-03  3.33774E-03  8.86805E-01  1.78207E+04  -1.32825E+05  -7.59209E+04  -2.57229E+04  -2.53371E+04
  6.17276E-02  4.71486E-02  1.92831E-03  3.33419E-03  8.85861E-01  1.80062E+04  -1.32716E+05  -7.59745E+04  -2.56670E+04  -2.53558E+04
  6.27276E-02  4.70984E-02  1.92625E-03  3.33064E-03  8.84917E-01  1.81902E+04  -1.32607E+05  -7.60283E+04  -2.56115E+04  -2.53746E+04
  6.37276E-02  4.70481E-02  1.92420E-03  3.32708E-03  8.83973E-01  1.83729E+04  -1.32498E+05  -7.60822E+04  -2.55564E+04  -2.53935E+04
  6.47276E-02  4.69978E-02  1.92214E-03  3.32353E-03  8.83029E-01  1.85543E+04  -1.32389E+05  -7.61363E+04  -2.55016E+04  -2.54126E+04
  6.57276E-02  4.69476E-02  1.92008E-03  3.31998E-03  8.82085E-01  1.87345E+04  -1.32280E+05  -7.61906E+04  -2.54472E+04  -2.54318E+04
  6.67276E-02  4.68973E-02  1.91803E-03  3.31642E-03  8.81141E-01  1.89134E+04  -1.32171E+05  -7.62451E+04  -2.53932E+04  -2.54512E+04
  6.77276E-02  4.68471E-02  1.91597E-03  3.31287E-03  8.80196E-01  1.90912E+04  -1.32062E+05  -7.62997E+04  -2.53395E+04  -2.54706E+04
  6.87276E-02  4.67968E-02  1.91392E-03  3.30932E-03  8.79252E-01  1.92679E+04  -1.31952E+05  -7.63546E+04  -2.52863E+04  -2.54902E+04
  6.97276E-02  4.67466E-02  1.91186E-03  3.30576E-03  8.78308E-01  1.94435E+04  -1.31843E+05  -7.64096E+04  -2.52334E+04  -2.55100E+04
  7.07276E-02  4.66963E-02  1.90981E-03  3.30221E-03  8.77364E-01  1.96181E+04  -1.31734E+05  -7.64648E+04  -2.51809E+04  -2.55298E+04
  7.17276E-02  4.66461E-02  1.90775E-03  3.29866E-03  8.76420E-01  1.97916E+04  -1.31625E+05  -7.65202E+04  -2.51289E+04  -2.55498E+04
  7.27276E-02  4.65958E-02  1.90570E-03  3.29510E-03  8.75476E-01  1.99642E+04  -1.31515E+05  -7.65758E+04  -2.50772E+04  -2.55699E+04
  7.37276E-02  4.65456E-02  1.90364E-03  3.29155E-03  8.74532E-01  2.01358E+04  -1.31406E+05  -7.66316E+04  -2.50259E+04  -2.55902E+04
  7.47276E-02  4.64953E-02  1.90159E-03  3.28799E-03  8.73588E-01  2.03066E+04  -1.31296E+05  -7.66876E+04  -2.49750E+04  -2.56106E+04
  7.57276E-02  4.64451E-02  1.89953E-03  3.28444E-03  8.72643E-01  2.04764E+04  -1.31187E+05  -7.67437E+04  -2.49245E+04  -2.56311E+04
  7.67276E-02  4.63948E-02  1.89748E-03  3.28089E-03  8.71699E-01  2.06454E+04  -1.31077E+05  -7.68000E+04  -2.48744E+04  -2.56518E+04
  7.77276E-02  4.63446E-02  1.89542E-03  3.27733E-03  8.70755E-01  2.08136E+04  -1.30967E+05  -7.68566E+04  -2.48248E+04  -2.56726E+04
  7.87276E-02  4.62943E-02  1.89337E-03  3.27378E-03  8.69811E-01  2.09810E+04  -1.30858E+05  -7.69133E+04  -2.47755E+04  -2.56935E+04
  7.97276E-02  4.62441E-02  1.89131E-03  3.27023E-03  8.68867E-01  2.11476E+04  -1.30748E+05  -7.69702E+04  -2.47267E+04  -2.57146E+04
  8.07276E-02  4.61938E-02  1.88926E-03  3.26667E-03  8.67923E-01  2.13134E+04  -1.30638E+05  -7.70273E+04  -2.46783E+04  -2.57359E+04
  8.17276E-02  4.61436E-02  1.88720E-03  3.26312E-03  8.66978E-01  2.14786E+04  -1.30528E+05  -7.70846E+04  -2.46303E+04  -2.57572E+04
  8.27276E-02  4.60933E-02  1.88515E-03  3.25957E-03  8.66034E-01  2.16430E+04  -1.30418E+05  -7.71421E+04  -2.45827E+04  -2.57787E+04
  8.37276E-02  4.60431E-02  1.88309E-03  3.25601E-03  8.65090E-01  2.18068E+04  -1.30308E+05  -7.71998E+04  -2.45355E+04  -2.58004E+04
  8.47276E-02  4.59928E-02  1.88104E-03  3.25246E-03  8.64146E-01  2.19699E+04  -1.30198E+05  -7.72577E+04  -2.44888E+04  -2.58222E+04
  8.57276E-02  4.59426E-02  1.87898E-03  3.24891E-03  8.63202E-01  2.21324E+04  -1.30088E+05  -7.73158E+04  -2.44426E+04  -2.58441E+04
  8.67276E-02  4.58923E-02  1.87693E-03  3.24535E-03  8.62258E-01  2.22942E+04  -1.29978E+05  -7.73741E+04  -2.43967E+04  -2.58662E+04
  8.77276E-02  4.58421E-02  1.87487E-03  3.24180E-03  8.61314E-01  2.24555E+04  -1.29868E+05  -7.74326E+04  -2.43513E+04  -2.58884E+04
  8.87276E-02  4.57918E-02  1.87282E-03  3.23825E-03  8.60370E-01  2.26162E+04  -1.29758E+05  -7.74913E+04  -2.43064E+04  -2.59108E+04
  8.97276E-02  4.57416E-02  1.87076E-03  3.23469E-03  8.59425E-01  2.27763E+04  -1.29648E+05  -7.75502E+04  -2.42619E+04  -2.59333E+04
  9.07276E-02  4.56913E-02  1.86871E-03  3.23114E-03  8.58481E-01  2.29359E+04  -1.29537E+05  -7.76093E+04  -2.42179E+04  -2.59560E+04
  9.17276E-02  4.56411E-02  1.86665E-03  3.22758E-03  8.57537E-01  2.30950E+04  -1.29427E+05  -7.76686E+04  -2.41743E+04  -2.59788E+04
  9.27276E-02  4.55908E-02  1.86460E-03  3.22403E-03  8.56593E-01  2.32535E+04  -1.29317E+05  -7.77281E+04  -2.41311E+04  -2.60018E+04
  9.37276E-02  4.55406E-02  1.86254E-03  3.22048E-03  8.55649E-01  2.34116E+04  -1.29206E+05  -7.77878E+04  -2.40885E+04  -2.60249E+04
  9.47276E-02  4.54903E-02  1.86049E-03  3.21692E-03  8.54705E-01  2.35692E+04  -1.29096E+05  -7.78477E+04  -2.40463E+04  -2.60482E+04
  9.57276E-02  4.54401E-02  1.85843E-03  3.21337E-03  8.53761E-01  2.37264E+04  -1.28985E+05  -7.79078E+04  -2.40045E+04  -2.60716E+04
  9.67276E-02  4.53898E-02  1.85637E-03  3.20982E-03  8.52816E-01  2.38831E+04  -1.28875E+05  -7.79681E+04  -2.39633E+04  -2.60952E+04
  9.77276E-02  4.53396E-02  1.85432E-03  3.20626E-03  8.51872E-01  2.40393E+04  -1.28764E+05  -7.80287E+04  -2.39225E+04  -2.61189E+04
  9.87276E-02  4.52893E-02  1.85226E-03  3.20271E-03  8.50928E-01  2.41952E+04  -1.28654E+05  -7.80894E+04  -2.38822E+04  -2.61428E+04
  9.97276E-02  4.52391E-02  1.85021E-03  3.19916E-03  8.49984E-01  2.43506E+04  -1.28543E+05  -7.81504E+04  -2.38423E+04  -2.61668E+04
  1.00728E-01  4.51888E-02  1.84815E-03  3.19560E-03  8.49039E-01  2.45057E+04  -1.28432E+05  -7.82116E+04  -2.38030E+04  -2.61910E+04
  1.01728E-01  4.51386E-02  1.84610E-03  3.19205E-03  8.48095E-01  2.46604E+04  -1.28322E+05  -7.82730E+04  -2.37641E+04  -2.62154E+04
  1.02728E-01  4.50883E-02  1.84404E-03  3.18850E-03  8.47151E-01  2.48147E+04  -1.28211E+05  -7.83346E+04  -2.37258E+04  -2.62399E+04
  1.03728E-01  4.50381E-02  1.84199E-03  3.18494E-03  8.46207E-01  2.49687E+04  -1.28100E+05  -7.83964E+04  -2.36879E+04  -2.62646E+04
  1.04728E-01  4.49878E-02  1.83993E-03  3.18139E-03  8.45263E-01  2.51223E+04  -1.27989E+05  -7.84584E+04  -2.36506E+04  -2.62894E+04
  1.05728E-01  4.49376E-02  1.83788E-03  3.17784E-03  8.44319E-01  2.52756E+04  -1.27879E+05  -7.85207E+04  -2.36137E+04  -2.63144E+04
  1.06728E-01  4.48873E-02  1.83582E-03  3.17428E-03  8.43375E-01  2.54286E+04  -1.27768E+05  -7.85831E+04  -2.35774E+04  -2.63396E+04
  1.07728E-01  4.48371E-02  1.83377E-03  3.17073E-03  8.42430E-01  2.55813E+04  -1.27657E+05  -7.86458E+04  -2.35415E+04  -2.63649E+04
  1.08728E-01  4.47868E-02  1.83171E-03  3.16717E-03  8.41486E-01  2.57337E+04  -1.27546E+05  -7.87087E+04  -2.35062E+04  -2.63904E+04
  1.09728E-01  4.47366E-02  1.82966E-03  3.16362E-03  8.40542E-01  2.58857E+04  -1.27435E+05  -7.87719E+04  -2.34714E+04  -2.64160E+04
  1.10728E-01  4.46863E-02  1.82760E-03  3.16007E-03  8.39598E-01  2.60376E+04  -1.27324E+05  -7.88352E+04  -2.34371E+04  -2.64419E+04
  1.11728E-01  4.46361E-02  1.82555E-03  3.15651E-03  8.38654E-01  2.61891E+04  -1.27213E+05  -7.88988E+04  -2.34034E+04  -2.64678E+04
  1.12728E-01  4.45858E-02  1.82349E-03  3.15296E-03  8.37710E-01  2.63404E+04  -1.27102E+05  -7.89626E+04  -2.33702E+04  -2.64940E+04
  1.13728E-01  4.45356E-02  1.82144E-03  3.14941E-03  8.36766E-01  2.64914E+04  -1.26991E+05  -7.90266E+04  -2.33375E+04  -2.65203E+04
  1.14728E-01  4.44853E-02  1.81938E-03  3.14585E-03  8.35821E-01  2.66423E+04  -1.26880E+05  -7.90909E+04  -2.33053E+04  -2.65468E+04
  1.15728E-01  4.44351E-02  1.81733E-03  3.14230E-03  8.34877E-01  2.67928E+04  -1.26769E+05  -7.91553E+04  -2.32737E+04  -2.65735E+04
  1.16728E-01  4.43848E-02  1.81527E-03  3.13875E-03  8.33933E-01  2.69432E+04  -1.26657E+05  -7.92201E+04  -2.32427E+04  -2.66003E+04
  1.17728E-01  4.43346E-02  1.81322E-03  3.13519E-03  8.32989E-01  2.70933E+04  -1.26546E+05  -7.92850E+04  -2.32122E+04  -2.66273E+04
  1.18728E-01  4.42843E-02  1.81116E-03  3.13164E-03  8.32045E-01  2.72433E+04  -1.26435E+05  -7.93502E+04  -2.31822E+04  -2.66545E+04
  1.19728E-01  4.42341E-02  1.80911E-03  3.12809E-03  8.31101E-01  2.73930E+04  -1.26324E+05  -7.94156E+04  -2.31528E+04  -2.66819E+04
  1.20728E-01  4.41838E-02  1.80705E-03  3.12453E-03  8.30157E-01  2.75426E+04  -1.26212E+05  -7.94812E+04  -2.31240E+04  -2.67094E+04
  1.21728E-01  4.41336E-02  1.80500E-03  3.12098E-03  8.29212E-01  2.76919E+04  -1.26101E+05  -7.95471E+04  -2.30957E+04  -2.67371E+04
  1.22728E-01  4.40833E-02  1.80294E-03  3.11742E-03  8.28268E-01  2.78412E+04  -1.25990E+05  -7.96132E+04  -2.30680E+04  -2.67650E+04
  1.23728E-01  4.40331E-02  1.80089E-03  3.11387E-03  8.27324E-01  2.79902E+04  -1.25879E+05  -7.96795E+04  -2.30409E+04  -2.67931E+04
  1.24728E-01  4.39828E-02  1.79883E-03  3.11032E-03  8.26380E-01  2.81391E+04  -1.25767E+05  -7.97461E+04  -2.30144E+04  -2.68213E+04
  1.25728E-01  4.39326E-02  1.79677E-03  3.10676E-03  8.25436E-01  2.82878E+04  -1.25656E+05  -7.98129E+04  -2.29884E+04  -2.68497E+04
  1.26728E-01  4.38823E-02  1.79472E-03  3.10321E-03  8.24492E-01  2.84364E+04  -1.25544E+05  -7.98800E+04  -2.29631E+04  -2.68784E+04
  1.27728E-01  4.38321E-02  1.79266E-03  3.09966E-03  8.23548E-01  2.85848E+04  -1.25433E+05  -7.99473E+04  -2.29383E+04  -2.69072E+04
  1.28728E-01  4.37818E-02  1.79061E-03  3.09610E-03  8.22603E-01  2.87332E+04  -1.25322E+05  -8.00148E+04  -2.29141E+04  -2.69361E+04
  1.29728E-01  4.37316E-02  1.78855E-03  3.09255E-03  8.21659E-01  2.88814E+04  -1.25210E+05  -8.00826E+04  -2.28905E+04  -2.69653E+04
  1.30728E-01  4.36813E-02  1.78650E-03  3.08900E-03  8.20715E-01  2.90294E+04  -1.25099E+05  -8.01507E+04  -2.28676E+04  -2.69947E+04
  1.31728E-01  4.36311E-02  1.78444E-03  3.08544E-03  8.19771E-01  2.91774E+04  -1.24987E+05  -8.02189E+04  -2.28452E+04  -2.70242E+04
  1.32728E-01  4.35808E-02  1.78239E-03  3.08189E-03  8.18827E-01  2.93253E+04  -1.24876E+05  -8.02875E+04  -2.28235E+04  -2.70539E+04
  1.33728E-01  4.35306E-02  1.78033E-03  3.07834E-03  8.17883E-01  2.94730E+04  -1.24764E+05  -8.03562E+04  -2.28023E+04  -2.70838E+04
  1.34728E-01  4.34803E-02  1.77828E-03  3.07478E-03  8.16939E-01  2.96207E+04  -1.24653E+05  -8.04253E+04  -2.27818E+04  -2.71140E+04
  1.35728E-01  4.34301E-02  1.77622E-03  3.07123E-03  8.15994E-01  2.97683E+04  -1.24541E+05  -8.04946E+04  -2.27620E+04  -2.71443E+04
  1.36728E-01  4.33798E-02  1.77417E-03  3.06768E-03  8.15050E-01  2.99158E+04  -1.24430E+05  -8.05641E+04  -2.27427E+04  -2.71748E+04
  1.37728E-01  4.33296E-02  1.77211E-03  3.06412E-03  8.14106E-01  3.00632E+04  -1.24318E+05  -8.06339E+04  -2.27241E+04  -2.72054E+04
  1.38728E-01  4.32793E-02  1.77006E-03  3.06057E-03  8.13162E-01  3.02106E+04  -1.24207E+05  -8.07039E+04  -2.27061E+04  -2.72363E+04
  1.39728E-01  4.32291E-02  1.76800E-03  3.05701E-03  8.12218E-01  3.03579E+04  -1.24095E+05  -8.07742E+04  -2.26888E+04  -2.72674E+04
  1.40728E-01  4.31788E-02  1.76595E-03  3.05346E-03  8.11274E-01  3.05051E+04  -1.23983E+05  -8.08447E+04  -2.26722E+04  -2.72987E+04
  1.41728E-01  4.31286E-02  1.76389E-03  3.04991E-03  8.10330E-01  3.06523E+04  -1.23872E+05  -8.09156E+04  -2.26561E+04  -2.73302E+04
  1.42728E-01  4.30783E-02  1.76184E-03  3.04635E-03  8.09386E-01  3.07995E+04  -1.23760E+05  -8.09866E+04  -2.26408E+04  -2.73619E+04
  1.43728E-01  4.30281E-02  1.75978E-03  3.04280E-03  8.08441E-01  3.09466E+04  -1.23649E+05  -8.10580E+04  -2.26261E+04  -2.73938E+04
  1.44728E-01  4.29778E-02  1.75773E-03  3.03925E-03  8.07497E-01  3.10936E+04  -1.23537E+05  -8.11296E+04  -2.26121E+04  -2.74258E+04
  1.45728E-01  4.29276E-02  1.75567E-03  3.03569E-03  8.06553E-01  3.12407E+04  -1.23426E+05  -8.12014E+04  -2.25987E+04  -2.74581E+04
  1.46728E-01  4.28773E-02  1.75362E-03  3.03214E-03  8.05609E-01  3.13877E+04  -1.23314E+05  -8.12735E+04  -2.25861E+04  -2.74906E+04
  1.47728E-01  4.28271E-02  1.75156E-03  3.02859E-03  8.04665E-01  3.15347E+04  -1.23202E+05  -8.13459E+04  -2.25741E+04  -2.75233E+04
  1.48728E-01  4.27768E-02  1.74951E-03  3.02503E-03  8.03721E-01  3.16816E+04  -1.23091E+05  -8.14186E+04  -2.25628E+04  -2.75562E+04
  1.49728E-01  4.27266E-02  1.74745E-03  3.02148E-03  8.02776E-01  3.18286E+04  -1.22979E+05  -8.14915E+04  -2.25522E+04  -2.75894E+04
  1.50728E-01  4.26763E-02  1.74540E-03  3.01793E-03  8.01832E-01  3.19755E+04  -1.22868E+05  -8.15647E+04  -2.25423E+04  -2.76227E+04
  1.51728E-01  4.26261E-02  1.74334E-03  3.01437E-03  8.00888E-01  3.21224E+04  -1.22756E+05  -8.16382E+04  -2.25331E+04  -2.76562E+04
  1.52728E-01  4.25758E-02  1.74129E-03  3.01082E-03  7.99944E-01  3.22694E+04  -1.22644E+05  -8.17119E+04  -2.25247E+04  -2.76900E+04
  1.53728E-01  4.25256E-02  1.73923E-03  3.00726E-03  7.99000E-01  3.24163E+04  -1.22533E+05  -8.17859E+04  -2.25169E+04  -2.77240E+04
  1.54728E-01  4.24753E-02  1.73718E-03  3.00371E-03  7.98056E-01  3.25633E+04  -1.22421E+05  -8.18602E+04  -2.25099E+04  -2.77581E+04
  1.55728E-01  4.24251E-02  1.73512E-03  3.00016E-03  7.97112E-01  3.27103E+04  -1.22310E+05  -8.19348E+04  -2.25036E+04  -2.77925E+04
  1.56728E-01  4.23748E-02  1.73306E-03  2.99660E-03  7.96168E-01  3.28572E+04  -1.22198E+05  -8.20097E+04  -2.24980E+04  -2.78272E+04
  1.57728E-01  4.23246E-02  1.73101E-03  2.99305E-03  7.95223E-01  3.30042E+04  -1.22087E+05  -8.20848E+04  -2.24931E+04  -2.78620E+04
  1.58728E-01  4.22743E-02  1.72895E-03  2.98950E-03  7.94279E-01  3.31513E+04  -1.21975E+05  -8.21602E+04  -2.24890E+04  -2.78971E+04
  1.59728E-01  4.22241E-02  1.72690E-03  2.98594E-03  7.93335E-01  3.32983E+04  -1.21864E+05  -8.22359E+04  -2.24857E+04  -2.79324E+04
  1.60728E-01  4.21738E-02  1.72484E-03  2.98239E-03  7.92391E-01  3.34454E+04  -1.21752E+05  -8.23119E+04  -2.24831E+04  -2.79679E+04
  1.61728E-01  4.21236E-02  1.72279E-03  2.97884E-03  7.91447E-01  3.35926E+04  -1.21641E+05  -8.23881E+04  -2.24812E+04  -2.80036E+04
  1.62728E-01  4.20733E-02  1.72073E-03  2.97528E-03  7.90503E-01  3.37398E+04  -1.21529E+05  -8.24647E+04  -2.24801E+04  -2.80395E+04
  1.63728E-01  4.20231E-02  1.71868E-03  2.97173E-03  7.89558E-01  3.38870E+04  -1.21418E+05  -8.25415E+04  -2.24798E+04  -2.80757E+04
  1.64728E-01  4.19728E-02  1.71662E-03  2.96818E-03  7.88614E-01  3.40343E+04  -1.21306E+05  -8.26187E+04  -2.24803E+04  -2.81121E+04
  1.65728E-01  4.19226E-02  1.71457E-03  2.96462E-03  7.87670E-01  3.41816E+04  -1.21195E+05  -8.26961E+04  -2.24815E+04  -2.81488E+04
  1.66728E-01  4.18723E-02  1.71251E-03  2.96107E-03  7.86726E-01  3.43290E+04  -1.21083E+05  -8.27738E+04  -2.24835E+04  -2.81857E+04
  1.67728E-01  4.18221E-02  1.71046E-03  2.95752E-03  7.85782E-01  3.44764E+04  -1.20972E+05  -8.28518E+04  -2.24863E+04  -2.82228E+04
  1.68728E-01  4.17718E-02  1.70840E-03  2.95396E-03  7.84838E-01  3.46240E+04  -1.20861E+05  -8.29301E+04  -2.24900E+04  -2.82601E+04
  1.69728E-01  4.17216E-02  1.70635E-03  2.95041E-03  7.83894E-01  3.47715E+04  -1.20749E+05  -8.30087E+04  -2.24944E+04  -2.82977E+04
  1.70728E-01  4.16713E-02  1.70429E-03  2.94685E-03  7.82950E-01  3.49192E+04  -1.20638E+05  -8.30876E+04  -2.24996E+04  -2.83355E+04
  1.71728E-01  4.16211E-02  1.70224E-03  2.94330E-03  7.82005E-01  3.50669E+04  -1.20527E+05  -8.31668E+04  -2.25057E+04  -2.83736E+04
  1.72728E-01  4.15708E-02  1.70018E-03  2.93975E-03  7.81061E-01  3.52148E+04  -1.20415E+05  -8.32464E+04  -2.25125E+04  -2.84119E+04
  1.73728E-01  4.15206E-02  1.69813E-03  2.93619E-03  7.80117E-01  3.53627E+04  -1.20304E+05  -8.33262E+04  -2.25202E+04  -2.84504E+04
  1.74728E-01  4.14703E-02  1.69607E-03  2.93264E-03  7.79173E-01  3.55106E+04  -1.20193E+05  -8.34063E+04  -2.25287E+04  -2.84892E+04
  1.75728E-01  4.14201E-02  1.69402E-03  2.92909E-03  7.78229E-01  3.56587E+04  -1.20082E+05  -8.34867E+04  -2.25381E+04  -2.85282E+04
  1.76728E-01  4.13698E-02  1.69196E-03  2.92553E-03  7.77285E-01  3.58069E+04  -1.19971E+05  -8.35675E+04  -2.25483E+04  -2.85675E+04
  1.77728E-01  4.13195E-02  1.68991E-03  2.92198E-03  7.76341E-01  3.59552E+04  -1.19860E+05  -8.36485E+04  -2.25594E+04  -2.86070E+04
  1.78728E-01  4.12693E-02  1.68785E-03  2.91843E-03  7.75396E-01  3.61035E+04  -1.19749E+05  -8.37299E+04  -2.25713E+04  -2.86468E+04
  1.79728E-01  4.12190E-02  1.68580E-03  2.91487E-03  7.74452E-01  3.62520E+04  -1.19637E+05  -8.38115E+04  -2.25841E+04  -2.86868E+04
  1.80728E-01  4.11688E-02  1.68374E-03  2.91132E-03  7.73508E-01  3.64006E+04  -1.19526E+05  -8.38935E+04  -2.25977E+04  -2.87271E+04
  1.81728E-01  4.11185E-02  1.68169E-03  2.90777E-03  7.72564E-01  3.65493E+04  -1.19416E+05  -8.39758E+04  -2.26123E+04  -2.87676E+04
  1.82728E-01  4.10683E-02  1.67963E-03  2.90421E-03  7.71620E-01  3.66981E+04  -1.19305E+05  -8.40585E+04  -2.26277E+04  -2.88084E+04
  1.83728E-01  4.10180E-02  1.67758E-03  2.90066E-03  7.70676E-01  3.68470E+04  -1.19194E+05  -8.41414E+04  -2.26440E+04  -2.88494E+04
  1.84728E-01  4.09678E-02  1.67552E-03  2.89711E-03  7.69732E-01  3.69960E+04  -1.19083E+05  -8.42247E+04  -2.26612E+04  -2.88907E+04
  1.85728E-01  4.09175E-02  1.67346E-03  2.89355E-03  7.68787E-01  3.71452E+04  -1.18972E+05  -8.43083E+04  -2.26793E+04  -2.89323E+04
  1.86728E-01  4.08673E-02  1.67141E-03  2.89000E-03  7.67843E-01  3.72945E+04  -1.18861E+05  -8.43922E+04  -2.26983E+04  -2.89741E+04
  1.87728E-01  4.08170E-02  1.66935E-03  2.88644E-03  7.66899E-01  3.74439E+04  -1.18751E+05  -8.44764E+04  -2.27182E+04  -2.90162E+04
  1.88728E-01  4.07668E-02  1.66730E-03  2.88289E-03  7.65955E-01  3.75935E+04  -1.18640E+05  -8.45610E+04  -2.27391E+04  -2.90586E+04
  1.89728E-01  4.07165E-02  1.66524E-03  2.87934E-03  7.65011E-01  3.77431E+04  -1.18529E+05  -8.46459E+04  -2.27609E+04  -2.91012E+04
  1.90728E-01  4.06663E-02  1.66319E-03  2.87578E-03  7.64067E-01  3.78930E+04  -1.18419E+05  -8.47312E+04  -2.27836E+04  -2.91441E+04
  1.91728E-01  4.06160E-02  1.66113E-03  2.87223E-03  7.63123E-01  3.80429E+04  -1.18308E+05  -8.48167E+04  -2.28072E+04  -2.91872E+04
  1.92728E-01  4.05658E-02  1.65908E-03  2.86868E-03  7.62178E-01  3.81931E+04  -1.18198E+05  -8.49027E+04  -2.28318E+04  -2.92307E+04
  1.93728E-01  4.05155E-02  1.65702E-03  2.86512E-03  7.61234E-01  3.83433E+04  -1.18088E+05  -8.49889E+04  -2.28574E+04  -2.92744E+04
  1.94728E-01  4.04653E-02  1.65497E-03  2.86157E-03  7.60290E-01  3.84937E+04  -1.17977E+05  -8.50755E+04  -2.28839E+04  -2.93184E+04
  1.95728E-01  4.04150E-02  1.65291E-03  2.85802E-03  7.59346E-01  3.86443E+04  -1.17867E+05  -8.51624E+04  -2.29114E+04  -2.93626E+04
  1.96728E-01  4.03648E-02  1.65086E-03  2.85446E-03  7.58402E-01  3.87950E+04  -1.17757E+05  -8.52497E+04  -2.29399E+04  -2.94072E+04
  1.97728E-01  4.03145E-02  1.64880E-03  2.85091E-03  7.57458E-01  3.89459E+04  -1.17647E+05  -8.53373E+04  -2.29694E+04  -2.94520E+04
  1.98728E-01  4.02643E-02  1.64675E-03  2.84736E-03  7.56514E-01  3.90970E+04  -1.17537E+05  -8.54253E+04  -2.29998E+04  -2.94971E+04
  1.99728E-01  4.02140E-02  1.64469E-03  2.84380E-03  7.55570E-01  3.92482E+04  -1.17426E+05  -8.55136E+04  -2.30313E+04  -2.95425E+04
  2.00728E-01  4.01638E-02  1.64264E-03  2.84025E-03  7.54625E-01  3.93996E+04  -1.17317E+05  -8.56023E+04  -2.30637E+04  -2.95882E+04
  2.01728E-01  4.01135E-02  1.64058E-03  2.83669E-03  7.53681E-01  3.95511E+04  -1.17207E+05  -8.56913E+04  -2.30972E+04  -2.96342E+04
  2.02728E-01  4.00633E-02  1.63853E-03  2.83314E-03  7.52737E-01  3.97029E+04  -1.17097E+05  -8.57807E+04  -2.31317E+04  -2.96804E+04
  2.03728E-01  4.00130E-02  1.63647E-03  2.82959E-03  7.51793E-01  3.98548E+04  -1.16987E+05  -8.58704E+04  -2.31672E+04  -2.97270E+04
  2.04728E-01  3.99628E-02  1.63442E-03  2.82603E-03  7.50849E-01  4.00068E+04  -1.16877E+05  -8.59605E+04  -2.32038E+04  -2.97738E+04
  2.05728E-01  3.99125E-02  1.63236E-03  2.82248E-03  7.49905E-01  4.01591E+04  -1.16768E+05  -8.60510E+04  -2.32414E+04  -2.98209E+04
  2.06728E-01  3.98623E-02  1.63031E-03  2.81893E-03  7.48960E-01  4.03116E+04  -1.16658E+05  -8.61418E+04  -2.32801E+04  -2.98684E+04
  2.07728E-01  3.98120E-02  1.62825E-03  2.81537E-03  7.48016E-01  4.04642E+04  -1.16549E+05  -8.62330E+04  -2.33198E+04  -2.99161E+04
  2.08728E-01  3.97618E-02  1.62620E-03  2.81182E-03  7.47072E-01  4.06171E+04  -1.16440E+05  -8.63245E+04  -2.33606E+04  -2.99642E+04
  2.09728E-01  3.97115E-02  1.62414E-03  2.80827E-03  7.46128E-01  4.07701E+04  -1.16330E+05  -8.64164E+04  -2.34025E+04  -3.00125E+04
  2.10728E-01  3.96613E-02  1.62209E-03  2.80471E-03  7.45184E-01  4.09233E+04  -1.16221E+05  -8.65087E+04  -2.34454E+04  -3.00611E+04
  2.11728E-01  3.96110E-02  1.62003E-03  2.80116E-03  7.44240E-01  4.10767E+04  -1.16112E+05  -8.66014E+04  -2.34894E+04  -3.01101E+04
  2.12728E-01  3.95608E-02  1.61798E-03  2.79761E-03  7.43296E-01  4.12304E+04  -1.16003E+05  -8.66944E+04  -2.35346E+04  -3.01594E+04
  2.13728E-01  3.95105E-02  1.61592E-03  2.79405E-03  7.42352E-01  4.13842E+04  -1.15894E+05  -8.67879E+04  -2.35808E+04  -3.02089E+04
  2.14728E-01  3.94603E-02  1.61387E-03  2.79050E-03  7.41407E-01  4.15383E+04  -1.15785E+05  -8.68817E+04  -2.36282E+04  -3.02588E+04
  2.15728E-01  3.94100E-02  1.61181E-03  2.78695E-03  7.40463E-01  4.16925E+04  -1.15677E+05  -8.69758E+04  -2.36767E+04  -3.03090E+04
  2.16728E-01  3.93598E-02  1.60975E-03  2.78339E-03  7.39519E-01  4.18470E+04  -1.15568E+05  -8.70704E+04  -2.37263E+04  -3.03596E+04
  2.17728E-01  3.93095E-02  1.60770E-03  2.77984E-03  7.38575E-01  4.20017E+04  -1.15459E+05  -8.71653E+04  -2.37771E+04  -3.04104E+04
  2.18728E-01  3.92593E-02  1.60564E-03  2.77628E-03  7.37631E-01  4.21566E+04  -1.15351E+05  -8.72607E+04  -2.38290E+04  -3.04616E+04
  2.19728E-01  3.92090E-02  1.60359E-03  2.77273E-03  7.36687E-01  4.23117E+04  -1.15243E+05  -8.73564E+04  -2.38820E+04  -3.05131E+04
  2.20728E-01  3.91588E-02  1.60153E-03  2.76918E-03  7.35742E-01  4.24671E+04  -1.15134E+05  -8.74525E+04  -2.39363E+04  -3.05649E+04
  2.21728E-01  3.91085E-02  1.59948E-03  2.76562E-03  7.34798E-01  4.26226E+04  -1.15026E+05  -8.75490E+04  -2.39917E+04  -3.06170E+04
  2.22728E-01  3.90583E-02  1.59742E-03  2.76207E-03  7.33854E-01  4.27785E+04  -1.14918E+05  -8.76460E+04  -2.40483E+04  -3.06695E+04
  2.23728E-01  3.90080E-02  1.59537E-03  2.75852E-03  7.32910E-01  4.29345E+04  -1.14810E+05  -8.77433E+04  -2.41060E+04  -3.07223E+04
  2.24728E-01  3.89578E-02  1.59331E-03  2.75496E-03  7.31966E-01  4.30908E+04  -1.14702E+05  -8.78410E+04  -2.41650E+04  -3.07755E+04
  2.25728E-01  3.89075E-02  1.59126E-03  2.75141E-03  7.31022E-01  4.32473E+04  -1.14595E+05  -8.79391E+04  -2.42252E+04  -3.08290E+04
  2.26728E-01  3.88573E-02  1.58920E-03  2.74786E-03  7.30078E-01  4.34041E+04  -1.14487E+05  -8.80376E+04  -2.42866E+04  -3.08828E+04
  2.27728E-01  3.88070E-02  1.58715E-03  2.74430E-03  7.29134E-01  4.35611E+04  -1.14380E+05  -8.81365E+04  -2.43493E+04  -3.09370E+04
  2.28728E-01  3.87568E-02  1.58509E-03  2.74075E-03  7.28189E-01  4.37183E+04  -1.14272E+05  -8.82359E+04  -2.44131E+04  -3.09915E+04
  2.29728E-01  3.87065E-02  1.58304E-03  2.73720E-03  7.27245E-01  4.38758E+04  -1.14165E+05  -8.83356E+04  -2.44783E+04  -3.10463E+04
  2.30728E-01  3.86563E-02  1.58098E-03  2.73364E-03  7.26301E-01  4.40336E+04  -1.14058E+05  -8.84358E+04  -2.45446E+04  -3.11015E+04
  2.31728E-01  3.86060E-02  1.57893E-03  2.73009E-03  7.25357E-01  4.41916E+04  -1.13951E+05  -8.85364E+04  -2.46123E+04  -3.11571E+04
  2.32728E-01  3.85558E-02  1.57687E-03  2.72654E-03  7.24413E-01  4.43498E+04  -1.13844E+05  -8.86374E+04  -2.46812E+04  -3.12130E+04
  2.33728E-01  3.85055E-02  1.57482E-03  2.72298E-03  7.23469E-01  4.45083E+04  -1.13738E+05  -8.87388E+04  -2.47514E+04  -3.12692E+04
  2.34728E-01  3.84553E-02  1.57276E-03  2.71943E-03  7.22525E-01  4.46671E+04  -1.13631E+05  -8.88407E+04  -2.48229E+04  -3.13259E+04
  2.35728E-01  3.84050E-02  1.57071E-03  2.71587E-03  7.21580E-01  4.48262E+04  -1.13525E+05  -8.89430E+04  -2.48957E+04  -3.13828E+04
  2.36728E-01  3.83548E-02  1.56865E-03  2.71232E-03  7.20636E-01  4.49855E+04  -1.13418E+05  -8.90457E+04  -2.49698E+04  -3.14402E+04
  2.37728E-01  3.83045E-02  1.56660E-03  2.70877E-03  7.19692E-01  4.51451E+04  -1.13312E+05  -8.91488E+04  -2.50452E+04  -3.14979E+04
  2.38728E-01  3.82543E-02  1.56454E-03  2.70521E-03  7.18748E-01  4.53050E+04  -1.13206E+05  -8.92524E+04  -2.51220E+04  -3.15560E+04
  2.39728E-01  3.82040E-02  1.56249E-03  2.70166E-03  7.17804E-01  4.54651E+04  -1.13100E+05  -8.93565E+04  -2.52001E+04  -3.16144E+04
  2.40728E-01  3.81538E-02  1.56043E-03  2.69811E-03  7.16860E-01  4.56255E+04  -1.12995E+05  -8.94609E+04  -2.52795E+04  -3.16733E+04
  2.41728E-01  3.81035E-02  1.55838E-03  2.69455E-03  7.15916E-01  4.57862E+04  -1.12889E+05  -8.95658E+04  -2.53603E+04  -3.17325E+04
  2.42728E-01  3.80533E-02  1.55632E-03  2.69100E-03  7.14971E-01  4.59472E+04  -1.12784E+05  -8.96712E+04  -2.54425E+04  -3.17920E+04
  2.43728E-01  3.80030E-02  1.55427E-03  2.68745E-03  7.14027E-01  4.61085E+04  -1.12678E+05  -8.97770E+04  -2.55261E+04  -3.18520E+04
  2.44728E-01  3.79528E-02  1.55221E-03  2.68389E-03  7.13083E-01  4.62700E+04  -1.12573E+05  -8.98832E+04  -2.56111E+04  -3.19123E+04
  2.45728E-01  3.79025E-02  1.55015E-03  2.68034E-03  7.12139E-01  4.64319E+04  -1.12468E+05  -8.99899E+04  -2.56974E+04  -3.19730E+04
  2.46728E-01  3.78523E-02  1.54810E-03  2.67679E-03  7.11195E-01  4.65940E+04  -1.12364E+05  -9.00971E+04  -2.57852E+04  -3.20342E+04
  2.47728E-01  3.78020E-02  1.54604E-03  2.67323E-03  7.10251E-01  4.67565E+04  -1.12259E+05  -9.02047E+04  -2.58744E+04  -3.20957E+04
  2.48728E-01  3.77518E-02  1.54399E-03  2.66968E-03  7.09307E-01  4.69192E+04  -1.12154E+05  -9.03128E+04  -2.59650E+04  -3.21576E+04
  2.49728E-01  3.77015E-02  1.54193E-03  2.66612E-03  7.08362E-01  4.70823E+04  -1.12050E+05  -9.04213E+04  -2.60571E+04  -3.22199E+04
  2.50728E-01  3.76513E-02  1.53988E-03  2.66257E-03  7.07418E-01  4.72456E+04  -1.11946E+05  -9.05303E+04  -2.61507E+04  -3.22826E+04
  2.51728E-01  3.76010E-02  1.53782E-03  2.65902E-03  7.06474E-01  4.74093E+04  -1.11842E+05  -9.06398E+04  -2.62457E+04  -3.23457E+04
  2.52728E-01  3.75508E-02  1.53577E-03  2.65546E-03  7.05530E-01  4.75733E+04  -1.11738E+05  -9.07498E+04  -2.63422E+04  -3.24092E+04
  2.53728E-01  3.75005E-02  1.53371E-03  2.65191E-03  7.04586E-01  4.77376E+04  -1.11635E+05  -9.08602E+04  -2.64401E+04  -3.24731E+04
  2.54728E-01  3.74503E-02  1.53166E-03  2.64836E-03  7.03642E-01  4.79022E+04  -1.11532E+05  -9.09711E+04  -2.65396E+04  -3.25374E+04
  2.55728E-01  3.74000E-02  1.52960E-03  2.64480E-03  7.02698E-01  4.80671E+04  -1.11428E+05  -9.10825E+04  -2.66406E+04  -3.26021E+04
  2.56728E-01  3.73498E-02  1.52755E-03  2.64125E-03  7.01753E-01  4.82324E+04  -1.11325E+05  -9.11944E+04  -2.67431E+04  -3.26673E+04
  2.57728E-01  3.72995E-02  1.52549E-03  2.63770E-03  7.00809E-01  4.83980E+04  -1.11223E+05  -9.13068E+04  -2.68472E+04  -3.27328E+04
  2.58728E-01  3.72493E-02  1.52344E-03  2.63414E-03  6.99865E-01  4.85639E+04  -1.11120E+05  -9.14196E+04  -2.69528E+04  -3.27988E+04
  2.59728E-01  3.71990E-02  1.52138E-03  2.63059E-03  6.98921E-01  4.87301E+04  -1.11018E+05  -9.15330E+04  -2.70599E+04  -3.28652E+04
  2.60728E-01  3.71488E-02  1.51933E-03  2.62704E-03  6.97977E-01  4.88967E+04  -1.10915E+05  -9.16468E+04  -2.71686E+04  -3.29321E+04
  2.61728E-01  3.70985E-02  1.51727E-03  2.62348E-03  6.97033E-01  4.90636E+04  -1.10813E+05  -9.17611E+04  -2.72789E+04  -3.29994E+04
  2.62728E-01  3.70483E-02  1.51522E-03  2.61993E-03  6.96089E-01  4.92309E+04  -1.10712E+05  -9.18760E+04  -2.73908E+04  -3.30671E+04
  2.63728E-01  3.69980E-02  1.51316E-03  2.61638E-03  6.95144E-01  4.93985E+04  -1.10610E+05  -9.19914E+04  -2.75043E+04  -3.31352E+04
  2.64728E-01  3.69478E-02  1.51111E-03  2.61282E-03  6.94200E-01  4.95664E+04  -1.10509E+05  -9.21072E+04  -2.76195E+04  -3.32038E+04
  2.65728E-01  3.68975E-02  1.50905E-03  2.60927E-03  6.93256E-01  4.97347E+04  -1.10407E+05  -9.22236E+04  -2.77362E+04  -3.32728E+04
  2.66728E-01  3.68473E-02  1.50700E-03  2.60571E-03  6.92312E-01  4.99033E+04  -1.10307E+05  -9.23405E+04  -2.78546E+04  -3.33423E+04
  2.67728E-01  3.67970E-02  1.50494E-03  2.60216E-03  6.91368E-01  5.00723E+04  -1.10206E+05  -9.24579E+04  -2.79746E+04  -3.34122E+04
  2.68728E-01  3.67468E-02  1.50289E-03  2.59861E-03  6.90424E-01  5.02417E+04  -1.10105E+05  -9.25758E+04  -2.80964E+04  -3.34826E+04
  2.69728E-01  3.66965E-02  1.50083E-03  2.59505E-03  6.89480E-01  5.04114E+04  -1.10005E+05  -9.26943E+04  -2.82198E+04  -3.35535E+04
  2.70728E-01  3.66463E-02  1.49878E-03  2.59150E-03  6.88535E-01  5.05815E+04  -1.09905E+05  -9.28133E+04  -2.83448E+04  -3.36248E+04
  2.71728E-01  3.65960E-02  1.49672E-03  2.58795E-03  6.87591E-01  5.07519E+04  -1.09805E+05  -9.29328E+04  -2.84716E+04  -3.36965E+04
  2.72728E-01  3.65458E-02  1.49467E-03  2.58439E-03  6.86647E-01  5.09227E+04  -1.09706E+05  -9.30528E+04  -2.86001E+04  -3.37688E+04
  2.73728E-01  3.64955E-02  1.49261E-03  2.58084E-03  6.85703E-01  5.10939E+04  -1.09607E+05  -9.31734E+04  -2.87304E+04  -3.38414E+04
  2.74728E-01  3.64453E-02  1.49056E-03  2.57729E-03  6.84759E-01  5.12655E+04  -1.09508E+05  -9.32946E+04  -2.88624E+04  -3.39146E+04
  2.75728E-01  3.63950E-02  1.48850E-03  2.57373E-03  6.83815E-01  5.14374E+04  -1.09409E+05  -9.34162E+04  -2.89961E+04  -3.39883E+04
  2.76728E-01  3.63448E-02  1.48644E-03  2.57018E-03  6.82871E-01  5.16098E+04  -1.09310E+05  -9.35385E+04  -2.91316E+04  -3.40624E+04
  2.77728E-01  3.62945E-02  1.48439E-03  2.56663E-03  6.81926E-01  5.17825E+04  -1.09212E+05  -9.36612E+04  -2.92690E+04  -3.41370E+04
  2.78728E-01  3.62443E-02  1.48233E-03  2.56307E-03  6.80982E-01  5.19556E+04  -1.09114E+05  -9.37846E+04  -2.94081E+04  -3.42121E+04
  2.79728E-01  3.61940E-02  1.48028E-03  2.55952E-03  6.80038E-01  5.21290E+04  -1.09016E+05  -9.39085E+04  -2.95490E+04  -3.42877E+04
  2.80728E-01  3.61438E-02  1.47822E-03  2.55597E-03  6.79094E-01  5.23029E+04  -1.08919E+05  -9.40329E+04  -2.96917E+04  -3.43638E+04
  2.81728E-01  3.60935E-02  1.47617E-03  2.55241E-03  6.78150E-01  5.24772E+04  -1.08822E+05  -9.41580E+04  -2.98363E+04  -3.44403E+04
  2.82728E-01  3.60433E-02  1.47411E-03  2.54886E-03  6.77206E-01  5.26519E+04  -1.08725E+05  -9.42836E+04  -2.99827E+04  -3.45174E+04
  2.83728E-01  3.59930E-02  1.47206E-03  2.54530E-03  6.76262E-01  5.28270E+04  -1.08628E+05  -9.44097E+04  -3.01310E+04  -3.45950E+04
  2.84728E-01  3.59428E-02  1.47000E-03  2.54175E-03  6.75317E-01  5.30024E+04  -1.08532E+05  -9.45365E+04  -3.02812E+04  -3.46731E+04
  2.85728E-01  3.58925E-02  1.46795E-03  2.53820E-03  6.74373E-01  5.31783E+04  -1.08436E+05  -9.46638E+04  -3.04333E+04  -3.47517E+04
  2.86728E-01  3.58423E-02  1.46589E-03  2.53464E-03  6.73429E-01  5.33546E+04  -1.08340E+05  -9.47917E+04  -3.05873E+04  -3.48308E+04
  2.87728E-01  3.57920E-02  1.46384E-03  2.53109E-03  6.72485E-01  5.35314E+04  -1.08244E+05  -9.49202E+04  -3.07433E+04  -3.49105E+04
  2.88728E-01  3.57418E-02  1.46178E-03  2.52754E-03  6.71541E-01  5.37085E+04  -1.08149E+05  -9.50493E+04  -3.09011E+04  -3.49906E+04
  2.89728E-01  3.56915E-02  1.45973E-03  2.52398E-03  6.70597E-01  5.38861E+04  -1.08054E+05  -9.51790E+04  -3.10610E+04  -3.50713E+04
  2.90728E-01  3.56412E-02  1.45767E-03  2.52043E-03  6.69653E-01  5.40641E+04  -1.07960E+05  -9.53093E+04  -3.12228E+04  -3.51525E+04
  2.91728E-01  3.55910E-02  1.45562E-03  2.51688E-03  6.68709E-01  5.42425E+04  -1.07866E+05  -9.54402E+04  -3.13866E+04  -3.52343E+04
  2.92728E-01  3.55407E-02  1.45356E-03  2.51332E-03  6.67764E-01  5.44214E+04  -1.07772E+05  -9.55717E+04  -3.15523E+04  -3.53166E+04
  2.93728E-01  3.54905E-02  1.45151E-03  2.50977E-03  6.66820E-01  5.46006E+04  -1.07678E+05  -9.57039E+04  -3.17202E+04  -3.53995E+04
  2.94728E-01  3.54402E-02  1.44945E-03  2.50622E-03  6.65876E-01  5.47804E+04  -1.07585E+05  -9.58366E+04  -3.18900E+04  -3.54829E+04
  2.95728E-01  3.53900E-02  1.44740E-03  2.50266E-03  6.64932E-01  5.49605E+04  -1.07492E+05  -9.59700E+04  -3.20619E+04  -3.55668E+04
  2.96728E-01  3.53397E-02  1.44534E-03  2.49911E-03  6.63988E-01  5.51412E+04  -1.07399E+05  -9.61040E+04  -3.22359E+04  -3.56513E+04
  2.97728E-01  3.52895E-02  1.44329E-03  2.49555E-03  6.63044E-01  5.53222E+04  -1.07307E+05  -9.62386E+04  -3.24119E+04  -3.57364E+04
  2.98728E-01  3.52392E-02  1.44123E-03  2.49200E-03  6.62100E-01  5.55038E+04  -1.07215E+05  -9.63738E+04  -3.25900E+04  -3.58220E+04
  2.99728E-01  3.51890E-02  1.43918E-03  2.48845E-03  6.61155E-01  5.56857E+04  -1.07124E+05  -9.65097E+04  -3.27703E+04  -3.59082E+04
  2.99990E-01  3.51758E-02  1.43864E-03  2.48752E-03  6.60908E-01  5.57336E+04  -1.07100E+05  -9.65455E+04  -3.28179E+04  -3.59309E+04

 Phase Region for:
     FCC_A1
 col-1=X(C), col-2=X(SI), col-3=X(MN), col-4=X(CU), col-5=X(FE), col-6=MU(C), col-7=MU(SI), col-8=MU(MN), col-9=MU(CU), col-10=MU(FE),
  9.72763E-03  4.97616E-02  2.03517E-03  3.51898E-03  9.34957E-01  2.59589E+03  -1.38292E+05  -7.34076E+04  -2.90004E+04  -2.45363E+04
  8.72763E-03  4.98119E-02  2.03723E-03  3.52253E-03  9.35901E-01  1.86540E+03  -1.38398E+05  -7.33623E+04  -2.90720E+04  -2.45233E+04
  7.72763E-03  4.98621E-02  2.03928E-03  3.52608E-03  9.36845E-01  1.05561E+03  -1.38503E+05  -7.33171E+04  -2.91439E+04  -2.45104E+04
  6.72763E-03  4.99124E-02  2.04134E-03  3.52964E-03  9.37789E-01  1.44443E+02  -1.38608E+05  -7.32721E+04  -2.92159E+04  -2.44976E+04
  5.72763E-03  4.99626E-02  2.04339E-03  3.53319E-03  9.38733E-01  -9.00903E+02  -1.38714E+05  -7.32272E+04  -2.92883E+04  -2.44849E+04
  4.72763E-03  5.00129E-02  2.04545E-03  3.53674E-03  9.39677E-01  -2.13222E+03  -1.38819E+05  -7.31825E+04  -2.93608E+04  -2.44723E+04
  3.72763E-03  5.00631E-02  2.04751E-03  3.54030E-03  9.40621E-01  -3.63861E+03  -1.38924E+05  -7.31379E+04  -2.94336E+04  -2.44598E+04
  2.72763E-03  5.01134E-02  2.04956E-03  3.54385E-03  9.41566E-01  -5.59391E+03  -1.39029E+05  -7.30935E+04  -2.95066E+04  -2.44474E+04
  1.72763E-03  5.01636E-02  2.05162E-03  3.54740E-03  9.42510E-01  -8.41695E+03  -1.39134E+05  -7.30491E+04  -2.95799E+04  -2.44351E+04
  7.27626E-04  5.02139E-02  2.05367E-03  3.55096E-03  9.43454E-01  -1.36932E+04  -1.39239E+05  -7.30050E+04  -2.96534E+04  -2.44228E+04
  1.00000E-05  5.02499E-02  2.05515E-03  3.55351E-03  9.44131E-01  -3.95257E+04  -1.39314E+05  -7.29733E+04  -2.97063E+04  -2.44141E+04

 Phase Region for:
     FCC_A1#2
 col-1=X(C), col-2=X(SI), col-3=X(MN), col-4=X(CU), col-5=X(FE), col-6=MU(C), col-7=MU(SI), col-8=MU(MN), col-9=MU(CU), col-10=MU(FE),
  9.72763E-03  3.01693E-09  6.77238E-04  9.88900E-01  6.95129E-04  2.10582E+05  -1.39122E+05  -7.28434E+04  -2.95273E+04  -2.42709E+04
  1.07276E-02  3.14413E-09  7.09809E-04  9.87822E-01  7.40588E-04  2.10912E+05  -1.39125E+05  -7.28468E+04  -2.95307E+04  -2.42743E+04
  1.17276E-02  3.27724E-09  7.44004E-04  9.86739E-01  7.89393E-04  2.11186E+05  -1.39129E+05  -7.28500E+04  -2.95338E+04  -2.42775E+04
  1.27276E-02  3.41658E-09  7.79908E-04  9.85651E-01  8.41489E-04  2.11415E+05  -1.39131E+05  -7.28529E+04  -2.95366E+04  -2.42803E+04
  1.37276E-02  3.56249E-09  8.17610E-04  9.84557E-01  8.97786E-04  2.11604E+05  -1.39134E+05  -7.28554E+04  -2.95392E+04  -2.42829E+04
  1.47276E-02  3.71534E-09  8.57208E-04  9.83458E-01  9.57188E-04  2.11759E+05  -1.39136E+05  -7.28577E+04  -2.95414E+04  -2.42851E+04
  1.57276E-02  3.87554E-09  8.98802E-04  9.82353E-01  1.02059E-03  2.11883E+05  -1.39138E+05  -7.28596E+04  -2.95433E+04  -2.42871E+04
  1.67276E-02  4.04351E-09  9.42500E-04  9.81242E-01  1.08790E-03  2.11980E+05  -1.39140E+05  -7.28612E+04  -2.95449E+04  -2.42887E+04
  1.77276E-02  4.21971E-09  9.88417E-04  9.80123E-01  1.16098E-03  2.12053E+05  -1.39141E+05  -7.28625E+04  -2.95462E+04  -2.42900E+04
  1.87276E-02  4.40466E-09  1.03667E-03  9.78997E-01  1.23873E-03  2.12103E+05  -1.39142E+05  -7.28635E+04  -2.95471E+04  -2.42909E+04
  1.97276E-02  4.59888E-09  1.08740E-03  9.77863E-01  1.32200E-03  2.12133E+05  -1.39142E+05  -7.28641E+04  -2.95477E+04  -2.42915E+04
  2.07276E-02  4.80295E-09  1.14073E-03  9.76720E-01  1.41167E-03  2.12144E+05  -1.39143E+05  -7.28643E+04  -2.95479E+04  -2.42917E+04
  2.17276E-02  5.01753E-09  1.19681E-03  9.75569E-01  1.50658E-03  2.12138E+05  -1.39142E+05  -7.28642E+04  -2.95478E+04  -2.42916E+04
  2.27276E-02  5.24328E-09  1.25580E-03  9.74407E-01  1.60959E-03  2.12115E+05  -1.39142E+05  -7.28636E+04  -2.95473E+04  -2.42911E+04
  2.37276E-02  5.48098E-09  1.31786E-03  9.73235E-01  1.71953E-03  2.12076E+05  -1.39141E+05  -7.28627E+04  -2.95464E+04  -2.42901E+04
  2.47276E-02  5.73143E-09  1.38317E-03  9.72052E-01  1.83722E-03  2.12022E+05  -1.39140E+05  -7.28613E+04  -2.95450E+04  -2.42888E+04
  2.57276E-02  5.99554E-09  1.45192E-03  9.70857E-01  1.96347E-03  2.11954E+05  -1.39138E+05  -7.28596E+04  -2.95432E+04  -2.42870E+04
  2.67276E-02  6.27430E-09  1.52432E-03  9.69650E-01  2.09807E-03  2.11871E+05  -1.39136E+05  -7.28573E+04  -2.95410E+04  -2.42848E+04
  2.77276E-02  6.56879E-09  1.60058E-03  9.68428E-01  2.24381E-03  2.11775E+05  -1.39133E+05  -7.28546E+04  -2.95383E+04  -2.42821E+04
  2.87276E-02  6.88021E-09  1.68093E-03  9.67191E-01  2.40046E-03  2.11665E+05  -1.39130E+05  -7.28514E+04  -2.95351E+04  -2.42788E+04
  2.97276E-02  7.20988E-09  1.76563E-03  9.65939E-01  2.56776E-03  2.11542E+05  -1.39126E+05  -7.28477E+04  -2.95314E+04  -2.42751E+04
  3.07276E-02  7.55929E-09  1.85495E-03  9.64669E-01  2.74844E-03  2.11405E+05  -1.39122E+05  -7.28434E+04  -2.95272E+04  -2.42708E+04
  3.17276E-02  7.93007E-09  1.94919E-03  9.63380E-01  2.94320E-03  2.11255E+05  -1.39117E+05  -7.28385E+04  -2.95223E+04  -2.42660E+04
  3.27276E-02  8.32406E-09  2.04865E-03  9.62072E-01  3.15174E-03  2.11092E+05  -1.39112E+05  -7.28330E+04  -2.95169E+04  -2.42605E+04
  3.37276E-02  8.74330E-09  2.15370E-03  9.60741E-01  3.37769E-03  2.10915E+05  -1.39106E+05  -7.28269E+04  -2.95108E+04  -2.42544E+04
  3.47276E-02  9.19011E-09  2.26469E-03  9.59387E-01  3.62070E-03  2.10723E+05  -1.39099E+05  -7.28201E+04  -2.95040E+04  -2.42476E+04
  3.57276E-02  9.66712E-09  2.38204E-03  9.58007E-01  3.88335E-03  2.10518E+05  -1.39091E+05  -7.28125E+04  -2.94965E+04  -2.42400E+04
  3.67276E-02  1.01773E-08  2.50620E-03  9.56600E-01  4.16619E-03  2.10297E+05  -1.39083E+05  -7.28042E+04  -2.94882E+04  -2.42317E+04
  3.77276E-02  1.07240E-08  2.63766E-03  9.55162E-01  4.47273E-03  2.10060E+05  -1.39074E+05  -7.27950E+04  -2.94791E+04  -2.42225E+04
  3.87276E-02  1.13111E-08  2.77697E-03  9.53691E-01  4.80442E-03  2.09808E+05  -1.39064E+05  -7.27849E+04  -2.94690E+04  -2.42125E+04
  3.97276E-02  1.19430E-08  2.92471E-03  9.52184E-01  5.16368E-03  2.09538E+05  -1.39053E+05  -7.27738E+04  -2.94580E+04  -2.42014E+04
  4.07276E-02  1.26250E-08  3.08155E-03  9.50637E-01  5.55384E-03  2.09249E+05  -1.39041E+05  -7.27617E+04  -2.94459E+04  -2.41893E+04
  4.17276E-02  1.33631E-08  3.24824E-03  9.49047E-01  5.97715E-03  2.08942E+05  -1.39027E+05  -7.27484E+04  -2.94327E+04  -2.41760E+04
  4.27276E-02  1.41642E-08  3.42561E-03  9.47409E-01  6.43778E-03  2.08613E+05  -1.39013E+05  -7.27338E+04  -2.94182E+04  -2.41615E+04
  4.37276E-02  1.50368E-08  3.61459E-03  9.45718E-01  6.93979E-03  2.08262E+05  -1.38997E+05  -7.27179E+04  -2.94023E+04  -2.41455E+04
  4.47276E-02  1.59907E-08  3.81624E-03  9.43968E-01  7.48814E-03  2.07887E+05  -1.38980E+05  -7.27005E+04  -2.93850E+04  -2.41281E+04
  4.57276E-02  1.70378E-08  4.03177E-03  9.42152E-01  8.08861E-03  2.07485E+05  -1.38961E+05  -7.26814E+04  -2.93659E+04  -2.41090E+04
  4.67276E-02  1.81925E-08  4.26259E-03  9.40264E-01  8.74579E-03  2.07054E+05  -1.38940E+05  -7.26604E+04  -2.93450E+04  -2.40881E+04
  4.77276E-02  1.94724E-08  4.51031E-03  9.38293E-01  9.46907E-03  2.06591E+05  -1.38917E+05  -7.26373E+04  -2.93221E+04  -2.40651E+04
  4.87276E-02  2.08994E-08  4.77682E-03  9.36230E-01  1.02656E-02  2.06092E+05  -1.38892E+05  -7.26120E+04  -2.92968E+04  -2.40397E+04
  4.97276E-02  2.25008E-08  5.06438E-03  9.34060E-01  1.11480E-02  2.05553E+05  -1.38864E+05  -7.25839E+04  -2.92689E+04  -2.40117E+04
  5.07276E-02  2.43114E-08  5.37569E-03  9.31769E-01  1.21277E-02  2.04969E+05  -1.38833E+05  -7.25529E+04  -2.92380E+04  -2.39807E+04
  5.17276E-02  2.63764E-08  5.71402E-03  9.29338E-01  1.32204E-02  2.04332E+05  -1.38799E+05  -7.25184E+04  -2.92036E+04  -2.39463E+04
  5.27276E-02  2.87555E-08  6.08345E-03  9.26743E-01  1.44459E-02  2.03635E+05  -1.38760E+05  -7.24799E+04  -2.91652E+04  -2.39078E+04
  5.37276E-02  3.15293E-08  6.48913E-03  9.23954E-01  1.58292E-02  2.02868E+05  -1.38717E+05  -7.24366E+04  -2.91221E+04  -2.38645E+04
  5.47276E-02  3.48104E-08  6.93773E-03  9.20930E-01  1.74046E-02  2.02017E+05  -1.38668E+05  -7.23876E+04  -2.90732E+04  -2.38156E+04
  5.57276E-02  3.87609E-08  7.43819E-03  9.17619E-01  1.92152E-02  2.01063E+05  -1.38613E+05  -7.23316E+04  -2.90175E+04  -2.37597E+04
  5.67276E-02  4.36251E-08  8.00293E-03  9.13947E-01  2.13224E-02  1.99981E+05  -1.38548E+05  -7.22669E+04  -2.89530E+04  -2.36950E+04
  5.77276E-02  4.97929E-08  8.65016E-03  9.09802E-01  2.38202E-02  1.98732E+05  -1.38473E+05  -7.21909E+04  -2.88772E+04  -2.36191E+04
  5.87276E-02  5.79378E-08  9.40858E-03  9.05009E-01  2.68548E-02  1.97259E+05  -1.38381E+05  -7.20995E+04  -2.87861E+04  -2.35277E+04
  5.97276E-02  6.93653E-08  1.03285E-02  8.99262E-01  3.06818E-02  1.95454E+05  -1.38268E+05  -7.19855E+04  -2.86724E+04  -2.34138E+04
  6.07276E-02  8.71422E-08  1.15154E-02  8.91907E-01  3.58499E-02  1.93095E+05  -1.38117E+05  -7.18338E+04  -2.85212E+04  -2.32623E+04
  6.17276E-02  1.21828E-07  1.32847E-02  8.80994E-01  4.39936E-02  1.89523E+05  -1.37884E+05  -7.16000E+04  -2.82881E+04  -2.30286E+04

 Phase Region for:
     FCC_A1#2
 col-1=X(C), col-2=X(SI), col-3=X(MN), col-4=X(CU), col-5=X(FE), col-6=MU(C), col-7=MU(SI), col-8=MU(MN), col-9=MU(CU), col-10=MU(FE),
  9.72763E-03  3.01693E-09  6.77238E-04  9.88900E-01  6.95129E-04  2.10582E+05  -1.39122E+05  -7.28434E+04  -2.95273E+04  -2.42709E+04
  8.72763E-03  2.89532E-09  6.46209E-04  9.89974E-01  6.52158E-04  2.10187E+05  -1.39118E+05  -7.28396E+04  -2.95236E+04  -2.42671E+04
  7.72763E-03  2.77902E-09  6.16647E-04  9.91043E-01  6.12720E-04  2.09711E+05  -1.39114E+05  -7.28356E+04  -2.95197E+04  -2.42631E+04
  6.72763E-03  2.66778E-09  5.88478E-04  9.92109E-01  5.74889E-04  2.09131E+05  -1.39110E+05  -7.28312E+04  -2.95155E+04  -2.42588E+04
  5.72763E-03  2.56133E-09  5.61636E-04  9.93171E-01  5.39731E-04  2.08415E+05  -1.39106E+05  -7.28266E+04  -2.95110E+04  -2.42543E+04
  4.72763E-03  2.45944E-09  5.36056E-04  9.94229E-01  5.07312E-04  2.07511E+05  -1.39101E+05  -7.28217E+04  -2.95063E+04  -2.42494E+04
  3.72763E-03  2.36190E-09  5.11678E-04  9.95284E-01  4.76690E-04  2.06331E+05  -1.39096E+05  -7.28165E+04  -2.95013E+04  -2.42442E+04
  2.72763E-03  2.26848E-09  4.88445E-04  9.96337E-01  4.46923E-04  2.04700E+05  -1.39091E+05  -7.28110E+04  -2.94961E+04  -2.42388E+04
  1.72763E-03  2.17899E-09  4.66308E-04  9.97386E-01  4.20060E-04  2.02199E+05  -1.39086E+05  -7.28050E+04  -2.94906E+04  -2.42329E+04
  7.27626E-04  2.09322E-09  4.45236E-04  9.98432E-01  3.95136E-04  1.97244E+05  -1.39080E+05  -7.27983E+04  -2.94849E+04  -2.42265E+04
  1.00000E-05  2.03353E-09  4.31028E-04  9.99181E-01  3.77970E-04  1.71641E+05  -1.39077E+05  -7.27890E+04  -2.94806E+04  -2.42186E+04
